/*--------------------------------*- C++ -*----------------------------------*\
  =========                 |
  \\      /  F ield         | OpenFOAM: The Open Source CFD Toolbox
   \\    /   O peration     | Website:  https://openfoam.org
    \\  /    A nd           | Version:  13
     \\/     M anipulation  |
\*---------------------------------------------------------------------------*/
FoamFile
{
    format      ascii;
    class       surfaceScalarField;
    location    "0.4";
    object      phi;
}
// * * * * * * * * * * * * * * * * * * * * * * * * * * * * * * * * * * * * * //

dimensions      [0 3 -1 0 0 0 0];

internalField   nonuniform List<scalar> 
4432
(
-3.27388e-06
3.27388e-06
-2.43499e-06
-8.38892e-07
2.172e-06
-4.607e-06
8.53955e-06
-6.36756e-06
1.50578e-05
-6.51828e-06
2.0752e-05
-5.69419e-06
2.52837e-05
-4.53164e-06
2.87003e-05
-3.41667e-06
3.12027e-05
-2.50236e-06
3.30069e-05
-1.80423e-06
3.42766e-05
-1.26966e-06
3.50879e-05
-8.11358e-07
3.53997e-05
-3.11757e-07
3.49778e-05
4.21891e-07
3.33502e-05
1.62761e-06
2.98965e-05
3.4537e-06
2.37668e-05
6.12968e-06
1.43769e-05
9.38992e-06
3.04517e-06
1.13317e-05
-7.37094e-06
1.04161e-05
-1.61136e-05
8.74264e-06
-1.6592e-05
4.7844e-07
-1.6592e-05
-3.3406e-06
6.61448e-06
-2.1964e-06
-1.9831e-06
2.48107e-06
-9.28447e-06
8.85559e-06
-1.27421e-05
1.5324e-05
-1.29867e-05
2.09477e-05
-1.13179e-05
2.54182e-05
-9.00211e-06
2.88029e-05
-6.80139e-06
3.13123e-05
-5.01174e-06
3.31601e-05
-3.65207e-06
3.45002e-05
-2.60978e-06
3.54123e-05
-1.72344e-06
3.59347e-05
-8.34164e-07
3.61222e-05
2.3435e-07
3.60844e-05
1.66543e-06
3.56656e-05
3.87253e-06
3.42473e-05
7.54795e-06
3.01285e-05
1.35087e-05
2.08705e-05
2.05897e-05
6.22483e-06
2.50617e-05
-7.44956e-06
2.2417e-05
-9.01184e-06
2.04071e-06
-2.56039e-05
-3.02641e-06
9.64089e-06
-1.75553e-06
-3.25398e-06
2.99429e-06
-1.40343e-05
9.31343e-06
-1.90612e-05
1.56227e-05
-1.9296e-05
2.10476e-05
-1.67427e-05
2.534e-05
-1.32945e-05
2.86071e-05
-1.00685e-05
3.10737e-05
-7.47832e-06
3.29471e-05
-5.52544e-06
3.43647e-05
-4.02739e-06
3.53862e-05
-2.745e-06
3.59951e-05
-1.44302e-06
3.61474e-05
8.20269e-08
3.57652e-05
2.04764e-06
3.49314e-05
4.70633e-06
3.39834e-05
8.49596e-06
3.31312e-05
1.4361e-05
3.05823e-05
2.31386e-05
2.32542e-05
3.23898e-05
1.23191e-05
3.33521e-05
3.78633e-06
1.05735e-05
-2.18175e-05
-2.61314e-06
1.2254e-05
-1.08716e-06
-4.77997e-06
3.70516e-06
-1.88266e-05
9.91117e-06
-2.52672e-05
1.5983e-05
-2.53678e-05
2.11277e-05
-2.18875e-05
2.51828e-05
-1.73496e-05
2.83088e-05
-1.31945e-05
3.07431e-05
-9.91258e-06
3.26765e-05
-7.45885e-06
3.42179e-05
-5.56881e-06
3.53987e-05
-3.92576e-06
3.61917e-05
-2.23605e-06
3.65266e-05
-2.52885e-07
3.63233e-05
2.25095e-06
3.55323e-05
5.49731e-06
3.42826e-05
9.74565e-06
3.33053e-05
1.53383e-05
3.32758e-05
2.31681e-05
3.23618e-05
3.33039e-05
2.68531e-05
3.88608e-05
1.47651e-05
2.26615e-05
-7.05241e-06
-2.07666e-06
1.43307e-05
-1.67814e-07
-6.68882e-06
4.55954e-06
-2.3554e-05
1.05855e-05
-3.12932e-05
1.63627e-05
-3.1145e-05
2.11748e-05
-2.66996e-05
2.49577e-05
-2.11325e-05
2.7936e-05
-1.61728e-05
3.03572e-05
-1.23337e-05
3.23852e-05
-9.48684e-06
3.409e-05
-7.27362e-06
3.54683e-05
-5.30414e-06
3.64707e-05
-3.23839e-06
3.7025e-05
-8.07177e-07
3.70671e-05
2.20883e-06
3.65644e-05
5.99996e-06
3.55385e-05
1.07716e-05
3.42537e-05
1.6623e-05
3.3801e-05
2.36208e-05
3.46107e-05
3.24942e-05
3.25992e-05
4.08723e-05
2.07987e-05
3.44619e-05
1.37463e-05
-1.399e-06
1.57297e-05
7.44227e-07
-8.83205e-06
5.45019e-06
-2.82599e-05
1.12282e-05
-3.70713e-05
1.66867e-05
-3.66035e-05
2.1167e-05
-3.11799e-05
2.46937e-05
-2.46592e-05
2.75556e-05
-1.90347e-05
3.00043e-05
-1.47825e-05
3.21685e-05
-1.1651e-05
3.40724e-05
-9.17759e-06
3.56745e-05
-6.90621e-06
3.69011e-05
-4.465e-06
3.76731e-05
-1.57917e-06
3.79352e-05
1.9467e-06
3.76832e-05
6.25203e-06
3.69574e-05
1.14974e-05
3.58271e-05
1.77533e-05
3.46671e-05
2.47808e-05
3.45678e-05
3.25935e-05
3.3471e-05
4.19691e-05
2.33236e-05
4.46093e-05
3.70699e-05
-5.90229e-07
1.63199e-05
1.82397e-06
-1.12463e-05
6.33863e-06
-3.27746e-05
1.17598e-05
-4.24924e-05
1.68669e-05
-4.17106e-05
2.10392e-05
-3.53523e-05
2.43622e-05
-2.79822e-05
2.71727e-05
-2.18452e-05
2.97131e-05
-1.73229e-05
3.20673e-05
-1.40052e-05
3.42115e-05
-1.13218e-05
3.60675e-05
-8.7622e-06
3.75404e-05
-5.93789e-06
3.85437e-05
-2.58245e-06
3.90128e-05
1.47757e-06
3.89566e-05
6.30827e-06
3.84194e-05
1.20346e-05
3.75114e-05
1.86613e-05
3.61985e-05
2.60937e-05
3.49739e-05
3.38181e-05
3.33394e-05
4.36036e-05
2.5183e-05
5.27657e-05
6.22529e-05
4.12616e-07
1.59073e-05
3.21095e-06
-1.40446e-05
7.51629e-06
-3.70799e-05
1.24354e-05
-4.74115e-05
1.70542e-05
-4.63293e-05
2.08705e-05
-3.91686e-05
2.40075e-05
-3.11192e-05
2.68048e-05
-2.46425e-05
2.94679e-05
-1.99859e-05
3.20273e-05
-1.65646e-05
3.44151e-05
-1.37096e-05
3.65266e-05
-1.08737e-05
3.82536e-05
-7.66495e-06
3.95112e-05
-3.84001e-06
4.02545e-05
7.34302e-07
4.04411e-05
6.1216e-06
4.00815e-05
1.23942e-05
3.92996e-05
1.94432e-05
3.81055e-05
2.72878e-05
3.64181e-05
3.55056e-05
3.39577e-05
4.6064e-05
2.65494e-05
6.01739e-05
8.88024e-05
3.23398e-05
-3.23398e-05
4.66767e-05
-1.43367e-05
3.78961e-05
8.78056e-06
2.70136e-05
1.08826e-05
1.87765e-05
8.23711e-06
1.07462e-05
8.03046e-06
2.78473e-06
7.96128e-06
-4.07388e-06
6.85856e-06
-9.84549e-06
5.77176e-06
-1.44847e-05
4.63897e-06
-1.78037e-05
3.31902e-06
-1.99607e-05
2.1572e-06
-2.08285e-05
8.67873e-07
-2.02426e-05
-5.86027e-07
-1.82655e-05
-1.97688e-06
-1.49263e-05
-3.33923e-06
-1.01812e-05
-4.74521e-06
-4.32779e-06
-5.85326e-06
-4.3278e-06
3.12704e-05
-6.36104e-05
5.13512e-05
-3.44172e-05
4.46179e-05
1.55138e-05
2.988e-05
2.56207e-05
1.721e-05
2.09068e-05
6.80148e-06
1.84391e-05
-1.45201e-06
1.62148e-05
-7.34709e-06
1.27533e-05
-1.18171e-05
1.02419e-05
-1.52068e-05
8.02865e-06
-1.7382e-05
5.49417e-06
-1.86774e-05
3.4529e-06
-1.9073e-05
1.26362e-06
-1.83587e-05
-1.3004e-06
-1.65028e-05
-3.8326e-06
-1.34552e-05
-6.38679e-06
-9.106e-06
-9.09459e-06
-3.77168e-06
-1.11876e-05
-8.09946e-06
2.24001e-05
-8.60105e-05
4.79345e-05
-5.99515e-05
4.40924e-05
1.9356e-05
2.92488e-05
4.04645e-05
1.65978e-05
3.35576e-05
6.50736e-06
2.85297e-05
-1.22523e-06
2.39475e-05
-6.83512e-06
1.83629e-05
-1.14069e-05
1.48138e-05
-1.51957e-05
1.18176e-05
-1.77094e-05
8.00778e-06
-1.93421e-05
5.08582e-06
-1.99669e-05
1.88864e-06
-1.92947e-05
-1.9728e-06
-1.73742e-05
-5.75307e-06
-1.41774e-05
-9.58332e-06
-9.60021e-06
-1.36719e-05
-4.0013e-06
-1.67866e-05
-1.21006e-05
1.29121e-05
-9.89227e-05
4.23159e-05
-8.93554e-05
4.19656e-05
1.97063e-05
2.83732e-05
5.40569e-05
1.67848e-05
4.51458e-05
6.76719e-06
3.85473e-05
-1.236e-06
3.19507e-05
-7.10831e-06
2.4235e-05
-1.18249e-05
1.95303e-05
-1.5855e-05
1.5848e-05
-1.83625e-05
1.05152e-05
-2.00827e-05
6.80598e-06
-2.08765e-05
2.68271e-06
-2.02485e-05
-2.60079e-06
-1.83044e-05
-7.69717e-06
-1.49846e-05
-1.29029e-05
-1.01623e-05
-1.84943e-05
-4.25431e-06
-2.26948e-05
-1.63549e-05
1.02707e-05
-0.000109193
3.9369e-05
-0.000118454
3.74566e-05
2.16188e-05
2.61021e-05
6.54114e-05
1.62091e-05
5.50386e-05
6.09968e-06
4.86568e-05
-2.24137e-06
4.02919e-05
-8.09186e-06
3.00853e-05
-1.26117e-05
2.40499e-05
-1.68e-05
2.00365e-05
-1.91157e-05
1.2831e-05
-2.08745e-05
8.56471e-06
-2.18523e-05
3.6607e-06
-2.1251e-05
-3.20198e-06
-1.92637e-05
-9.68455e-06
-1.58136e-05
-1.63529e-05
-1.07272e-05
-2.35806e-05
-4.49694e-06
-2.89251e-05
-2.08518e-05
1.97452e-05
-0.000128939
4.09039e-05
-0.000139613
3.14084e-05
3.11144e-05
2.18142e-05
7.50058e-05
1.46295e-05
6.22231e-05
4.62055e-06
5.86656e-05
-3.81321e-06
4.87257e-05
-9.46218e-06
3.57343e-05
-1.3607e-05
2.81948e-05
-1.8035e-05
2.44645e-05
-2.00364e-05
1.48324e-05
-2.18078e-05
1.03361e-05
-2.30881e-05
4.9411e-06
-2.24954e-05
-3.79458e-06
-2.04456e-05
-1.17345e-05
-1.68181e-05
-1.99804e-05
-1.14032e-05
-2.89955e-05
-4.78345e-06
-3.55449e-05
-2.56351e-05
3.35761e-05
-0.000162514
4.1133e-05
-0.00014717
2.47279e-05
4.75195e-05
1.65666e-05
8.31673e-05
1.31851e-05
6.56046e-05
2.73285e-06
6.91177e-05
-5.90781e-06
5.73664e-05
-1.11921e-05
4.10184e-05
-1.4713e-05
3.17156e-05
-1.94278e-05
2.91794e-05
-2.09163e-05
1.6321e-05
-2.2763e-05
1.21827e-05
-2.45159e-05
6.69404e-06
-2.39245e-05
-4.3859e-06
-2.18587e-05
-1.38004e-05
-1.80541e-05
-2.37851e-05
-1.22366e-05
-3.48128e-05
-5.13837e-06
-4.26433e-05
-3.07735e-05
3.09676e-05
-0.000193482
2.64929e-05
-0.000142695
1.39552e-05
6.00572e-05
1.03977e-05
8.67249e-05
1.31518e-05
6.28505e-05
1.68978e-06
8.05797e-05
-7.33249e-06
6.63886e-05
-1.23507e-05
4.60367e-05
-1.56791e-05
3.5044e-05
-2.08094e-05
3.43097e-05
-2.17409e-05
1.72527e-05
-2.34404e-05
1.38821e-05
-2.58881e-05
9.14176e-06
-2.52848e-05
-4.9892e-06
-2.33171e-05
-1.57681e-05
-1.94999e-05
-2.76023e-05
-1.32684e-05
-4.10443e-05
-5.59583e-06
-5.03159e-05
-3.63694e-05
5.75607e-06
1.01512e-05
1.45328e-05
-2.28213e-05
2.3824e-05
-4.63711e-05
3.18117e-05
-5.53993e-05
3.87503e-05
-5.3268e-05
4.50443e-05
-4.54626e-05
5.10682e-05
-3.71431e-05
5.71158e-05
-3.06901e-05
6.32356e-05
-2.61058e-05
6.9251e-05
-2.25799e-05
7.48776e-05
-1.93362e-05
7.98445e-05
-1.58406e-05
8.3951e-05
-1.17715e-05
8.70736e-05
-6.96259e-06
8.91951e-05
-1.38727e-06
9.03811e-05
4.93562e-06
9.04952e-05
1.22801e-05
8.96241e-05
2.03143e-05
8.80287e-05
2.88832e-05
8.5643e-05
3.78913e-05
8.33649e-05
4.83421e-05
8.45098e-05
5.9029e-05
7.83062e-05
9.50059e-05
1.43241e-05
-4.17284e-06
3.16204e-05
-4.01176e-05
4.15774e-05
-5.63281e-05
4.37634e-05
-5.75853e-05
4.45741e-05
-5.40787e-05
4.76752e-05
-4.85637e-05
5.31248e-05
-4.25927e-05
5.98929e-05
-3.74583e-05
6.71097e-05
-3.33226e-05
7.4168e-05
-2.96381e-05
8.05631e-05
-2.57314e-05
8.59274e-05
-2.12049e-05
9.01134e-05
-1.59574e-05
9.32272e-05
-1.00764e-05
9.54177e-05
-3.57782e-06
9.65824e-05
3.77091e-06
9.6927e-05
1.19356e-05
9.66851e-05
2.05562e-05
9.65648e-05
2.90034e-05
9.67929e-05
3.76632e-05
9.82097e-05
4.69253e-05
0.000102376
5.48625e-05
6.68952e-05
0.000113787
2.56506e-05
-2.98234e-05
5.34386e-05
-6.79056e-05
6.11762e-05
-6.40657e-05
5.3519e-05
-4.99281e-05
4.63191e-05
-4.68787e-05
4.61108e-05
-4.83554e-05
5.10853e-05
-4.75672e-05
5.86525e-05
-4.50255e-05
6.71617e-05
-4.18318e-05
7.57946e-05
-3.8271e-05
8.4107e-05
-3.40438e-05
9.16496e-05
-2.87475e-05
9.79209e-05
-2.22286e-05
0.00010236
-1.4516e-05
0.000104662
-5.87937e-06
0.000104868
3.56452e-06
0.000102798
1.40061e-05
0.000100939
2.24156e-05
0.000100958
2.89839e-05
0.000102257
3.63645e-05
0.000104272
4.491e-05
0.00010637
5.27644e-05
6.05296e-05
0.000112736
3.57226e-05
-6.5546e-05
6.36791e-05
-9.58621e-05
5.58138e-05
-5.62004e-05
3.71859e-05
-3.13003e-05
2.61936e-05
-3.58864e-05
2.27389e-05
-4.49007e-05
2.27749e-05
-4.76032e-05
2.61432e-05
-4.83938e-05
3.16853e-05
-4.73739e-05
3.89958e-05
-4.55815e-05
4.85133e-05
-4.35613e-05
6.02045e-05
-4.04388e-05
7.33045e-05
-3.53286e-05
8.76073e-05
-2.88188e-05
0.000102209
-2.04809e-05
0.000112367
-6.59343e-06
0.00011635
1.00228e-05
0.000116968
2.17974e-05
0.000116642
2.93099e-05
0.000114431
3.85757e-05
0.000112452
4.68894e-05
0.000112183
5.30335e-05
5.84249e-05
0.000114287
2.34389e-05
-8.89849e-05
1.28038e-05
-8.52271e-05
4.04918e-06
-4.74457e-05
-2.00799e-06
-2.52431e-05
-4.63959e-06
-3.32548e-05
-8.05261e-06
-4.14877e-05
-1.28202e-05
-4.28356e-05
-1.76208e-05
-4.35932e-05
-2.1734e-05
-4.32606e-05
-2.31817e-05
-4.41336e-05
-2.12574e-05
-4.54855e-05
-1.75939e-05
-4.41022e-05
-1.47206e-05
-3.82019e-05
-1.47486e-05
-2.87909e-05
-2.35504e-05
-1.16791e-05
-8.91085e-06
-2.1233e-05
4.37476e-05
-4.26357e-05
9.12323e-05
-2.56873e-05
0.000111138
9.40416e-06
0.000117178
3.2536e-05
0.000119912
4.41552e-05
0.000122263
5.06824e-05
5.75232e-05
0.000123165
-2.05558e-05
-6.84291e-05
-3.50058e-05
-7.0777e-05
-3.26524e-05
-4.97991e-05
-1.66422e-05
-4.12533e-05
-1.101e-05
-3.88871e-05
-1.21015e-05
-4.03962e-05
-1.47983e-05
-4.01387e-05
-1.83989e-05
-3.99925e-05
-2.12303e-05
-4.0429e-05
-2.23828e-05
-4.29811e-05
-2.19454e-05
-4.59228e-05
-2.08602e-05
-4.51875e-05
-2.24222e-05
-3.66401e-05
-3.32268e-05
-1.79864e-05
-4.46053e-05
-3.00581e-07
-4.74665e-05
-1.83718e-05
-3.07601e-05
-5.93421e-05
-1.36427e-07
-5.6311e-05
4.6578e-05
-3.73103e-05
8.26572e-05
-3.5433e-06
9.78894e-05
2.8923e-05
0.0001142
3.43721e-05
4.74262e-05
0.000124297
-2.48232e-05
-4.36058e-05
-2.60382e-05
-6.9562e-05
-2.01932e-05
-5.56442e-05
-1.61911e-05
-4.52554e-05
-1.42523e-05
-4.08259e-05
-1.46104e-05
-4.0038e-05
-1.58758e-05
-3.88733e-05
-1.78121e-05
-3.8056e-05
-1.94319e-05
-3.88091e-05
-2.06713e-05
-4.17416e-05
-2.14163e-05
-4.51778e-05
-2.12216e-05
-4.53822e-05
-2.06002e-05
-3.72616e-05
-2.11463e-05
-1.74404e-05
-1.94828e-05
-1.96412e-06
-8.79819e-06
-2.90564e-05
2.66057e-06
-7.08008e-05
2.09871e-05
-7.46375e-05
5.57129e-05
-7.20362e-05
0.000104734
-5.25647e-05
0.000137745
-4.08803e-06
0.000135267
3.68504e-05
5.98303e-05
0.000122863
-9.94839e-06
-3.36574e-05
-1.28971e-05
-6.66132e-05
-1.44509e-05
-5.40904e-05
-1.3928e-05
-4.57783e-05
-1.29121e-05
-4.18418e-05
-1.27193e-05
-4.02309e-05
-1.31679e-05
-3.84246e-05
-1.43047e-05
-3.69192e-05
-1.61391e-05
-3.69746e-05
-1.87311e-05
-3.91497e-05
-2.16609e-05
-4.22481e-05
-2.36861e-05
-4.33571e-05
-2.29188e-05
-3.8029e-05
-1.67859e-05
-2.35733e-05
-3.00973e-06
-1.57403e-05
1.04431e-05
-4.25092e-05
1.11844e-05
-7.1542e-05
1.91037e-05
-8.25569e-05
3.62665e-05
-8.91991e-05
7.01273e-05
-8.64255e-05
0.00011264
-4.66011e-05
0.000138141
1.13498e-05
5.31572e-05
0.000144814
-5.7343e-06
-2.79231e-05
-9.57485e-06
-6.27727e-05
-1.08656e-05
-5.27998e-05
-1.12073e-05
-4.54366e-05
-1.08649e-05
-4.21842e-05
-1.07044e-05
-4.03913e-05
-1.07299e-05
-3.83991e-05
-1.12022e-05
-3.64469e-05
-1.25161e-05
-3.56607e-05
-1.48957e-05
-3.67702e-05
-1.79908e-05
-3.9153e-05
-2.04657e-05
-4.08824e-05
-1.91614e-05
-3.93334e-05
-9.38266e-06
-3.3352e-05
6.44801e-06
-3.15709e-05
1.20931e-05
-4.81543e-05
5.787e-06
-6.52359e-05
2.88264e-06
-7.96526e-05
4.70497e-06
-9.10215e-05
1.23351e-05
-9.40558e-05
3.92122e-05
-7.34783e-05
7.66951e-05
-2.61332e-05
2.16961e-05
0.000108156
-3.65528e-06
-2.42678e-05
-6.71566e-06
-5.97124e-05
-8.10866e-06
-5.14068e-05
-8.75049e-06
-4.47948e-05
-8.84585e-06
-4.20889e-05
-8.75949e-06
-4.04777e-05
-8.48506e-06
-3.86735e-05
-8.17252e-06
-3.67594e-05
-8.26614e-06
-3.55672e-05
-9.1986e-06
-3.58379e-05
-1.09156e-05
-3.74361e-05
-1.24835e-05
-3.93145e-05
-1.15663e-05
-4.02506e-05
-4.89759e-06
-4.00207e-05
4.67928e-06
-4.11477e-05
7.17265e-06
-5.06476e-05
4.63275e-06
-6.2696e-05
-8.154e-07
-7.42045e-05
-6.44933e-06
-8.53877e-05
-1.47312e-05
-8.57739e-05
-1.92869e-05
-6.89227e-05
-3.66226e-06
-4.17579e-05
-6.89336e-06
2.49272e-05
-2.05393e-06
-2.22139e-05
-4.52002e-06
-5.72463e-05
-6.034e-06
-4.98928e-05
-6.79686e-06
-4.4032e-05
-7.04622e-06
-4.18396e-05
-7.00167e-06
-4.05223e-05
-6.57785e-06
-3.90974e-05
-5.77714e-06
-3.75602e-05
-4.92513e-06
-3.64192e-05
-4.48766e-06
-3.62754e-05
-4.64385e-06
-3.728e-05
-4.96439e-06
-3.89939e-05
-4.39711e-06
-4.08178e-05
-1.83393e-06
-4.25838e-05
2.37366e-06
-4.53553e-05
3.0657e-06
-5.13397e-05
-9.35372e-07
-5.8695e-05
-9.0283e-06
-6.61117e-05
-1.8667e-05
-7.5749e-05
-2.78348e-05
-7.66061e-05
-3.30709e-05
-6.36865e-05
-2.83794e-05
-4.64494e-05
-2.42552e-05
-1.10175e-05
-1.20616e-06
-2.10077e-05
-3.134e-06
-5.53185e-05
-4.48643e-06
-4.85405e-05
-5.249e-06
-4.32695e-05
-5.59263e-06
-4.1496e-05
-5.61628e-06
-4.04987e-05
-5.25834e-06
-3.94554e-05
-4.44643e-06
-3.83722e-05
-3.34049e-06
-3.75252e-05
-2.31004e-06
-3.73058e-05
-1.65491e-06
-3.7935e-05
-1.36376e-06
-3.9285e-05
-1.17188e-06
-4.10096e-05
-7.50451e-07
-4.30052e-05
-5.13362e-07
-4.55924e-05
-2.38978e-06
-4.94633e-05
-7.2731e-06
-5.38118e-05
-1.56592e-05
-5.77256e-05
-2.88297e-05
-6.25785e-05
-4.21376e-05
-6.32981e-05
-4.9422e-05
-5.64022e-05
-4.93155e-05
-4.65558e-05
-3.45844e-05
-3.89863e-05
-7.19127e-07
-2.02886e-05
-2.22416e-06
-5.38135e-05
-3.38446e-06
-4.73802e-05
-4.08994e-06
-4.2564e-05
-4.45693e-06
-4.1129e-05
-4.56294e-06
-4.03927e-05
-4.37804e-06
-3.96403e-05
-3.84254e-06
-3.89077e-05
-3.011e-06
-3.83568e-05
-2.11974e-06
-3.8197e-05
-1.46537e-06
-3.85893e-05
-1.24349e-06
-3.95067e-05
-1.44351e-06
-4.08095e-05
-2.07879e-06
-4.23699e-05
-3.38322e-06
-4.4288e-05
-6.11004e-06
-4.67365e-05
-1.06314e-05
-4.92904e-05
-1.71113e-05
-5.12457e-05
-2.74112e-05
-5.22786e-05
-3.98181e-05
-5.08911e-05
-4.99282e-05
-4.62921e-05
-5.67186e-05
-3.97653e-05
-3.11496e-05
-6.01534e-05
-4.57855e-07
-1.98308e-05
-1.62508e-06
-5.26463e-05
-2.59203e-06
-4.64133e-05
-3.22229e-06
-4.19338e-05
-3.5923e-06
-4.0759e-05
-3.7582e-06
-4.02269e-05
-3.73022e-06
-3.96683e-05
-3.49543e-06
-3.91425e-05
-3.08177e-06
-3.87704e-05
-2.62279e-06
-3.86559e-05
-2.33502e-06
-3.8877e-05
-2.40023e-06
-3.94414e-05
-2.91774e-06
-4.02918e-05
-3.93266e-06
-4.13549e-05
-5.62211e-06
-4.25985e-05
-8.32129e-06
-4.40373e-05
-1.22575e-05
-4.53543e-05
-1.73821e-05
-4.6121e-05
-2.37323e-05
-4.59285e-05
-3.07242e-05
-4.38993e-05
-3.73993e-05
-3.96169e-05
-4.34286e-05
-3.3736e-05
-2.62505e-05
-4.83276e-05
-3.19578e-07
-1.95113e-05
-1.22014e-06
-5.17458e-05
-2.01612e-06
-4.56174e-05
-2.57074e-06
-4.13792e-05
-2.92884e-06
-4.0401e-05
-3.13512e-06
-4.00206e-05
-3.21303e-06
-3.95904e-05
-3.18055e-06
-3.91749e-05
-3.07443e-06
-3.88764e-05
-2.97726e-06
-3.8753e-05
-3.01584e-06
-3.88383e-05
-3.32198e-06
-3.91352e-05
-3.99855e-06
-3.96152e-05
-5.12146e-06
-4.0232e-05
-6.80453e-06
-4.09154e-05
-9.27064e-06
-4.15712e-05
-1.26395e-05
-4.19853e-05
-1.6903e-05
-4.18576e-05
-2.19912e-05
-4.08402e-05
-2.73646e-05
-3.85259e-05
-3.2238e-05
-3.47435e-05
-3.62434e-05
-2.97305e-05
-2.35311e-05
-3.89627e-05
-2.33804e-07
-1.92775e-05
-9.33451e-07
-5.10463e-05
-1.60019e-06
-4.49507e-05
-2.08089e-06
-4.08985e-05
-2.41674e-06
-4.00651e-05
-2.64447e-06
-3.97929e-05
-2.78592e-06
-3.94489e-05
-2.86694e-06
-3.90939e-05
-2.93034e-06
-3.8813e-05
-3.03414e-06
-3.86491e-05
-3.26014e-06
-3.86122e-05
-3.69519e-06
-3.87e-05
-4.42475e-06
-3.88855e-05
-5.53642e-06
-3.91203e-05
-7.09985e-06
-3.9352e-05
-9.22624e-06
-3.94448e-05
-1.1963e-05
-3.92485e-05
-1.52879e-05
-3.85327e-05
-1.90497e-05
-3.70784e-05
-2.29074e-05
-3.46682e-05
-2.64011e-05
-3.12498e-05
-2.92234e-05
-2.69082e-05
-2.17102e-05
-3.10442e-05
-1.69987e-07
-1.91075e-05
-7.27091e-07
-5.04892e-05
-1.28948e-06
-4.43883e-05
-1.70298e-06
-4.0485e-05
-2.0087e-06
-3.97593e-05
-2.24499e-06
-3.95565e-05
-2.42502e-06
-3.92689e-05
-2.57046e-06
-3.89484e-05
-2.71987e-06
-3.86635e-05
-2.92174e-06
-3.84472e-05
-3.23305e-06
-3.83008e-05
-3.71576e-06
-3.82172e-05
-4.4446e-06
-3.81566e-05
-5.46349e-06
-3.81013e-05
-6.8573e-06
-3.79581e-05
-8.65077e-06
-3.76513e-05
-1.08592e-05
-3.704e-05
-1.34373e-05
-3.59546e-05
-1.62378e-05
-3.42779e-05
-1.90311e-05
-3.18749e-05
-2.15318e-05
-2.87491e-05
-2.34824e-05
-2.49577e-05
-2.05236e-05
-2.46688e-05
-1.07375e-07
-1.90002e-05
-5.59269e-07
-5.00373e-05
-1.04648e-06
-4.39011e-05
-1.40157e-06
-4.01299e-05
-1.67484e-06
-3.9486e-05
-1.90406e-06
-3.93273e-05
-2.10296e-06
-3.907e-05
-2.28807e-06
-3.87633e-05
-2.48055e-06
-3.8471e-05
-2.72508e-06
-3.82026e-05
-3.0675e-06
-3.79583e-05
-3.55892e-06
-3.77257e-05
-4.22387e-06
-3.74916e-05
-5.12848e-06
-3.71967e-05
-6.30873e-06
-3.67778e-05
-7.7731e-06
-3.61869e-05
-9.53087e-06
-3.52822e-05
-1.1472e-05
-3.40135e-05
-1.35228e-05
-3.22272e-05
-1.55078e-05
-2.98899e-05
-1.72379e-05
-2.7019e-05
-1.85286e-05
-2.3667e-05
-1.98179e-05
-1.92343e-05
-3.60427e-08
-1.89642e-05
-4.22751e-07
-4.96506e-05
-8.48762e-07
-4.3475e-05
-1.15025e-06
-3.98283e-05
-1.38575e-06
-3.92505e-05
-1.59673e-06
-3.91162e-05
-1.7935e-06
-3.88732e-05
-1.98648e-06
-3.85704e-05
-2.19846e-06
-3.82591e-05
-2.45454e-06
-3.79465e-05
-2.78495e-06
-3.76278e-05
-3.22462e-06
-3.7286e-05
-3.81576e-06
-3.69005e-05
-4.58329e-06
-3.64292e-05
-5.53192e-06
-3.58292e-05
-6.6891e-06
-3.50297e-05
-7.98212e-06
-3.39892e-05
-9.42145e-06
-3.25741e-05
-1.08768e-05
-3.07718e-05
-1.2237e-05
-2.85298e-05
-1.33757e-05
-2.58803e-05
-1.41651e-05
-2.28776e-05
-1.94761e-05
-1.4507e-05
3.27525e-08
-1.89969e-05
-3.03671e-07
-4.93142e-05
-6.80218e-07
-4.30985e-05
-9.30336e-07
-3.95781e-05
-1.12557e-06
-3.90551e-05
-1.30843e-06
-3.89333e-05
-1.48656e-06
-3.8695e-05
-1.66691e-06
-3.839e-05
-1.86434e-06
-3.80616e-05
-2.0979e-06
-3.77129e-05
-2.39098e-06
-3.73347e-05
-2.7661e-06
-3.69108e-05
-3.248e-06
-3.64186e-05
-3.8531e-06
-3.58241e-05
-4.57464e-06
-3.51076e-05
-5.42244e-06
-3.41819e-05
-6.3859e-06
-3.30257e-05
-7.37095e-06
-3.15891e-05
-8.34512e-06
-2.97977e-05
-9.2177e-06
-2.76572e-05
-9.89599e-06
-2.52021e-05
-1.02943e-05
-2.24794e-05
-1.94247e-05
-1.03459e-05
1.16088e-07
-1.9113e-05
-1.93743e-07
-4.90044e-05
-5.2959e-07
-4.27626e-05
-7.30329e-07
-3.93773e-05
-8.82636e-07
-3.89027e-05
-1.03003e-06
-3.87859e-05
-1.17716e-06
-3.85478e-05
-1.32738e-06
-3.82397e-05
-1.4906e-06
-3.78983e-05
-1.68067e-06
-3.75227e-05
-1.91283e-06
-3.71025e-05
-2.20131e-06
-3.66224e-05
-2.5594e-06
-3.60606e-05
-2.99384e-06
-3.53898e-05
-3.51494e-06
-3.45866e-05
-4.09273e-06
-3.36041e-05
-4.71621e-06
-3.24022e-05
-5.35482e-06
-3.09504e-05
-5.94235e-06
-2.92101e-05
-6.42045e-06
-2.71792e-05
-6.72675e-06
-2.48959e-05
-6.81062e-06
-2.23956e-05
-1.96188e-05
-6.6166e-06
2.0427e-07
-1.93173e-05
-8.95075e-08
-4.87106e-05
-3.88717e-07
-4.24633e-05
-5.41467e-07
-3.92245e-05
-6.49052e-07
-3.8795e-05
-7.55834e-07
-3.8679e-05
-8.63501e-07
-3.84401e-05
-9.71856e-07
-3.81313e-05
-1.0866e-06
-3.77835e-05
-1.21822e-06
-3.73911e-05
-1.37605e-06
-3.69446e-05
-1.5663e-06
-3.64322e-05
-1.79592e-06
-3.58311e-05
-2.06697e-06
-3.51188e-05
-2.38199e-06
-3.42716e-05
-2.72763e-06
-3.32585e-05
-3.0793e-06
-3.20506e-05
-3.40679e-06
-3.06229e-05
-3.66695e-06
-2.895e-05
-3.81723e-06
-2.7029e-05
-3.81222e-06
-2.4901e-05
-3.63115e-06
-2.25767e-05
-2.00215e-05
-3.22854e-06
2.92297e-07
-1.96096e-05
1.03061e-08
-4.84287e-05
-2.50928e-07
-4.22021e-05
-3.5692e-07
-3.91184e-05
-4.19049e-07
-3.87328e-05
-4.81947e-07
-3.8616e-05
-5.45838e-07
-3.83761e-05
-6.07985e-07
-3.80691e-05
-6.71949e-07
-3.77195e-05
-7.37141e-07
-3.73258e-05
-8.07823e-07
-3.68739e-05
-8.94501e-07
-3.63455e-05
-9.98949e-07
-3.57267e-05
-1.11954e-06
-3.49982e-05
-1.25036e-06
-3.41408e-05
-1.37586e-06
-3.3133e-05
-1.47625e-06
-3.19502e-05
-1.53048e-06
-3.05687e-05
-1.51085e-06
-2.89697e-05
-1.38817e-06
-2.71518e-05
-1.14204e-06
-2.51471e-05
-7.04836e-07
-2.30139e-05
-2.06217e-05
-1.04644e-07
3.77858e-07
-1.99875e-05
1.12097e-07
-4.8163e-05
-1.14753e-07
-4.19752e-05
-1.7066e-07
-3.90624e-05
-1.9045e-07
-3.8713e-05
-2.09793e-07
-3.85967e-05
-2.20924e-07
-3.8365e-05
-2.24346e-07
-3.80657e-05
-2.19826e-07
-3.7724e-05
-2.10652e-07
-3.7335e-05
-1.98562e-07
-3.6886e-05
-1.81973e-07
-3.63621e-05
-1.60072e-07
-3.57486e-05
-1.29317e-07
-3.5029e-05
-8.34209e-08
-3.41867e-05
-1.18797e-08
-3.32045e-05
1.016e-07
-3.20636e-05
2.78404e-07
-3.07455e-05
5.4224e-07
-2.92336e-05
9.15326e-07
-2.75249e-05
1.41841e-06
-2.56503e-05
2.04192e-06
-2.36374e-05
-2.1403e-05
2.82328e-06
4.60265e-07
-2.04478e-05
2.25089e-07
-4.79279e-05
4.73215e-08
-4.17975e-05
2.94291e-08
-3.90445e-05
5.41832e-08
-3.87377e-05
8.19764e-08
-3.86245e-05
1.17061e-07
-3.84002e-05
1.66517e-07
-3.81152e-05
2.31463e-07
-3.77889e-05
3.11895e-07
-3.74153e-05
4.08893e-07
-3.6983e-05
5.25228e-07
-3.64784e-05
6.64544e-07
-3.58879e-05
8.324e-07
-3.51968e-05
1.03651e-06
-3.43909e-05
1.2873e-06
-3.34554e-05
1.59871e-06
-3.23751e-05
1.98773e-06
-3.11347e-05
2.47242e-06
-2.97184e-05
3.06797e-06
-2.81205e-05
3.78265e-06
-2.63649e-05
4.61719e-06
-2.4472e-05
-2.23744e-05
5.58854e-06
5.42291e-07
-2.09902e-05
3.48475e-07
-4.77342e-05
2.13888e-07
-4.16629e-05
2.3734e-07
-3.9068e-05
3.02307e-07
-3.88027e-05
3.73886e-07
-3.86961e-05
4.58114e-07
-3.84845e-05
5.6148e-07
-3.82186e-05
6.86875e-07
-3.79143e-05
8.36797e-07
-3.75652e-05
1.01457e-06
-3.71606e-05
1.2248e-06
-3.66885e-05
1.47324e-06
-3.61362e-05
1.76725e-06
-3.54908e-05
2.1157e-06
-3.47393e-05
2.52906e-06
-3.38688e-05
3.01964e-06
-3.28657e-05
3.60126e-06
-3.17163e-05
4.28797e-06
-3.04052e-05
5.0902e-06
-2.89227e-05
6.01e-06
-2.72847e-05
7.04827e-06
-2.55102e-05
-2.35425e-05
8.21635e-06
6.30658e-07
-2.16209e-05
4.83658e-07
-4.75873e-05
3.8965e-07
-4.1569e-05
4.51126e-07
-3.91296e-05
5.55601e-07
-3.89073e-05
6.70793e-07
-3.88114e-05
8.03411e-07
-3.86172e-05
9.60194e-07
-3.83755e-05
1.1452e-06
-3.80993e-05
1.36263e-06
-3.77826e-05
1.61756e-06
-3.74155e-05
1.91633e-06
-3.69872e-05
2.26645e-06
-3.64863e-05
2.67683e-06
-3.59011e-05
3.15751e-06
-3.522e-05
3.7194e-06
-3.44307e-05
4.37413e-06
-3.35206e-05
5.13374e-06
-3.2476e-05
6.0098e-06
-3.12813e-05
7.01002e-06
-2.99229e-05
8.1329e-06
-2.84075e-05
9.37748e-06
-2.67547e-05
-2.49181e-05
1.0753e-05
7.31399e-07
-2.23524e-05
6.25562e-07
-4.74815e-05
5.64613e-07
-4.15081e-05
6.62221e-07
-3.92272e-05
8.0582e-07
-3.9051e-05
9.64388e-07
-3.89701e-05
1.14529e-06
-3.87982e-05
1.35563e-06
-3.85859e-05
1.60038e-06
-3.83441e-05
1.88491e-06
-3.8067e-05
2.21572e-06
-3.77462e-05
2.60051e-06
-3.73719e-05
3.04832e-06
-3.6934e-05
3.56942e-06
-3.64222e-05
4.17513e-06
-3.58257e-05
4.87738e-06
-3.5133e-05
5.68822e-06
-3.43315e-05
6.61949e-06
-3.34074e-05
7.68216e-06
-3.2344e-05
8.88349e-06
-3.11242e-05
1.02211e-05
-2.97451e-05
1.16915e-05
-2.82251e-05
-2.65281e-05
1.33016e-05
8.46949e-07
-2.31994e-05
7.63887e-07
-4.73985e-05
7.25566e-07
-4.14699e-05
8.5793e-07
-3.93596e-05
1.03973e-06
-3.92328e-05
1.24048e-06
-3.91709e-05
1.46885e-06
-3.90266e-05
1.73247e-06
-3.88495e-05
2.03713e-06
-3.86487e-05
2.38915e-06
-3.8419e-05
2.7961e-06
-3.81531e-05
3.26683e-06
-3.78425e-05
3.81163e-06
-3.74787e-05
4.44217e-06
-3.70527e-05
5.17127e-06
-3.65548e-05
6.01251e-06
-3.59743e-05
6.97968e-06
-3.52988e-05
8.08632e-06
-3.45141e-05
9.34524e-06
-3.36029e-05
1.07663e-05
-3.25452e-05
1.23504e-05
-3.13291e-05
1.40931e-05
-2.99677e-05
-2.84335e-05
1.59985e-05
9.75862e-07
-2.41753e-05
8.85804e-07
-4.73085e-05
8.58164e-07
-4.14422e-05
1.02264e-06
-3.95241e-05
1.23895e-06
-3.94491e-05
1.47752e-06
-3.94094e-05
1.74916e-06
-3.92982e-05
2.06234e-06
-3.91627e-05
2.42365e-06
-3.901e-05
2.84028e-06
-3.88357e-05
3.32069e-06
-3.86335e-05
3.87472e-06
-3.83965e-05
4.51391e-06
-3.81179e-05
5.25145e-06
-3.77902e-05
6.1021e-06
-3.74055e-05
7.08188e-06
-3.69542e-05
8.20773e-06
-3.64247e-05
9.49696e-06
-3.58034e-05
1.09671e-05
-3.50729e-05
1.26344e-05
-3.42125e-05
1.45085e-05
-3.32032e-05
1.65891e-05
-3.20484e-05
-3.0726e-05
1.88817e-05
1.11517e-06
-2.52904e-05
9.78727e-07
-4.71721e-05
9.48054e-07
-4.14115e-05
1.1382e-06
-3.97142e-05
1.37987e-06
-3.96907e-05
1.64605e-06
-3.96755e-05
1.95031e-06
-3.96025e-05
2.30201e-06
-3.95145e-05
2.70853e-06
-3.94166e-05
3.17788e-06
-3.93051e-05
3.71928e-06
-3.91749e-05
4.34362e-06
-3.90208e-05
5.06368e-06
-3.88379e-05
5.89445e-06
-3.8621e-05
6.85313e-06
-3.83643e-05
7.95902e-06
-3.80602e-05
9.23345e-06
-3.76992e-05
1.06993e-05
-3.72692e-05
1.23812e-05
-3.67549e-05
1.43056e-05
-3.61368e-05
1.64958e-05
-3.53934e-05
1.89638e-05
-3.45164e-05
-3.34874e-05
2.17251e-05
1.26179e-06
-2.65522e-05
1.03198e-06
-4.69423e-05
9.82784e-07
-4.13623e-05
1.18641e-06
-3.99177e-05
1.43726e-06
-3.99414e-05
1.7137e-06
-3.99518e-05
2.03186e-06
-3.99207e-05
2.4017e-06
-3.98844e-05
2.83115e-06
-3.98462e-05
3.32886e-06
-3.98029e-05
3.9047e-06
-3.97507e-05
4.57046e-06
-3.96865e-05
5.34029e-06
-3.96077e-05
6.2311e-06
-3.95118e-05
7.26282e-06
-3.9396e-05
8.45855e-06
-3.9256e-05
9.84449e-06
-3.90852e-05
1.14499e-05
-3.88747e-05
1.33082e-05
-3.86132e-05
1.54573e-05
-3.8286e-05
1.79368e-05
-3.78729e-05
2.07784e-05
-3.73581e-05
-3.6727e-05
2.4018e-05
1.40883e-06
-2.79611e-05
1.03792e-06
-4.65714e-05
9.56174e-07
-4.12805e-05
1.15562e-06
-4.01171e-05
1.39388e-06
-4.01796e-05
1.65796e-06
-4.02159e-05
1.96541e-06
-4.02282e-05
2.32603e-06
-4.02451e-05
2.74791e-06
-4.02681e-05
3.23989e-06
-4.02948e-05
3.81224e-06
-4.0323e-05
4.4775e-06
-4.03517e-05
5.25103e-06
-4.03811e-05
6.15153e-06
-4.04123e-05
7.20145e-06
-4.0446e-05
8.42732e-06
-4.04819e-05
9.8597e-06
-4.05176e-05
1.15337e-05
-4.05488e-05
1.3491e-05
-4.05704e-05
1.57802e-05
-4.05753e-05
1.84563e-05
-4.0549e-05
2.15739e-05
-4.04757e-05
-4.03477e-05
2.51947e-05
1.53922e-06
-2.95004e-05
9.94356e-07
-4.60265e-05
8.73459e-07
-4.11595e-05
1.04902e-06
-4.02926e-05
1.2526e-06
-4.03831e-05
1.48204e-06
-4.04454e-05
1.7545e-06
-4.05007e-05
2.07862e-06
-4.05693e-05
2.46206e-06
-4.06515e-05
2.91343e-06
-4.07461e-05
3.44329e-06
-4.08527e-05
4.06478e-06
-4.09731e-05
4.79405e-06
-4.11104e-05
5.65095e-06
-4.12693e-05
6.65968e-06
-4.14548e-05
7.84903e-06
-4.16713e-05
9.25239e-06
-4.1921e-05
1.0909e-05
-4.22055e-05
1.28664e-05
-4.25278e-05
1.5181e-05
-4.28899e-05
1.79195e-05
-4.32876e-05
2.11567e-05
-4.3713e-05
-4.41712e-05
2.49802e-05
1.62913e-06
-3.11295e-05
9.07836e-07
-4.53052e-05
7.5241e-07
-4.1004e-05
8.88464e-07
-4.04286e-05
1.0421e-06
-4.05368e-05
1.22205e-06
-4.06254e-05
1.44294e-06
-4.07216e-05
1.71153e-06
-4.08378e-05
2.03456e-06
-4.09745e-05
2.42043e-06
-4.11319e-05
2.8801e-06
-4.13123e-05
3.42707e-06
-4.15201e-05
4.07761e-06
-4.1761e-05
4.85181e-06
-4.20435e-05
5.7745e-06
-4.23776e-05
6.87513e-06
-4.2772e-05
8.18795e-06
-4.32339e-05
9.75397e-06
-4.37715e-05
1.16232e-05
-4.43971e-05
1.38559e-05
-4.51225e-05
1.6525e-05
-4.59568e-05
1.97184e-05
-4.69066e-05
-4.79965e-05
2.35436e-05
1.66085e-06
-3.27903e-05
7.92958e-07
-4.44372e-05
6.17015e-07
-4.08281e-05
7.07518e-07
-4.05191e-05
8.0749e-07
-4.06368e-05
9.34328e-07
-4.07523e-05
1.0986e-06
-4.08859e-05
1.30515e-06
-4.10443e-05
1.55989e-06
-4.12292e-05
1.87122e-06
-4.14431e-05
2.25043e-06
-4.16915e-05
2.71091e-06
-4.19805e-05
3.26839e-06
-4.23185e-05
3.94234e-06
-4.27176e-05
4.75693e-06
-4.31923e-05
5.74061e-06
-4.37558e-05
6.92668e-06
-4.442e-05
8.35574e-06
-4.52005e-05
1.00774e-05
-4.61187e-05
1.21516e-05
-4.71968e-05
1.46518e-05
-4.84571e-05
1.76693e-05
-4.99243e-05
-5.16436e-05
2.13165e-05
1.62099e-06
-3.44113e-05
6.64166e-07
-4.34803e-05
4.86606e-07
-4.06505e-05
5.35224e-07
-4.05677e-05
5.87912e-07
-4.06895e-05
6.67148e-07
-4.08315e-05
7.79228e-07
-4.09979e-05
9.27853e-07
-4.11929e-05
1.11848e-06
-4.14197e-05
1.35944e-06
-4.1684e-05
1.66162e-06
-4.19936e-05
2.03762e-06
-4.23565e-05
2.50221e-06
-4.27832e-05
3.07355e-06
-4.3289e-05
3.77372e-06
-4.38925e-05
4.62868e-06
-4.46108e-05
5.66954e-06
-4.54609e-05
6.93483e-06
-4.64658e-05
8.47139e-06
-4.76553e-05
1.03362e-05
-4.90617e-05
1.25988e-05
-5.07199e-05
1.53466e-05
-5.2672e-05
-5.49763e-05
1.86795e-05
1.48638e-06
-3.58976e-05
5.3056e-07
-4.25245e-05
3.71353e-07
-4.04913e-05
3.86405e-07
-4.05828e-05
4.03529e-07
-4.07066e-05
4.45289e-07
-4.08732e-05
5.14717e-07
-4.10673e-05
6.15236e-07
-4.12934e-05
7.52099e-07
-4.15566e-05
9.32852e-07
-4.18647e-05
1.16687e-06
-4.22276e-05
1.46534e-06
-4.26551e-05
1.84177e-06
-4.31597e-05
2.31219e-06
-4.37595e-05
2.8953e-06
-4.44757e-05
3.61343e-06
-4.53289e-05
4.49452e-06
-4.63419e-05
5.57316e-06
-4.75445e-05
6.89111e-06
-4.89734e-05
8.49956e-06
-5.06703e-05
1.04624e-05
-5.26828e-05
1.2859e-05
-5.50687e-05
-5.78934e-05
1.5776e-05
1.24669e-06
-3.71442e-05
4.04039e-07
-4.16817e-05
2.79606e-07
-4.03668e-05
2.7074e-07
-4.05738e-05
2.66973e-07
-4.07027e-05
2.84323e-07
-4.08905e-05
3.24045e-07
-4.11071e-05
3.89391e-07
-4.13588e-05
4.85065e-07
-4.16522e-05
6.17029e-07
-4.19966e-05
7.92438e-07
-4.2403e-05
1.02051e-06
-4.28831e-05
1.31275e-06
-4.34519e-05
1.6822e-06
-4.41289e-05
2.14344e-06
-4.49369e-05
2.71447e-06
-4.58999e-05
3.41844e-06
-4.70459e-05
4.28363e-06
-4.84097e-05
5.34392e-06
-5.00338e-05
6.64136e-06
-5.19679e-05
8.22958e-06
-5.42712e-05
1.01761e-05
-5.70152e-05
-6.02823e-05
1.25649e-05
9.39392e-07
-3.80836e-05
3.00189e-07
-4.10424e-05
2.1858e-07
-4.02851e-05
1.96891e-07
-4.05521e-05
1.89026e-07
-4.06949e-05
1.97103e-07
-4.08987e-05
2.22214e-07
-4.11323e-05
2.66656e-07
-4.14032e-05
3.33836e-07
-4.17193e-05
4.27822e-07
-4.20905e-05
5.5355e-07
-4.25287e-05
7.1776e-07
-4.30473e-05
9.28931e-07
-4.36631e-05
1.19639e-06
-4.43964e-05
1.53052e-06
-4.5271e-05
1.94437e-06
-4.63138e-05
2.45459e-06
-4.75562e-05
3.08127e-06
-4.90364e-05
3.84857e-06
-5.08012e-05
4.78662e-06
-5.29062e-05
5.93334e-06
-5.5418e-05
7.33646e-06
-5.84183e-05
-6.20088e-05
9.06312e-06
6.1975e-07
-3.87033e-05
2.11414e-07
-4.0634e-05
1.70124e-07
-4.02438e-05
1.4927e-07
-4.05313e-05
1.49213e-07
-4.06949e-05
1.59034e-07
-4.09086e-05
1.79854e-07
-4.11531e-05
2.1261e-07
-4.14359e-05
2.59071e-07
-4.17657e-05
3.21549e-07
-4.21529e-05
4.03027e-07
-4.26101e-05
5.07541e-07
-4.31518e-05
6.40016e-07
-4.37955e-05
8.05867e-07
-4.45622e-05
1.01129e-06
-4.54765e-05
1.26406e-06
-4.65666e-05
1.57388e-06
-4.7866e-05
1.95251e-06
-4.94152e-05
2.4142e-06
-5.12632e-05
2.97674e-06
-5.34688e-05
3.66193e-06
-5.61031e-05
4.49637e-06
-5.92526e-05
-6.3023e-05
5.51061e-06
2.73017e-07
9.01966e-08
8.24438e-08
7.52756e-08
8.06379e-08
8.9889e-08
1.02851e-07
1.198e-07
1.41292e-07
1.68116e-07
2.01317e-07
2.42233e-07
2.92435e-07
3.53682e-07
4.28076e-07
5.18294e-07
6.27654e-07
7.6015e-07
9.206e-07
1.11493e-06
1.35042e-06
1.63593e-06
1.98169e-06
6.03977e-05
3.46082e-05
3.63219e-05
2.40758e-05
2.99132e-05
6.4087e-06
-1.41292e-05
4.40425e-05
0.000112106
3.62893e-05
0.000101523
3.46585e-05
7.86752e-05
2.92569e-05
2.08719e-05
4.3674e-05
0.000117257
3.17679e-05
0.000118045
3.38704e-05
0.000111807
3.54951e-05
3.60196e-05
9.66594e-05
0.000116407
2.96482e-05
0.000118951
3.13267e-05
0.000120845
3.36009e-05
3.67622e-05
0.000120102
0.000123417
2.93957e-05
0.000124132
3.06119e-05
0.000125834
3.18985e-05
3.38628e-05
0.000128734
0.000127164
2.65286e-05
0.00012953
2.82459e-05
0.000131955
2.94733e-05
3.08863e-05
0.000134931
0.00012083
2.85615e-05
0.000122223
2.68527e-05
0.000124854
2.68424e-05
2.76993e-05
0.000128041
0.000140711
3.26646e-05
0.000134801
3.2762e-05
0.000130473
3.11705e-05
3.05897e-05
0.000127583
0.000116627
2.41939e-05
0.00012004
2.93488e-05
0.000119791
3.142e-05
3.15358e-05
0.000118844
3.99475e-05
9.17338e-06
5.28043e-05
1.64919e-05
6.23327e-05
2.18915e-05
2.54366e-05
6.84319e-05
-1.1012e-06
-7.42957e-07
9.38508e-06
6.00562e-06
1.99876e-05
1.1289e-05
1.53894e-05
3.00348e-05
-3.09157e-05
-8.8136e-06
-2.11001e-05
-3.80996e-06
-1.01785e-05
3.67417e-07
3.97632e-06
1.23459e-06
-5.83744e-05
-1.05925e-05
-5.44358e-05
-7.74847e-06
-4.9039e-05
-5.02944e-06
-2.34498e-06
-4.27176e-05
-4.96981e-05
-9.22194e-06
-5.02326e-05
-7.2139e-06
-5.00101e-05
-5.2519e-06
-3.34385e-06
-4.90112e-05
-3.94974e-05
-8.68714e-06
-3.96478e-05
-7.06355e-06
-3.94706e-05
-5.4291e-06
-3.8118e-06
-3.90026e-05
-3.14375e-05
-8.29368e-06
-3.15198e-05
-6.98124e-06
-3.1302e-05
-5.64691e-06
-4.30546e-06
-3.08084e-05
-2.49061e-05
-8.0564e-06
-2.49229e-05
-6.96441e-06
-2.47165e-05
-5.85337e-06
-4.73245e-06
-2.42895e-05
-1.93313e-05
-7.95939e-06
-1.92679e-05
-7.02784e-06
-1.90412e-05
-6.08006e-06
-5.12272e-06
-1.8651e-05
-1.44947e-05
-7.97172e-06
-1.43645e-05
-7.15819e-06
-1.41124e-05
-6.33218e-06
-5.50018e-06
-1.37351e-05
-1.02399e-05
-8.07773e-06
-1.0047e-05
-7.3512e-06
-9.76398e-06
-6.6153e-06
-5.87801e-06
-9.38625e-06
-6.42753e-06
-8.26693e-06
-6.17584e-06
-7.60301e-06
-5.85866e-06
-6.93257e-06
-6.26291e-06
-5.4738e-06
-2.96445e-06
-8.53106e-06
-2.65421e-06
-7.91326e-06
-2.29846e-06
-7.28836e-06
-6.66276e-06
-1.89869e-06
2.34442e-07
-8.87016e-06
6.03824e-07
-8.28266e-06
1.00303e-06
-7.68759e-06
-7.08581e-06
1.42603e-06
3.23692e-06
-9.28381e-06
3.67043e-06
-8.7162e-06
4.11953e-06
-8.13673e-06
-7.54131e-06
4.575e-06
6.08298e-06
-9.7783e-06
6.5886e-06
-9.22186e-06
7.09861e-06
-8.64678e-06
-8.04423e-06
7.60154e-06
8.79901e-06
-1.0361e-05
9.38781e-06
-9.81065e-06
9.97521e-06
-9.23419e-06
-8.61647e-06
1.05475e-05
1.14331e-05
-1.1041e-05
1.21183e-05
-1.04958e-05
1.28026e-05
-9.91845e-06
-9.28511e-06
1.34713e-05
1.40958e-05
-1.18352e-05
1.48983e-05
-1.12983e-05
1.5706e-05
-1.07261e-05
-1.00865e-05
1.65074e-05
1.6942e-05
-1.27787e-05
1.7904e-05
-1.22603e-05
1.88856e-05
-1.17076e-05
-1.10852e-05
1.98843e-05
2.0029e-05
-1.3926e-05
2.12164e-05
-1.34476e-05
2.24507e-05
-1.29418e-05
-1.23769e-05
2.37425e-05
2.31287e-05
-1.53295e-05
2.46056e-05
-1.49244e-05
2.61688e-05
-1.45049e-05
-1.40481e-05
2.784e-05
2.56944e-05
-1.70059e-05
2.74845e-05
-1.67145e-05
2.94066e-05
-1.64269e-05
-1.61271e-05
3.14855e-05
2.71e-05
-1.89111e-05
2.91591e-05
-1.87736e-05
3.13933e-05
-1.86612e-05
-1.85559e-05
3.38221e-05
2.70186e-05
-2.09495e-05
2.92427e-05
-2.09977e-05
3.16732e-05
-2.10916e-05
-2.12026e-05
3.43199e-05
2.5606e-05
-2.30118e-05
2.78724e-05
-2.32641e-05
3.03587e-05
-2.3578e-05
-2.39135e-05
3.30696e-05
2.33105e-05
-2.50057e-05
2.55106e-05
-2.54642e-05
2.79267e-05
-2.59942e-05
-2.65526e-05
3.05659e-05
2.05252e-05
-2.68514e-05
2.25645e-05
-2.75037e-05
2.48029e-05
-2.82327e-05
-2.90047e-05
2.72552e-05
1.73918e-05
-2.84673e-05
1.91779e-05
-2.92899e-05
2.11371e-05
-3.01918e-05
-3.11579e-05
2.32904e-05
1.3877e-05
-2.97793e-05
1.53281e-05
-3.07409e-05
1.69189e-05
-3.17825e-05
-3.29074e-05
1.86683e-05
1.00301e-05
-3.07463e-05
1.10955e-05
-3.18062e-05
1.22649e-05
-3.29518e-05
-3.4195e-05
1.35526e-05
6.11169e-06
-3.13473e-05
6.76444e-06
-3.24589e-05
7.48244e-06
-3.36698e-05
-3.49932e-05
8.28062e-06
2.18811e-06
2.4111e-06
2.65631e-06
2.92874e-06
2.39883e-06
-0.000151838
-3.86215e-05
-0.000101675
-1.37562e-05
3.51918e-05
-3.3803e-06
7.63491e-05
2.60092e-05
3.3461e-05
-8.06872e-06
0.000114658
-2.96212e-05
8.79411e-05
-3.93006e-05
5.57161e-05
-3.99991e-05
3.57424e-05
-5.07461e-05
4.50568e-05
-4.93942e-05
1.59008e-05
-5.39025e-05
1.83906e-05
-6.24859e-05
1.77252e-05
-6.05133e-05
-6.96187e-06
-5.52632e-05
-2.10183e-05
-4.6825e-05
-3.60405e-05
-3.24973e-05
-5.53719e-05
-1.37689e-05
-6.90444e-05
-5.01383e-05
-9.22112e-05
-1.59529e-05
-0.000107772
-8.61139e-05
-6.14514e-05
-1.11294e-05
-2.22493e-05
3.71471e-05
2.76937e-05
-1.64823e-05
4.13856e-07
0.000141938
-4.80802e-05
0.000136435
-5.12908e-05
5.89268e-05
-6.55579e-05
5.00097e-05
-8.27679e-05
6.22667e-05
-7.24924e-05
5.62539e-06
-6.97769e-05
1.56751e-05
-8.37068e-05
3.1655e-05
-8.14399e-05
-9.22863e-06
-7.15639e-05
-3.08944e-05
-5.6459e-05
-5.11455e-05
-4.01793e-05
-7.16518e-05
-1.84097e-05
-9.08142e-05
-6.8548e-05
1.05645e-05
7.01419e-05
-0.000101846
2.6297e-05
-0.000102177
-1.07991e-05
-0.000127908
6.28782e-05
-6.17819e-05
-8.2608e-05
-3.39415e-05
0.000114097
-5.23085e-05
0.000154802
-7.56709e-05
8.22894e-05
-0.00010175
7.60888e-05
-8.21149e-05
4.26316e-05
-5.59199e-05
-2.05695e-05
-9.81008e-05
5.78561e-05
-0.000136851
7.0405e-05
-0.000130203
-1.5876e-05
-0.000116635
-4.44625e-05
-8.16365e-05
-8.61444e-05
-5.96705e-05
-9.36177e-05
-3.39853e-05
-0.0001165
-0.000102533
9.49753e-05
9.5269e-05
2.9505e-05
9.17673e-05
-6.68375e-05
8.55433e-05
-0.000101907
9.79473e-05
-0.000257347
7.28327e-05
-0.000203988
6.07375e-05
-0.000140366
9.11807e-05
-0.000178654
0.000120577
-0.00017125
6.86853e-05
-0.000125633
-2.98608e-06
-7.55728e-05
-7.06297e-05
-0.000115548
9.78311e-05
-0.000155601
0.000110458
-0.000156292
-1.5185e-05
-0.000167607
-3.31469e-05
-0.000133266
-0.000120486
-0.000105581
-0.000121303
-7.42689e-05
-0.000147812
-0.000176802
0.000134492
8.95104e-05
0.000127109
9.91512e-05
0.000105498
0.000107154
9.27732e-05
0.000110672
6.34629e-05
0.000102143
2.65855e-05
9.76149e-05
1.47104e-05
0.000103056
3.04703e-05
0.000104817
1.46727e-05
8.44829e-05
-5.67455e-05
6.84322e-05
-0.00018151
5.41349e-05
-0.000139874
5.61951e-05
-6.95762e-05
4.01599e-05
-8.2349e-05
-2.41202e-06
-0.000127932
1.24364e-05
-0.000143997
-0.000104421
-0.000145948
-0.000119352
-0.000110767
-0.000182993
-0.000287569
0.000146054
7.83881e-05
0.00015814
8.7065e-05
0.000169495
9.57992e-05
0.000179041
0.000101125
0.000182004
9.91802e-05
0.000181212
9.84072e-05
0.000184081
0.000100186
0.00019224
9.66576e-05
0.000188146
8.85774e-05
0.000171063
8.55155e-05
0.000141399
8.37984e-05
0.000115198
8.23967e-05
8.08731e-05
7.44845e-05
2.65706e-05
5.18904e-05
2.09579e-05
1.80491e-05
-4.70312e-05
-3.64319e-05
-8.86004e-05
-7.7783e-05
-9.71041e-05
-0.000174489
-0.000384673
0.000140991
6.54383e-05
0.000155587
7.24691e-05
0.000172143
7.9243e-05
0.000188783
8.44856e-05
0.000202713
8.52496e-05
0.000215384
8.57363e-05
0.000228229
8.73411e-05
0.000239018
8.58686e-05
0.000245892
8.17038e-05
0.000250126
8.1282e-05
0.000249428
8.44961e-05
0.000243098
8.8727e-05
0.000227694
8.98882e-05
0.000197849
8.17354e-05
0.000151239
6.46588e-05
8.40367e-05
3.07706e-05
2.06035e-05
-1.435e-05
-5.31517e-05
-0.000100734
-0.000437825
0.000120158
7.28628e-05
0.000139356
5.32707e-05
0.000157244
6.13558e-05
0.000174022
6.77069e-05
0.000189824
6.94483e-05
0.000204599
7.09608e-05
0.000218364
7.35764e-05
0.000230306
7.39259e-05
0.000241076
7.09345e-05
0.000251683
7.06747e-05
0.000260787
7.53916e-05
0.000267045
8.24692e-05
0.000267229
8.97042e-05
0.000256175
9.27895e-05
0.000228879
9.19554e-05
0.000182991
7.6658e-05
0.000126657
4.19844e-05
6.60215e-05
-4.00984e-05
-0.000371804
0.000120589
7.11179e-05
0.000117557
5.63027e-05
0.000127826
5.10866e-05
0.000142908
5.26256e-05
0.000158472
5.38839e-05
0.000175511
5.39218e-05
0.000192655
5.64329e-05
0.000208118
5.84629e-05
0.00022054
5.85118e-05
0.000232995
5.82205e-05
0.000245228
6.31582e-05
0.000255031
7.26664e-05
0.000258462
8.62732e-05
0.000256473
9.47781e-05
0.000243144
0.000105284
0.000216517
0.000103286
0.000183143
7.53584e-05
0.000128942
1.41021e-05
-0.000242862
7.45368e-05
6.5013e-05
7.20437e-05
5.87958e-05
7.20516e-05
5.10786e-05
8.01861e-05
4.4491e-05
9.5516e-05
3.85541e-05
0.000119574
2.98635e-05
0.000150805
2.52028e-05
0.000176707
3.25603e-05
0.000193219
4.19999e-05
0.000205035
4.64045e-05
0.000216565
5.1628e-05
0.000228708
6.05237e-05
0.000228908
8.60738e-05
0.000229077
9.46082e-05
0.000223489
0.000110872
0.000205165
0.00012161
0.000178549
0.000101975
0.00014276
4.98908e-05
-0.000100102
5.02842e-05
4.47636e-05
6.53755e-05
4.37045e-05
7.9495e-05
3.6959e-05
9.30944e-05
3.08915e-05
0.000103397
2.82519e-05
0.000107578
2.56825e-05
0.000109142
2.36387e-05
0.000118297
2.34057e-05
0.000135299
2.4998e-05
0.000152982
2.8722e-05
0.000166358
3.82511e-05
0.000178463
4.84191e-05
0.00019181
7.27264e-05
0.000183509
0.000102909
0.000168539
0.000125842
0.000164052
0.000126097
0.000146817
0.00011921
0.000115053
8.16552e-05
1.49513e-05
2.68332e-05
1.91649e-05
4.58506e-05
2.46871e-05
5.49243e-05
2.78853e-05
5.20241e-05
3.37917e-05
4.19122e-05
3.83638e-05
3.03908e-05
3.72041e-05
2.41193e-05
2.99103e-05
2.96918e-05
1.78334e-05
4.82173e-05
6.47252e-06
7.10394e-05
5.89979e-06
8.85872e-05
2.07032e-05
0.000100992
3.60144e-05
0.000114403
5.93153e-05
0.00011713
0.000100182
9.40751e-05
0.000148898
0.000104102
0.00011607
0.000103002
0.00012031
8.60928e-05
9.8564e-05
0.000101044
-2.68225e-05
3.26978e-06
-1.54638e-05
1.33283e-05
-1.12145e-05
2.36362e-05
-1.11484e-05
3.37257e-05
-1.11086e-05
3.83242e-05
-9.27584e-06
3.53713e-05
-5.18954e-06
2.5824e-05
-5.70226e-08
1.27008e-05
6.3802e-06
3.52325e-08
1.67814e-05
-4.50138e-06
2.794e-05
9.54468e-06
3.03805e-05
3.3574e-05
3.16525e-05
5.80433e-05
2.44853e-05
0.000107349
4.47702e-06
0.000168906
3.22087e-05
8.83382e-05
6.07059e-05
9.18131e-05
6.39735e-05
9.52964e-05
0.000165018
-4.49953e-05
-7.46202e-07
-4.05101e-05
8.84315e-06
-3.54896e-05
1.86158e-05
-2.88434e-05
2.70797e-05
-2.08189e-05
3.02998e-05
-1.23378e-05
2.68902e-05
-4.69363e-06
1.81798e-05
2.47471e-07
7.75967e-06
7.80497e-07
-4.97868e-07
-3.32358e-07
-3.38858e-06
1.09465e-06
8.1177e-06
-3.55283e-06
3.82215e-05
-1.77082e-05
7.21988e-05
-3.31399e-05
0.000122781
-3.09427e-05
0.000166708
-4.03877e-06
6.14343e-05
3.64441e-05
5.13301e-05
4.87687e-05
8.29719e-05
0.000213786
-3.68842e-05
-2.86453e-06
-3.36981e-05
5.65726e-06
-2.90355e-05
1.39533e-05
-2.2695e-05
2.07394e-05
-1.55963e-05
2.32011e-05
-8.58644e-06
1.98804e-05
-2.12781e-06
1.17212e-05
3.18861e-06
2.44327e-06
5.51022e-06
-2.81949e-06
2.99747e-06
-8.75881e-07
-1.1466e-06
1.22617e-05
-6.17318e-06
4.3248e-05
-2.19493e-05
8.79748e-05
-2.89417e-05
0.000129773
-1.03289e-05
0.000148096
3.6404e-06
4.7465e-05
2.69735e-05
2.79971e-05
3.62237e-05
7.37217e-05
0.00025001
-2.87919e-05
-4.88086e-06
-2.5618e-05
2.48349e-06
-2.14782e-05
9.81359e-06
-1.6586e-05
1.58472e-05
-1.1315e-05
1.793e-05
-5.50935e-06
1.40747e-05
8.38275e-07
5.37352e-06
6.85581e-06
-3.57424e-06
1.08485e-05
-6.8121e-06
1.0712e-05
-7.39403e-07
6.57954e-06
1.6394e-05
3.66382e-06
4.61636e-05
-6.06979e-06
9.77083e-05
-9.69219e-06
0.000133395
7.86169e-06
0.000130542
1.92827e-05
3.6044e-05
1.88475e-05
2.84323e-05
1.65622e-05
7.60069e-05
0.000266572
-2.25412e-05
-6.62903e-06
-1.98509e-05
-2.06678e-07
-1.63771e-05
6.3399e-06
-1.23061e-05
1.17762e-05
-7.63459e-06
1.32586e-05
-2.01362e-06
8.4538e-06
4.54249e-06
-1.18256e-06
1.10291e-05
-1.00609e-05
1.56861e-05
-1.14692e-05
1.69499e-05
-2.00332e-06
1.45192e-05
1.88246e-05
1.21251e-05
4.85576e-05
1.26768e-05
9.71566e-05
3.34072e-06
0.000142731
-1.81917e-06
0.000135702
3.26395e-06
3.0961e-05
3.9757e-07
3.12987e-05
-1.2304e-05
8.87084e-05
0.000254268
-1.71421e-05
-8.13795e-06
-1.48909e-05
-2.45799e-06
-1.19465e-05
3.39543e-06
-8.36869e-06
8.19846e-06
-4.00054e-06
8.89051e-06
1.53549e-06
2.9179e-06
8.20361e-06
-7.85064e-06
1.47624e-05
-1.66197e-05
1.94101e-05
-1.61171e-05
2.08939e-05
-3.4872e-06
1.91951e-05
2.05234e-05
1.55455e-05
5.22071e-05
1.64154e-05
9.62866e-05
7.7308e-06
0.000151416
-4.4494e-06
0.000147882
-1.07473e-05
3.72589e-05
-2.15407e-05
4.2092e-05
-3.21673e-05
9.9335e-05
0.000222101
-1.24052e-05
-9.46786e-06
-1.04719e-05
-4.3913e-06
-7.89277e-06
8.16341e-07
-4.63802e-06
4.94372e-06
-5.96778e-07
4.84932e-06
4.59498e-06
-2.27377e-06
1.09306e-05
-1.41862e-05
1.71244e-05
-2.28135e-05
2.12204e-05
-2.02132e-05
2.23199e-05
-4.58671e-06
2.08481e-05
2.19952e-05
1.63137e-05
5.67415e-05
1.4948e-05
9.76523e-05
6.54781e-06
0.000159816
-1.11174e-05
0.000165547
-1.92468e-05
4.53883e-05
-3.47597e-05
5.7605e-05
-3.59742e-05
0.000100549
0.000186127
-8.18826e-06
-1.0666e-05
-6.5244e-06
-6.0553e-06
-4.20364e-06
-1.5044e-06
-1.24374e-06
1.98394e-06
2.38102e-06
1.22473e-06
6.97655e-06
-6.86923e-06
1.25564e-05
-1.97661e-05
1.78195e-05
-2.80767e-05
2.07758e-05
-2.31694e-05
2.12163e-05
-5.0272e-06
2.01237e-05
2.30877e-05
1.60196e-05
6.08456e-05
1.34385e-05
0.000100233
6.0875e-07
0.000172646
-1.87062e-05
0.000184862
-1.87093e-05
4.53914e-05
-3.20157e-05
7.09113e-05
-2.87842e-05
9.73179e-05
0.000157343
-4.37071e-06
-1.17691e-05
-2.89517e-06
-7.53089e-06
-8.37273e-07
-3.56225e-06
1.7921e-06
-6.45357e-07
4.92432e-06
-1.90738e-06
8.74044e-06
-1.06853e-05
1.32249e-05
-2.42505e-05
1.70099e-05
-3.18616e-05
1.82423e-05
-2.44017e-05
1.76117e-05
-4.39672e-06
1.72156e-05
2.34838e-05
1.48167e-05
6.32444e-05
1.28029e-05
0.000102247
7.55829e-06
0.00017789
-2.30198e-06
0.000194722
-1.19221e-05
5.50115e-05
-9.05883e-06
6.8048e-05
-1.46844e-05
0.000102943
0.000142658
-8.4199e-07
-1.28259e-05
5.06087e-07
-8.87896e-06
2.31176e-06
-5.36779e-06
4.5386e-06
-2.87203e-06
7.02423e-06
-4.39287e-06
9.82524e-06
-1.34862e-05
1.27574e-05
-2.71826e-05
1.44914e-05
-3.35954e-05
1.33759e-05
-2.32862e-05
1.08367e-05
-1.85755e-06
1.05123e-05
2.38081e-05
9.63788e-06
6.41188e-05
2.42873e-06
0.000109456
1.05404e-06
0.000179265
-1.57535e-05
0.00021153
-3.812e-05
7.7378e-05
8.51842e-06
2.14096e-05
-1.79302e-05
0.000129392
0.000124728
2.48121e-06
-1.3881e-05
3.73538e-06
-1.0133e-05
5.33299e-06
-6.9653e-06
7.15325e-06
-4.69217e-06
8.91944e-06
-6.15894e-06
1.04588e-05
-1.50255e-05
1.14867e-05
-2.82104e-05
1.06618e-05
-3.27705e-05
6.19745e-06
-1.8822e-05
6.71359e-07
3.66849e-06
-3.05166e-06
2.7531e-05
-2.44599e-06
6.35132e-05
-1.42156e-05
0.000121226
-2.318e-05
0.00018823
-3.29287e-05
0.000221279
-3.39714e-05
7.84207e-05
4.33895e-07
-1.29957e-05
-9.84223e-06
0.000139668
0.000114886
5.66201e-06
-1.4968e-05
6.89036e-06
-1.13613e-05
8.41019e-06
-8.48505e-06
9.91582e-06
-6.1977e-06
1.10547e-05
-7.29771e-06
1.15184e-05
-1.54891e-05
1.06631e-05
-2.7355e-05
7.19149e-06
-2.92989e-05
-1.04055e-06
-1.059e-05
-1.22383e-05
1.48663e-05
-2.06213e-05
3.59141e-05
-2.88759e-05
7.17679e-05
-4.20784e-05
0.000134428
-5.20615e-05
0.000198213
-3.89783e-05
0.000208196
-1.97685e-05
5.92107e-05
4.44943e-06
-3.72136e-05
2.39665e-05
0.000120151
0.000138852
8.77288e-06
-1.61393e-05
1.01136e-05
-1.2702e-05
1.16989e-05
-1.00703e-05
1.29965e-05
-7.49525e-06
1.38983e-05
-8.19934e-06
1.40703e-05
-1.5661e-05
1.1873e-05
-2.51577e-05
6.32e-06
-2.3746e-05
-4.83664e-06
5.66666e-07
-2.35638e-05
3.35935e-05
-4.47287e-05
5.70791e-05
-6.57976e-05
9.28369e-05
-8.59031e-05
0.000154534
-9.69148e-05
0.000209225
-8.99948e-05
0.000201275
-7.49345e-05
4.41502e-05
-3.05158e-05
-8.16323e-05
1.29452e-05
7.66901e-05
0.000151798
1.19038e-05
-1.74955e-05
1.35032e-05
-1.43014e-05
1.52004e-05
-1.17674e-05
1.64014e-05
-8.69623e-06
1.75166e-05
-9.31444e-06
1.81843e-05
-1.63286e-05
1.60848e-05
-2.30583e-05
9.87058e-06
-1.75319e-05
-1.61891e-06
1.20563e-05
-2.54638e-05
5.74385e-05
-6.04207e-05
9.20361e-05
-9.49623e-05
0.000127379
-0.000118129
0.000177701
-0.000120703
0.000211799
-0.0001072
0.000187773
-0.000136094
7.30444e-05
-0.000101711
-0.000116016
-2.62922e-05
1.27186e-06
0.000125505
1.515e-05
-1.91742e-05
1.71024e-05
-1.62538e-05
1.89616e-05
-1.36267e-05
2.02719e-05
-1.00065e-05
2.17339e-05
-1.07764e-05
2.34339e-05
-1.80287e-05
2.35103e-05
-2.31348e-05
1.99942e-05
-1.40159e-05
1.07968e-05
2.12537e-05
-1.05381e-05
7.87734e-05
-4.81819e-05
0.00012968
-8.536e-05
0.000164557
-0.000102135
0.000194475
-8.78672e-05
0.000197531
-4.95844e-05
0.00014949
-5.5364e-05
7.8824e-05
-6.48775e-05
-0.000106503
-2.27865e-05
-4.08189e-05
0.000102719
1.86177e-05
-2.12845e-05
2.09126e-05
-1.85487e-05
2.30667e-05
-1.57808e-05
2.48124e-05
-1.17521e-05
2.65227e-05
-1.24866e-05
3.03826e-05
-2.18888e-05
3.42763e-05
-2.70285e-05
3.7161e-05
-1.69007e-05
3.46339e-05
2.37807e-05
1.93685e-05
9.40388e-05
-8.92589e-06
0.000157975
-3.25718e-05
0.000188203
-2.84267e-05
0.000190331
1.04024e-05
0.000158702
7.92286e-05
8.06637e-05
0.000102037
5.60153e-05
2.4556e-05
-2.90219e-05
1.28959e-05
-2.91588e-05
0.000115615
2.25335e-05
-2.39337e-05
2.51736e-05
-2.11888e-05
2.76827e-05
-1.82898e-05
2.96839e-05
-1.37532e-05
3.12032e-05
-1.40061e-05
3.766e-05
-2.83457e-05
4.63164e-05
-3.56849e-05
5.24311e-05
-2.30153e-05
5.9343e-05
1.68686e-05
5.39809e-05
9.9401e-05
4.12397e-05
0.000170716
5.03983e-05
0.000179044
9.41431e-05
0.000146586
0.000147162
0.000105683
0.000154382
7.34445e-05
0.000158766
5.16316e-05
0.000107229
2.25143e-05
5.13807e-05
2.669e-05
0.000166995
2.71257e-05
-2.7317e-05
3.04258e-05
-2.44889e-05
3.35746e-05
-2.14385e-05
3.58667e-05
-1.60453e-05
3.71117e-05
-1.52512e-05
4.1487e-05
-3.27212e-05
4.98778e-05
-4.40758e-05
5.13493e-05
-2.4487e-05
5.28072e-05
1.54106e-05
6.20101e-05
9.01983e-05
8.91213e-05
0.000143605
0.000169733
9.84324e-05
0.000254804
6.15147e-05
0.00029809
6.23967e-05
0.000300808
7.07263e-05
0.00025612
9.63193e-05
0.00017626
0.000102374
8.82652e-05
0.000114685
0.000255261
3.21738e-05
-3.16508e-05
3.66626e-05
-2.89777e-05
4.11352e-05
-2.5911e-05
4.5055e-05
-1.9965e-05
4.75534e-05
-1.77497e-05
4.58748e-05
-3.10425e-05
4.60054e-05
-4.42064e-05
4.62137e-05
-2.46954e-05
4.82239e-05
1.34005e-05
7.96772e-05
5.87449e-05
0.000153343
6.99387e-05
0.000246406
5.37023e-06
0.00026409
4.3831e-05
0.000252463
7.40239e-05
0.000229012
9.41764e-05
0.000210661
0.00011467
0.000177724
0.000135311
0.000102796
0.000189613
0.000358056
3.6877e-05
-3.70424e-05
4.28926e-05
-3.49933e-05
4.92867e-05
-3.2305e-05
5.62316e-05
-2.69099e-05
6.20846e-05
-2.36028e-05
6.06379e-05
-2.95959e-05
5.85118e-05
-4.20805e-05
7.20009e-05
-3.81848e-05
0.000111164
-2.57623e-05
0.000167962
1.94693e-06
0.000220844
1.70564e-05
0.00018419
4.20238e-05
0.000165892
6.21287e-05
0.000168934
7.09821e-05
0.000171581
9.15299e-05
0.000186323
9.99279e-05
0.000180297
0.000141338
0.00011158
0.00025833
0.000469637
4.01901e-05
-4.34104e-05
4.76682e-05
-4.24712e-05
5.61261e-05
-4.0763e-05
6.65152e-05
-3.72991e-05
7.67092e-05
-3.37969e-05
8.2847e-05
-3.5734e-05
8.91458e-05
-4.83794e-05
0.00010071
-4.97494e-05
0.000136414
-6.14667e-05
0.000192524
-5.41622e-05
0.000194312
1.52678e-05
0.000164935
7.14016e-05
0.000141879
8.51847e-05
0.000146715
6.61457e-05
0.000159323
7.89223e-05
0.000147416
0.000111835
0.000119175
0.000169578
0.000100849
0.000276656
0.000570486
4.13744e-05
-5.04648e-05
4.98636e-05
-5.09603e-05
5.98928e-05
-5.07922e-05
7.27307e-05
-5.01372e-05
8.65708e-05
-4.76369e-05
0.000100461
-4.96249e-05
0.000115778
-6.3696e-05
0.000127005
-6.09763e-05
0.00016893
-0.000103392
0.000222977
-0.000108209
0.000252506
-1.42611e-05
0.000248915
7.49919e-05
0.000230776
0.000103324
0.000208011
8.89109e-05
0.000172171
0.000114762
0.000130043
0.000153963
0.000126369
0.000173252
8.46095e-05
0.000318415
0.000655095
4.04039e-05
-5.77991e-05
4.9348e-05
-5.99044e-05
6.02875e-05
-6.17318e-05
7.41503e-05
-6.39999e-05
9.05016e-05
-6.39882e-05
0.000107851
-6.69742e-05
0.000123559
-7.94041e-05
0.000136191
-7.36081e-05
0.000167626
-0.000134827
0.000202098
-0.000142682
0.000216089
-2.82519e-05
0.0002263
6.47807e-05
0.000230525
9.90991e-05
0.000242945
7.64907e-05
0.000265982
9.17249e-05
0.000311065
0.00010888
0.000257361
0.000226957
6.56422e-05
0.000510134
0.000720738
3.77454e-05
-6.49786e-05
4.66092e-05
-6.87683e-05
5.7732e-05
-7.28545e-05
7.17244e-05
-7.79924e-05
9.00716e-05
-8.23357e-05
0.00011042
-8.7323e-05
0.000129783
-9.87676e-05
0.00014866
-9.24851e-05
0.000172782
-0.000158949
0.000198089
-0.000167988
0.000199913
-3.00761e-05
0.000191024
7.36699e-05
0.000199963
9.01603e-05
0.00024965
2.68034e-05
0.000338059
3.31629e-06
0.000398578
4.83611e-05
0.000248918
0.000376616
2.07602e-05
0.000738292
0.000741498
3.39138e-05
-7.16372e-05
4.22034e-05
-7.70579e-05
5.26921e-05
-8.33431e-05
6.59572e-05
-9.12574e-05
8.35129e-05
-9.98914e-05
0.000105768
-0.000109577
0.000130117
-0.000123117
0.000164477
-0.000126845
0.000212455
-0.000206927
0.000218037
-0.000173571
0.000195218
-7.25731e-06
0.000175184
9.37042e-05
0.000193406
7.19378e-05
0.000269136
-4.89258e-05
0.000360447
-8.79955e-05
0.000335164
7.36442e-05
0.000112758
0.000599023
-1.77328e-05
0.000868782
0.000723765
2.91707e-05
-7.75174e-05
3.65338e-05
-8.44208e-05
4.58894e-05
-9.26984e-05
5.76926e-05
-0.000103061
7.27556e-05
-0.000114955
9.37947e-05
-0.000130617
0.000117946
-0.000147269
0.000152169
-0.000161067
0.000196199
-0.000250957
0.000194475
-0.000171847
0.000168876
1.83422e-05
0.000149461
0.000113119
0.000173085
4.83137e-05
0.000253962
-0.000129803
0.000298177
-0.000132211
0.000144668
0.000227153
-3.48156e-05
0.000778507
-5.07557e-05
0.000884722
0.000673009
2.35134e-05
-8.23626e-05
2.96169e-05
-9.05244e-05
3.74362e-05
-0.000100518
4.72841e-05
-0.000112909
6.00663e-05
-0.000127737
7.68759e-05
-0.000147426
9.90802e-05
-0.000169473
0.000129248
-0.000191235
0.000160563
-0.000282272
0.000165702
-0.000176986
0.000153049
3.0996e-05
0.000125558
0.00014061
0.000123021
5.08512e-05
0.000192259
-0.000199041
0.000144849
-8.48008e-05
-6.85084e-05
0.00044051
-0.000136331
0.000846329
-8.3616e-05
0.000832007
0.000589393
1.70839e-05
-8.58938e-05
2.15702e-05
-9.50105e-05
2.73377e-05
-0.000106285
3.46736e-05
-0.000120245
4.44051e-05
-0.000137469
5.60901e-05
-0.000159111
7.27233e-05
-0.000186106
9.03707e-05
-0.000208883
9.08728e-05
-0.000282774
0.000148208
-0.000234321
0.000146794
3.24094e-05
0.000116913
0.000170491
6.598e-05
0.000101784
7.64856e-05
-0.000209547
-4.02457e-05
3.19302e-05
-0.000195596
0.00059586
-0.000203262
0.000853996
-0.000118489
0.000747234
0.000470904
1.03602e-05
-8.79734e-05
1.30548e-05
-9.7705e-05
1.65162e-05
-0.000109746
2.09607e-05
-0.000124689
2.67965e-05
-0.000143304
3.43103e-05
-0.000166625
4.47019e-05
-0.000196498
5.87208e-05
-0.000222902
6.26792e-05
-0.000286733
0.000134803
-0.000306445
0.000143153
2.406e-05
0.000120104
0.00019354
4.17011e-05
0.000180187
-5.2369e-07
-0.000167321
-0.00011329
0.000144696
-0.000234727
0.000717298
-0.000259807
0.000879076
-0.000167349
0.000654776
0.000303556
3.62995e-06
4.54403e-06
5.71829e-06
7.24104e-06
9.26154e-06
1.21199e-05
1.63186e-05
2.87566e-05
4.81765e-05
0.000115893
0.000131838
0.000124474
7.25634e-05
1.1393e-05
-8.47221e-05
-0.000208721
-0.0002425
-0.000155548
)
;

boundaryField
{
    leftWall
    {
        type            calculated;
        value           uniform 0;
    }
    rightWall
    {
        type            calculated;
        value           uniform 0;
    }
    lowerWall
    {
        type            calculated;
        value           uniform 0;
    }
    atmosphere
    {
        type            calculated;
        value           nonuniform List<scalar> 
46
(
-3.89762e-05
-4.04512e-05
-4.0236e-05
-4.05242e-05
-4.07004e-05
-4.09179e-05
-4.1166e-05
-4.14528e-05
-4.17872e-05
-4.21798e-05
-4.26433e-05
-4.31927e-05
-4.38457e-05
-4.46235e-05
-4.55508e-05
-4.66567e-05
-4.79753e-05
-4.95477e-05
-5.14237e-05
-5.36631e-05
-5.63385e-05
-5.95382e-05
-6.33689e-05
-3.15537e-05
-3.26819e-05
-3.39153e-05
-3.52655e-05
-8.86744e-05
-9.86192e-05
-0.000110921
-0.000126212
-0.000145325
-0.000169483
-0.000200697
-0.00023534
-0.000306152
-0.000374161
8.11465e-06
0.000200904
0.000232097
-0.000106151
0.000240811
0.000841297
0.000912855
0.000567824
0.000148007
)
;
    }
    defaultFaces
    {
        type            empty;
    }
}


// ************************************************************************* //
