/*--------------------------------*- C++ -*----------------------------------*\
  =========                 |
  \\      /  F ield         | OpenFOAM: The Open Source CFD Toolbox
   \\    /   O peration     | Website:  https://openfoam.org
    \\  /    A nd           | Version:  13
     \\/     M anipulation  |
\*---------------------------------------------------------------------------*/
FoamFile
{
    format      ascii;
    class       volVectorField;
    location    "0.4";
    object      U;
}
// * * * * * * * * * * * * * * * * * * * * * * * * * * * * * * * * * * * * * //

dimensions      [0 1 -1 0 0 0 0];

internalField   nonuniform List<vector> 
2268
(
(-0.0335674 0.00889899 0)
(-0.0447874 -0.00200727 0)
(-0.00664464 -0.0123367 0)
(0.0598603 -0.017134 0)
(0.134233 -0.0175698 0)
(0.205135 -0.0153481 0)
(0.26474 -0.0121897 0)
(0.310508 -0.00914776 0)
(0.343958 -0.00664537 0)
(0.368006 -0.00473193 0)
(0.385156 -0.00327001 0)
(0.396881 -0.00202684 0)
(0.403476 -0.000705709 0)
(0.404164 0.00172805 0)
(0.393938 0.00583866 0)
(0.367688 0.0124278 0)
(0.3174 0.0222367 0)
(0.232397 0.033568 0)
(0.104891 0.0374908 0)
(-0.0260877 0.0220629 0)
(-0.160001 0.0186147 0)
(-0.242165 0.0103394 0)
(-0.0890876 -0.0603118 0)
(-0.037815 0.0266201 0)
(-0.0424342 -0.00759972 0)
(-0.00365466 -0.0375576 0)
(0.0636887 -0.0517219 0)
(0.137962 -0.0528852 0)
(0.20809 -0.0462045 0)
(0.266731 -0.0367991 0)
(0.311814 -0.0277841 0)
(0.345078 -0.0203974 0)
(0.369429 -0.0147569 0)
(0.387271 -0.0104354 0)
(0.399987 -0.0067698 0)
(0.408155 -0.00298395 0)
(0.4116 0.00202885 0)
(0.412618 0.00959682 0)
(0.411085 0.0212347 0)
(0.404444 0.0393888 0)
(0.382109 0.0655714 0)
(0.313761 0.0921444 0)
(0.1752 0.0996368 0)
(-0.0352488 0.0759476 0)
(-0.166225 -0.0103601 0)
(-0.00051987 -0.137231 0)
(-0.0348586 0.0438396 0)
(-0.0383259 -0.0141705 0)
(0.00191515 -0.0630194 0)
(0.0695839 -0.0860504 0)
(0.142698 -0.087485 0)
(0.210649 -0.0761392 0)
(0.266888 -0.0605241 0)
(0.310107 -0.0457514 0)
(0.342407 -0.0337854 0)
(0.366689 -0.0247175 0)
(0.385167 -0.01777 0)
(0.399006 -0.0118627 0)
(0.408426 -0.00588175 0)
(0.41304 0.000915275 0)
(0.41203 0.00976183 0)
(0.404987 0.0224907 0)
(0.393953 0.0423934 0)
(0.384759 0.0750136 0)
(0.377264 0.120834 0)
(0.329552 0.161207 0)
(0.202213 0.15589 0)
(0.0425616 0.0342645 0)
(0.0688615 -0.143883 0)
(-0.0320601 0.059137 0)
(-0.0318276 -0.0216654 0)
(0.00993969 -0.0888447 0)
(0.0774452 -0.120019 0)
(0.148572 -0.121084 0)
(0.213379 -0.104832 0)
(0.266384 -0.083165 0)
(0.307263 -0.0630461 0)
(0.33854 -0.0469921 0)
(0.363038 -0.0349352 0)
(0.382648 -0.0256847 0)
(0.398177 -0.0177331 0)
(0.409605 -0.00964917 0)
(0.416355 -0.000104923 0)
(0.41759 0.0119248 0)
(0.412369 0.027871 0)
(0.400603 0.049457 0)
(0.384597 0.0800097 0)
(0.379322 0.125902 0)
(0.384428 0.182808 0)
(0.352317 0.205232 0)
(0.230867 0.0958515 0)
(0.143952 -0.079384 0)
(-0.028922 0.0718731 0)
(-0.0228448 -0.0309108 0)
(0.0199963 -0.114569 0)
(0.0865016 -0.152983 0)
(0.154954 -0.152989 0)
(0.21597 -0.131656 0)
(0.265221 -0.104295 0)
(0.303523 -0.0794955 0)
(0.333872 -0.0600542 0)
(0.358921 -0.045571 0)
(0.380112 -0.0343882 0)
(0.39779 -0.0245901 0)
(0.411596 -0.0144421 0)
(0.420799 -0.0025199 0)
(0.424612 0.0123997 0)
(0.422371 0.0314418 0)
(0.414026 0.0558882 0)
(0.399613 0.0866163 0)
(0.384755 0.125933 0)
(0.387079 0.178732 0)
(0.400804 0.220076 0)
(0.323512 0.158787 0)
(0.189588 0.0161171 0)
(-0.024802 0.0814316 0)
(-0.0112876 -0.0419708 0)
(0.0313626 -0.139803 0)
(0.0953902 -0.18447 0)
(0.160703 -0.182943 0)
(0.217862 -0.156435 0)
(0.263468 -0.123789 0)
(0.299477 -0.0950735 0)
(0.329332 -0.073054 0)
(0.355427 -0.0567747 0)
(0.378654 -0.0440433 0)
(0.398841 -0.032577 0)
(0.415258 -0.0204444 0)
(0.426991 -0.00616452 0)
(0.433245 0.0114862 0)
(0.433572 0.0334323 0)
(0.428145 0.0605379 0)
(0.417469 0.0932287 0)
(0.402345 0.130319 0)
(0.387776 0.173952 0)
(0.399217 0.222635 0)
(0.351643 0.214173 0)
(0.213338 0.13976 0)
(-0.0191978 0.0870037 0)
(0.00249414 -0.0544306 0)
(0.04358 -0.164739 0)
(0.103476 -0.215144 0)
(0.1648 -0.211933 0)
(0.218117 -0.180112 0)
(0.260578 -0.142452 0)
(0.29501 -0.110444 0)
(0.325144 -0.0865094 0)
(0.352976 -0.0689187 0)
(0.378782 -0.0548737 0)
(0.401876 -0.0417406 0)
(0.421196 -0.0274636 0)
(0.435677 -0.0106467 0)
(0.44441 0.00952702 0)
(0.446966 0.0340429 0)
(0.443645 0.0637085 0)
(0.435023 0.0987264 0)
(0.423162 0.137826 0)
(0.40223 0.178493 0)
(0.394761 0.229382 0)
(0.35825 0.262591 0)
(0.238456 0.263688 0)
(-0.0118449 0.08871 0)
(0.0184242 -0.0683326 0)
(0.0597935 -0.189881 0)
(0.114449 -0.244684 0)
(0.169556 -0.239456 0)
(0.217896 -0.202306 0)
(0.257186 -0.16008 0)
(0.290477 -0.12564 0)
(0.32134 -0.100651 0)
(0.351179 -0.0823869 0)
(0.379646 -0.0674559 0)
(0.405629 -0.052924 0)
(0.427879 -0.036569 0)
(0.44527 -0.0168676 0)
(0.457049 0.00685775 0)
(0.462559 0.034344 0)
(0.461759 0.0659553 0)
(0.454685 0.102016 0)
(0.444368 0.14286 0)
(0.425819 0.185429 0)
(0.405139 0.23934 0)
(0.371437 0.307091 0)
(0.234314 0.415057 0)
(0.189844 -0.0696364 0)
(0.494729 -0.0246319 0)
(0.519483 0.0248537 0)
(0.368103 0.0238023 0)
(0.262882 0.0174417 0)
(0.165499 0.0187826 0)
(0.0758167 0.0197717 0)
(-0.0124517 0.0175662 0)
(-0.0841253 0.0151005 0)
(-0.142846 0.0123434 0)
(-0.187842 0.00917523 0)
(-0.218653 0.00625547 0)
(-0.23556 0.0027884 0)
(-0.23631 -0.00118951 0)
(-0.221103 -0.00507384 0)
(-0.190515 -0.00895644 0)
(-0.143354 -0.013051 0)
(-0.0817137 -0.0162232 0)
(-0.0234877 -0.0120783 0)
(0.143655 -0.239867 0)
(0.514079 -0.11015 0)
(0.613314 0.0616246 0)
(0.431886 0.0871327 0)
(0.264469 0.0690886 0)
(0.127123 0.0639586 0)
(0.0243793 0.058964 0)
(-0.0578113 0.0481804 0)
(-0.113726 0.0395037 0)
(-0.158053 0.0312072 0)
(-0.188916 0.0217797 0)
(-0.208061 0.0139083 0)
(-0.216946 0.00537928 0)
(-0.214739 -0.00429302 0)
(-0.199772 -0.013958 0)
(-0.171743 -0.0236156 0)
(-0.128903 -0.0337837 0)
(-0.0721892 -0.041823 0)
(-0.0197863 -0.0309685 0)
(0.009364 -0.386074 0)
(0.451008 -0.232533 0)
(0.610983 0.0905156 0)
(0.425679 0.160127 0)
(0.253721 0.13146 0)
(0.121391 0.113901 0)
(0.0247185 0.097564 0)
(-0.0522263 0.0757373 0)
(-0.107459 0.0607438 0)
(-0.155435 0.0479375 0)
(-0.190923 0.0324869 0)
(-0.214052 0.020371 0)
(-0.226563 0.00734291 0)
(-0.225699 -0.00789874 0)
(-0.210453 -0.0230515 0)
(-0.181205 -0.0384223 0)
(-0.13618 -0.0547715 0)
(-0.076403 -0.0673131 0)
(-0.0208579 -0.0486641 0)
(-0.100852 -0.455531 0)
(0.358569 -0.379233 0)
(0.583546 0.103648 0)
(0.407906 0.230293 0)
(0.249679 0.190796 0)
(0.125923 0.1631 0)
(0.0267517 0.135889 0)
(-0.0545128 0.103759 0)
(-0.11141 0.0833461 0)
(-0.161901 0.067134 0)
(-0.198726 0.0451303 0)
(-0.222051 0.0289986 0)
(-0.236223 0.0110402 0)
(-0.236636 -0.0109464 0)
(-0.221516 -0.0324821 0)
(-0.191533 -0.0544058 0)
(-0.144389 -0.077822 0)
(-0.0810892 -0.0955353 0)
(-0.0220617 -0.0689051 0)
(-0.103005 -0.498361 0)
(0.314929 -0.496283 0)
(0.542192 0.0805449 0)
(0.363067 0.294155 0)
(0.237238 0.245948 0)
(0.121715 0.21167 0)
(0.0158875 0.17535 0)
(-0.0672619 0.132826 0)
(-0.120853 0.106191 0)
(-0.171719 0.0873497 0)
(-0.208651 0.0569409 0)
(-0.2308 0.0374091 0)
(-0.246583 0.0153282 0)
(-0.248227 -0.0137762 0)
(-0.232915 -0.0419406 0)
(-0.202045 -0.0707705 0)
(-0.152691 -0.101829 0)
(-0.085673 -0.125029 0)
(-0.0231139 -0.0901915 0)
(0.100708 -0.551555 0)
(0.343596 -0.607713 0)
(0.513282 0.120113 0)
(0.281341 0.332231 0)
(0.211031 0.283804 0)
(0.109872 0.261473 0)
(-0.00357306 0.217466 0)
(-0.0854691 0.160355 0)
(-0.132699 0.125831 0)
(-0.184082 0.10684 0)
(-0.221482 0.0668168 0)
(-0.241127 0.04626 0)
(-0.259383 0.0208141 0)
(-0.262822 -0.0167015 0)
(-0.24696 -0.0517278 0)
(-0.21485 -0.0878031 0)
(-0.16262 -0.127196 0)
(-0.0910894 -0.156185 0)
(-0.0243268 -0.112665 0)
(0.401417 -0.71672 0)
(0.359347 -0.691992 0)
(0.484076 0.197904 0)
(0.171028 0.402599 0)
(0.187861 0.321446 0)
(0.0981401 0.307057 0)
(-0.0304344 0.253839 0)
(-0.109071 0.189528 0)
(-0.14563 0.152505 0)
(-0.197677 0.134359 0)
(-0.23545 0.0789707 0)
(-0.250932 0.0543779 0)
(-0.273637 0.0276329 0)
(-0.279568 -0.0195696 0)
(-0.263217 -0.0615176 0)
(-0.230597 -0.105568 0)
(-0.174782 -0.15405 0)
(-0.0977396 -0.189005 0)
(-0.0258848 -0.136574 0)
(0.459611 -0.946678 0)
(0.185718 -0.772341 0)
(0.371522 0.211379 0)
(0.0164979 0.399542 0)
(0.187526 0.305242 0)
(0.0973552 0.373904 0)
(-0.0521557 0.310929 0)
(-0.125366 0.211944 0)
(-0.153869 0.146673 0)
(-0.210271 0.139373 0)
(-0.250186 0.0730418 0)
(-0.257554 0.0637343 0)
(-0.286174 0.0383167 0)
(-0.295991 -0.0220086 0)
(-0.278505 -0.0712716 0)
(-0.248248 -0.124938 0)
(-0.189667 -0.183731 0)
(-0.106014 -0.224782 0)
(-0.0280687 -0.162768 0)
(0.00166193 0.0751145 0)
(0.0522994 -0.096503 0)
(0.107985 -0.226219 0)
(0.152967 -0.280473 0)
(0.18916 -0.271552 0)
(0.224205 -0.229016 0)
(0.257741 -0.182763 0)
(0.290142 -0.146871 0)
(0.322786 -0.121755 0)
(0.355611 -0.103245 0)
(0.387208 -0.0873198 0)
(0.415938 -0.0710414 0)
(0.440504 -0.0524533 0)
(0.460145 -0.030238 0)
(0.474539 -0.0027914 0)
(0.483625 0.0316539 0)
(0.487364 0.0719268 0)
(0.485531 0.114925 0)
(0.478935 0.159978 0)
(0.469373 0.206399 0)
(0.455118 0.262111 0)
(0.465235 0.331571 0)
(0.465506 0.505894 0)
(0.0207047 0.0289123 0)
(0.122284 -0.153344 0)
(0.213028 -0.271013 0)
(0.239588 -0.312685 0)
(0.233693 -0.299386 0)
(0.242138 -0.258452 0)
(0.268134 -0.215058 0)
(0.302486 -0.181093 0)
(0.340498 -0.156409 0)
(0.379456 -0.136433 0)
(0.416141 -0.116741 0)
(0.448124 -0.0946928 0)
(0.473909 -0.0692772 0)
(0.49327 -0.0409395 0)
(0.506864 -0.0107822 0)
(0.516387 0.0204293 0)
(0.521033 0.0566171 0)
(0.521327 0.0981575 0)
(0.519656 0.144018 0)
(0.520698 0.194527 0)
(0.521034 0.252586 0)
(0.535895 0.30795 0)
(0.562385 0.401415 0)
(0.0438265 -0.0750213 0)
(0.219041 -0.271018 0)
(0.338902 -0.335023 0)
(0.324363 -0.320976 0)
(0.258381 -0.299012 0)
(0.23686 -0.281074 0)
(0.256346 -0.260582 0)
(0.292945 -0.238875 0)
(0.337022 -0.218494 0)
(0.383537 -0.198444 0)
(0.429385 -0.175792 0)
(0.472454 -0.148504 0)
(0.51017 -0.115658 0)
(0.540534 -0.0766271 0)
(0.559427 -0.0311897 0)
(0.564039 0.0214224 0)
(0.558672 0.0790568 0)
(0.547884 0.13386 0)
(0.540879 0.177937 0)
(0.544089 0.218861 0)
(0.552731 0.260642 0)
(0.564912 0.296503 0)
(0.580931 0.332762 0)
(0.084998 -0.221025 0)
(0.272093 -0.459923 0)
(0.377023 -0.391889 0)
(0.255443 -0.238087 0)
(0.153706 -0.219786 0)
(0.123177 -0.25489 0)
(0.11822 -0.2685 0)
(0.12763 -0.263779 0)
(0.153702 -0.250332 0)
(0.186527 -0.232501 0)
(0.2314 -0.210596 0)
(0.288528 -0.181839 0)
(0.357106 -0.14513 0)
(0.429719 -0.100851 0)
(0.510126 -0.048941 0)
(0.581382 0.00338879 0)
(0.620017 0.0491522 0)
(0.63261 0.0881807 0)
(0.632418 0.127568 0)
(0.621578 0.180308 0)
(0.607774 0.236256 0)
(0.600458 0.280104 0)
(0.60458 0.313906 0)
(0.0385269 -0.504755 0)
(0.125056 -0.624932 0)
(0.0902007 -0.266736 0)
(-0.0204394 -0.088171 0)
(-0.0112814 -0.149565 0)
(-0.0276589 -0.214381 0)
(-0.0569354 -0.228489 0)
(-0.0844461 -0.236757 0)
(-0.106627 -0.235677 0)
(-0.126234 -0.232348 0)
(-0.123276 -0.230368 0)
(-0.106133 -0.220464 0)
(-0.076308 -0.197095 0)
(-0.0971091 -0.169896 0)
(-0.0496004 -0.121588 0)
(-0.220719 -0.0489842 0)
(0.0972834 0.0377267 0)
(0.432441 0.118856 0)
(0.574857 0.16162 0)
(0.623062 0.208065 0)
(0.64056 0.250686 0)
(0.654104 0.28707 0)
(0.660084 0.319373 0)
(-0.0652926 -0.460696 0)
(-0.182587 -0.267346 0)
(-0.190764 -0.162719 0)
(-0.128815 -0.176144 0)
(-0.064877 -0.201365 0)
(-0.0576743 -0.215615 0)
(-0.07114 -0.214596 0)
(-0.0891303 -0.217083 0)
(-0.1092 -0.216871 0)
(-0.118927 -0.229578 0)
(-0.120949 -0.245168 0)
(-0.114699 -0.24209 0)
(-0.111392 -0.205105 0)
(-0.135711 -0.125648 0)
(-0.217937 -0.0311325 0)
(-0.278443 -0.160735 0)
(-0.21192 -0.406483 0)
(-0.117882 -0.320789 0)
(0.104304 -0.0318218 0)
(0.364926 0.17287 0)
(0.503193 0.241616 0)
(0.59936 0.273081 0)
(0.649305 0.31022 0)
(-0.109692 -0.271815 0)
(-0.147913 -0.414445 0)
(-0.132426 -0.344491 0)
(-0.0874728 -0.244598 0)
(-0.0809204 -0.217312 0)
(-0.0744085 -0.216482 0)
(-0.0815093 -0.213788 0)
(-0.0909372 -0.211979 0)
(-0.100887 -0.218285 0)
(-0.108763 -0.235528 0)
(-0.113642 -0.254791 0)
(-0.115367 -0.254075 0)
(-0.11444 -0.205382 0)
(-0.103283 -0.0901271 0)
(-0.126281 0.0224793 0)
(-0.101081 -0.0729672 0)
(-0.00145331 -0.324702 0)
(0.0434962 -0.372486 0)
(0.190091 -0.36534 0)
(0.4164 -0.217528 0)
(0.671754 0.0690869 0)
(0.755154 0.161389 0)
(0.674959 0.236842 0)
(-0.0559742 -0.207907 0)
(-0.0548671 -0.374675 0)
(-0.0791304 -0.29179 0)
(-0.0764715 -0.248986 0)
(-0.0722761 -0.224044 0)
(-0.0674577 -0.215987 0)
(-0.0689362 -0.20743 0)
(-0.0732907 -0.201606 0)
(-0.081093 -0.204511 0)
(-0.0930197 -0.219181 0)
(-0.107998 -0.237214 0)
(-0.123646 -0.240227 0)
(-0.131384 -0.200288 0)
(-0.108035 -0.0997984 0)
(-0.0752654 -0.0378546 0)
(0.0396118 -0.218 0)
(0.0622773 -0.41434 0)
(0.0754569 -0.461673 0)
(0.140863 -0.454454 0)
(0.223626 -0.394968 0)
(0.496693 -0.127948 0)
(0.713158 0.149462 0)
(0.785724 0.346455 0)
(-0.0230106 -0.161422 0)
(-0.0394792 -0.3439 0)
(-0.0592796 -0.286816 0)
(-0.0600665 -0.246382 0)
(-0.0595422 -0.227331 0)
(-0.0575825 -0.217561 0)
(-0.0572633 -0.206791 0)
(-0.0582577 -0.196996 0)
(-0.0625375 -0.194818 0)
(-0.0722606 -0.203882 0)
(-0.0873543 -0.21934 0)
(-0.104816 -0.22775 0)
(-0.113806 -0.209838 0)
(-0.0870121 -0.156983 0)
(-0.00838241 -0.133374 0)
(0.0722639 -0.24924 0)
(0.0518753 -0.359974 0)
(0.0185066 -0.431229 0)
(0.0198596 -0.490253 0)
(0.0219133 -0.502708 0)
(0.0871579 -0.365767 0)
(0.322244 -0.0507788 0)
(0.522789 0.224993 0)
(-0.00952895 -0.138021 0)
(-0.0278911 -0.330825 0)
(-0.04239 -0.282343 0)
(-0.0459952 -0.243665 0)
(-0.0476808 -0.227557 0)
(-0.0474523 -0.218162 0)
(-0.0465273 -0.207579 0)
(-0.0445566 -0.196622 0)
(-0.0432917 -0.190685 0)
(-0.0455615 -0.194025 0)
(-0.0529804 -0.204723 0)
(-0.0633609 -0.215191 0)
(-0.068738 -0.216289 0)
(-0.0532015 -0.204584 0)
(0.00419169 -0.20428 0)
(0.0414581 -0.262518 0)
(0.0387783 -0.342833 0)
(0.017183 -0.415088 0)
(-0.0226482 -0.480489 0)
(-0.0578777 -0.486509 0)
(-0.117029 -0.383202 0)
(-0.0988628 -0.192625 0)
(0.0562041 0.0402875 0)
(-0.00366028 -0.12354 0)
(-0.0171457 -0.314814 0)
(-0.0302307 -0.272853 0)
(-0.0353365 -0.239753 0)
(-0.0375871 -0.226597 0)
(-0.0381232 -0.218603 0)
(-0.0369756 -0.209781 0)
(-0.0335235 -0.200205 0)
(-0.0284796 -0.193343 0)
(-0.0243667 -0.192964 0)
(-0.0235931 -0.199538 0)
(-0.0256001 -0.209551 0)
(-0.0265805 -0.218619 0)
(-0.0196126 -0.226011 0)
(0.00136486 -0.237969 0)
(0.0221844 -0.27913 0)
(0.0118433 -0.327576 0)
(-0.0192928 -0.376182 0)
(-0.078468 -0.437656 0)
(-0.135323 -0.442996 0)
(-0.170954 -0.355762 0)
(-0.196874 -0.249844 0)
(-0.0985334 -0.103406 0)
(-0.000986913 -0.115844 0)
(-0.0111336 -0.303071 0)
(-0.0218688 -0.265282 0)
(-0.0267976 -0.235398 0)
(-0.0295077 -0.224843 0)
(-0.0304697 -0.218671 0)
(-0.0297049 -0.212104 0)
(-0.0265706 -0.205084 0)
(-0.0210406 -0.199528 0)
(-0.0147117 -0.198104 0)
(-0.0098745 -0.202109 0)
(-0.00748633 -0.210342 0)
(-0.00673735 -0.220446 0)
(-0.00546048 -0.231599 0)
(-0.00196928 -0.247544 0)
(-0.00378858 -0.272471 0)
(-0.0215506 -0.301796 0)
(-0.0530148 -0.33063 0)
(-0.116169 -0.368239 0)
(-0.202298 -0.374728 0)
(-0.257867 -0.321939 0)
(-0.278935 -0.248759 0)
(-0.254684 -0.162721 0)
(0.000233789 -0.111091 0)
(-0.00746472 -0.293971 0)
(-0.0160616 -0.258471 0)
(-0.020593 -0.231436 0)
(-0.0232628 -0.222883 0)
(-0.0245149 -0.218291 0)
(-0.0243677 -0.21359 0)
(-0.0224699 -0.208888 0)
(-0.0186117 -0.205217 0)
(-0.0135688 -0.20408 0)
(-0.00903 -0.206576 0)
(-0.00648448 -0.212458 0)
(-0.00650572 -0.220563 0)
(-0.0086898 -0.230185 0)
(-0.0133021 -0.242064 0)
(-0.0233101 -0.258812 0)
(-0.0423958 -0.276656 0)
(-0.0708153 -0.291394 0)
(-0.114819 -0.304849 0)
(-0.183759 -0.304346 0)
(-0.248492 -0.282024 0)
(-0.291788 -0.24693 0)
(-0.319713 -0.199705 0)
(0.000567526 -0.108202 0)
(-0.00519091 -0.286802 0)
(-0.0120191 -0.252776 0)
(-0.0160165 -0.227818 0)
(-0.0185175 -0.220866 0)
(-0.0199306 -0.217514 0)
(-0.0203136 -0.214076 0)
(-0.0196108 -0.210835 0)
(-0.0177788 -0.208492 0)
(-0.0151905 -0.207781 0)
(-0.0128547 -0.209292 0)
(-0.0120137 -0.213039 0)
(-0.0134814 -0.218595 0)
(-0.0175775 -0.225441 0)
(-0.0245374 -0.233775 0)
(-0.0359724 -0.24394 0)
(-0.0536728 -0.254008 0)
(-0.0781429 -0.261165 0)
(-0.11032 -0.26301 0)
(-0.147253 -0.253594 0)
(-0.185309 -0.228941 0)
(-0.219635 -0.192673 0)
(-0.24761 -0.146597 0)
(0.000517859 -0.10619 0)
(-0.00375525 -0.281316 0)
(-0.00916459 -0.24807 0)
(-0.0126506 -0.224632 0)
(-0.0149269 -0.218883 0)
(-0.0164137 -0.216474 0)
(-0.01716 -0.213857 0)
(-0.0172472 -0.211385 0)
(-0.0168124 -0.209652 0)
(-0.0161412 -0.209035 0)
(-0.0158006 -0.209772 0)
(-0.0165531 -0.211905 0)
(-0.0190867 -0.215271 0)
(-0.0237879 -0.219591 0)
(-0.0312275 -0.224569 0)
(-0.042245 -0.229939 0)
(-0.0578504 -0.234278 0)
(-0.0785993 -0.23569 0)
(-0.1043 -0.232469 0)
(-0.133458 -0.221173 0)
(-0.161834 -0.200407 0)
(-0.186005 -0.17248 0)
(-0.203194 -0.136721 0)
(0.00040863 -0.104694 0)
(-0.0027951 -0.27708 0)
(-0.00712905 -0.244167 0)
(-0.0101473 -0.221851 0)
(-0.0121947 -0.217004 0)
(-0.0136797 -0.215282 0)
(-0.0146568 -0.213222 0)
(-0.0152132 -0.211163 0)
(-0.015538 -0.20961 0)
(-0.0159157 -0.208822 0)
(-0.0167115 -0.208889 0)
(-0.0183814 -0.20981 0)
(-0.0214253 -0.21145 0)
(-0.0262415 -0.213585 0)
(-0.0333662 -0.215893 0)
(-0.0432774 -0.217714 0)
(-0.0563729 -0.218094 0)
(-0.0728823 -0.215671 0)
(-0.0923403 -0.209031 0)
(-0.113337 -0.196585 0)
(-0.133593 -0.17764 0)
(-0.150867 -0.15279 0)
(-0.162646 -0.122369 0)
(0.000352566 -0.103583 0)
(-0.00207893 -0.273755 0)
(-0.00564694 -0.240887 0)
(-0.00824362 -0.219452 0)
(-0.0100605 -0.215272 0)
(-0.011489 -0.214016 0)
(-0.0125965 -0.212332 0)
(-0.0134422 -0.210516 0)
(-0.0141896 -0.208978 0)
(-0.0150804 -0.207922 0)
(-0.0163971 -0.207374 0)
(-0.0184623 -0.207305 0)
(-0.0216409 -0.207532 0)
(-0.0262911 -0.207892 0)
(-0.032765 -0.207989 0)
(-0.0413486 -0.207282 0)
(-0.0521567 -0.204975 0)
(-0.065192 -0.20003 0)
(-0.0799291 -0.191598 0)
(-0.095292 -0.178755 0)
(-0.109809 -0.161364 0)
(-0.121991 -0.139784 0)
(-0.129853 -0.114176 0)
(0.000401059 -0.102805 0)
(-0.00147576 -0.271086 0)
(-0.00453415 -0.238085 0)
(-0.00674253 -0.217391 0)
(-0.00832852 -0.213711 0)
(-0.00965456 -0.212751 0)
(-0.0108044 -0.211292 0)
(-0.0118041 -0.209601 0)
(-0.0127874 -0.208033 0)
(-0.0139384 -0.206694 0)
(-0.0154732 -0.20559 0)
(-0.0176152 -0.204666 0)
(-0.0206934 -0.203786 0)
(-0.0249148 -0.202738 0)
(-0.0305214 -0.201109 0)
(-0.0376843 -0.198579 0)
(-0.0463094 -0.194392 0)
(-0.0564048 -0.18799 0)
(-0.0674126 -0.178662 0)
(-0.0784814 -0.165981 0)
(-0.0886454 -0.150001 0)
(-0.0969214 -0.130995 0)
(-0.101782 -0.108917 0)
(0.000554178 -0.102394 0)
(-0.000904764 -0.268862 0)
(-0.00365083 -0.235646 0)
(-0.00551044 -0.21563 0)
(-0.00686285 -0.212341 0)
(-0.00804365 -0.211558 0)
(-0.00914209 -0.210211 0)
(-0.0101808 -0.208564 0)
(-0.0112452 -0.206922 0)
(-0.0124645 -0.205328 0)
(-0.0140117 -0.203766 0)
(-0.0160684 -0.202157 0)
(-0.0188341 -0.200413 0)
(-0.0223906 -0.198263 0)
(-0.0270254 -0.195432 0)
(-0.0327241 -0.191598 0)
(-0.0393644 -0.186294 0)
(-0.0469087 -0.179018 0)
(-0.0548051 -0.169356 0)
(-0.0625399 -0.157079 0)
(-0.0693704 -0.142313 0)
(-0.0746861 -0.125332 0)
(-0.0772619 -0.105933 0)
(0.00082101 -0.102368 0)
(-0.000328932 -0.266941 0)
(-0.00292215 -0.233499 0)
(-0.00445125 -0.214152 0)
(-0.00556638 -0.211184 0)
(-0.00656643 -0.210496 0)
(-0.00754319 -0.209195 0)
(-0.00850405 -0.207548 0)
(-0.0095084 -0.205807 0)
(-0.0106522 -0.203999 0)
(-0.0120537 -0.202084 0)
(-0.013839 -0.199971 0)
(-0.0161378 -0.197545 0)
(-0.0189784 -0.194607 0)
(-0.0225691 -0.190995 0)
(-0.0269184 -0.186282 0)
(-0.0317476 -0.180309 0)
(-0.0370762 -0.172595 0)
(-0.0425274 -0.162907 0)
(-0.0476151 -0.151127 0)
(-0.051844 -0.137432 0)
(-0.054862 -0.122087 0)
(-0.0556273 -0.10477 0)
(0.00114876 -0.10276 0)
(0.000236951 -0.26522 0)
(-0.00227941 -0.231591 0)
(-0.00349774 -0.212945 0)
(-0.00437268 -0.210253 0)
(-0.00516598 -0.209609 0)
(-0.00596738 -0.208319 0)
(-0.00676868 -0.206656 0)
(-0.00760674 -0.204834 0)
(-0.00854997 -0.202858 0)
(-0.00968001 -0.200674 0)
(-0.011078 -0.198199 0)
(-0.0128198 -0.195312 0)
(-0.0149385 -0.191852 0)
(-0.0175014 -0.187703 0)
(-0.0205206 -0.182513 0)
(-0.0238325 -0.176116 0)
(-0.0273023 -0.168306 0)
(-0.0306646 -0.15878 0)
(-0.0336314 -0.147551 0)
(-0.0357687 -0.13481 0)
(-0.0369355 -0.120775 0)
(-0.036211 -0.105092 0)
(0.0015109 -0.103622 0)
(0.000786995 -0.263606 0)
(-0.00168305 -0.229886 0)
(-0.00260253 -0.212001 0)
(-0.00323626 -0.20956 0)
(-0.00380499 -0.20893 0)
(-0.00439324 -0.207637 0)
(-0.00497953 -0.205963 0)
(-0.00557869 -0.20409 0)
(-0.00623782 -0.201999 0)
(-0.00701536 -0.199637 0)
(-0.00795614 -0.19693 0)
(-0.00909769 -0.193759 0)
(-0.0104629 -0.189991 0)
(-0.0120654 -0.185502 0)
(-0.0138787 -0.180086 0)
(-0.0157923 -0.173559 0)
(-0.0176776 -0.165775 0)
(-0.0193123 -0.156564 0)
(-0.0205127 -0.145912 0)
(-0.0209043 -0.134029 0)
(-0.0205471 -0.121037 0)
(-0.0185688 -0.106664 0)
(0.00187267 -0.104968 0)
(0.00131849 -0.262057 0)
(-0.00109187 -0.22838 0)
(-0.00172521 -0.211313 0)
(-0.00212219 -0.209114 0)
(-0.00245459 -0.208483 0)
(-0.00280682 -0.207184 0)
(-0.00314473 -0.205514 0)
(-0.00345672 -0.20362 0)
(-0.00377841 -0.201483 0)
(-0.00416272 -0.19904 0)
(-0.0046151 -0.196208 0)
(-0.00514008 -0.192891 0)
(-0.0057502 -0.188976 0)
(-0.00643064 -0.18435 0)
(-0.0071472 -0.178872 0)
(-0.00781925 -0.172402 0)
(-0.00832923 -0.16481 0)
(-0.00848904 -0.155976 0)
(-0.00819125 -0.145888 0)
(-0.00706259 -0.134742 0)
(-0.00539078 -0.122717 0)
(-0.00231984 -0.109356 0)
(0.00220426 -0.10679 0)
(0.00183655 -0.260576 0)
(-0.000465983 -0.227068 0)
(-0.000824506 -0.21089 0)
(-0.000998693 -0.208907 0)
(-0.00108396 -0.208274 0)
(-0.0011867 -0.206995 0)
(-0.00125794 -0.205351 0)
(-0.00127231 -0.203476 0)
(-0.00124929 -0.201351 0)
(-0.00120677 -0.198905 0)
(-0.00114696 -0.196048 0)
(-0.00106571 -0.192703 0)
(-0.000952287 -0.188775 0)
(-0.000779083 -0.184168 0)
(-0.000502108 -0.17878 0)
(-4.85784e-05 -0.172495 0)
(0.000676487 -0.1652 0)
(0.00182035 -0.156798 0)
(0.00345644 -0.147277 0)
(0.00582666 -0.136805 0)
(0.00869395 -0.125604 0)
(0.0129021 -0.11309 0)
(0.00249565 -0.109067 0)
(0.00237845 -0.259217 0)
(0.000213198 -0.225983 0)
(0.000121203 -0.210706 0)
(0.000177178 -0.208936 0)
(0.000312664 -0.208311 0)
(0.000461997 -0.207075 0)
(0.000672177 -0.205492 0)
(0.000963922 -0.203682 0)
(0.00133989 -0.201614 0)
(0.00180052 -0.199224 0)
(0.00235368 -0.196436 0)
(0.00301532 -0.193173 0)
(0.00381067 -0.189351 0)
(0.0047771 -0.184888 0)
(0.00596266 -0.179699 0)
(0.00743168 -0.173694 0)
(0.00926324 -0.166781 0)
(0.0115732 -0.158873 0)
(0.0144057 -0.149943 0)
(0.0179487 -0.140139 0)
(0.0219345 -0.129581 0)
(0.0272176 -0.117855 0)
(0.00275764 -0.111779 0)
(0.0029604 -0.258056 0)
(0.000975667 -0.225151 0)
(0.0011319 -0.210735 0)
(0.00139521 -0.209191 0)
(0.00175741 -0.208592 0)
(0.00215414 -0.20741 0)
(0.00263995 -0.205919 0)
(0.00323757 -0.204212 0)
(0.00396088 -0.202255 0)
(0.00482308 -0.199988 0)
(0.00584287 -0.197343 0)
(0.00704787 -0.194249 0)
(0.00847434 -0.190632 0)
(0.0101673 -0.186418 0)
(0.0121781 -0.181534 0)
(0.0145657 -0.175904 0)
(0.017399 -0.169448 0)
(0.0207697 -0.162083 0)
(0.0247038 -0.153764 0)
(0.0293557 -0.144599 0)
(0.0344235 -0.134686 0)
(0.0407749 -0.123685 0)
(0.00303354 -0.11494 0)
(0.00360897 -0.257144 0)
(0.00179612 -0.224552 0)
(0.00218613 -0.210976 0)
(0.00264112 -0.209658 0)
(0.00323151 -0.209106 0)
(0.00387288 -0.208007 0)
(0.00463182 -0.206633 0)
(0.00553282 -0.205063 0)
(0.00659646 -0.203261 0)
(0.00784564 -0.201173 0)
(0.0093087 -0.198737 0)
(0.0110234 -0.195888 0)
(0.0130351 -0.19256 0)
(0.0153958 -0.188686 0)
(0.0181604 -0.1842 0)
(0.0213881 -0.17903 0)
(0.0251431 -0.173104 0)
(0.0295005 -0.166337 0)
(0.0344788 -0.158665 0)
(0.0402088 -0.150148 0)
(0.0463691 -0.140888 0)
(0.0538209 -0.130602 0)
(0.00337972 -0.118609 0)
(0.00432594 -0.25649 0)
(0.0026156 -0.224161 0)
(0.00323601 -0.211421 0)
(0.00386917 -0.210341 0)
(0.00468937 -0.20986 0)
(0.00557439 -0.208867 0)
(0.00660704 -0.207638 0)
(0.00781272 -0.206236 0)
(0.0092164 -0.204629 0)
(0.0108484 -0.202768 0)
(0.0127452 -0.200598 0)
(0.0149528 -0.19806 0)
(0.0175242 -0.195096 0)
(0.0205177 -0.191643 0)
(0.0239942 -0.187638 0)
(0.028018 -0.183013 0)
(0.0326553 -0.177694 0)
(0.0379742 -0.171593 0)
(0.0439973 -0.164627 0)
(0.0508426 -0.156804 0)
(0.0581918 -0.14823 0)
(0.0668677 -0.138679 0)
(0.00383841 -0.122863 0)
(0.00508578 -0.256029 0)
(0.0033539 -0.223926 0)
(0.00421623 -0.212059 0)
(0.00500997 -0.211238 0)
(0.00605678 -0.210848 0)
(0.00718005 -0.20999 0)
(0.00848345 -0.208935 0)
(0.00999377 -0.207736 0)
(0.0117393 -0.206364 0)
(0.0137565 -0.204776 0)
(0.0160879 -0.202925 0)
(0.0187866 -0.200758 0)
(0.0219127 -0.198223 0)
(0.0255306 -0.195265 0)
(0.0297103 -0.191824 0)
(0.0345264 -0.187831 0)
(0.0400553 -0.183211 0)
(0.0463697 -0.177871 0)
(0.0535118 -0.17171 0)
(0.0616036 -0.164685 0)
(0.0703601 -0.156887 0)
(0.0805503 -0.148146 0)
(0.0044268 -0.127766 0)
(0.00584678 -0.255612 0)
(0.0039244 -0.223768 0)
(0.00505177 -0.212869 0)
(0.00597251 -0.212323 0)
(0.0072268 -0.212047 0)
(0.0085652 -0.211353 0)
(0.0101178 -0.210505 0)
(0.0119139 -0.209547 0)
(0.0139849 -0.208452 0)
(0.0163727 -0.207185 0)
(0.0191251 -0.205704 0)
(0.022301 -0.203967 0)
(0.0259678 -0.201929 0)
(0.0301979 -0.199542 0)
(0.0350741 -0.196751 0)
(0.0406865 -0.193491 0)
(0.0471306 -0.189684 0)
(0.0544978 -0.185236 0)
(0.0628668 -0.180035 0)
(0.0723876 -0.173995 0)
(0.0828439 -0.167166 0)
(0.0949765 -0.159418 0)
(0.0051491 -0.133373 0)
(0.0065662 -0.255046 0)
(0.00424433 -0.223615 0)
(0.00566239 -0.213821 0)
(0.00664409 -0.213559 0)
(0.00805812 -0.213411 0)
(0.00955529 -0.212911 0)
(0.0112984 -0.212305 0)
(0.0133201 -0.211626 0)
(0.0156539 -0.210852 0)
(0.0183471 -0.209953 0)
(0.0214525 -0.208895 0)
(0.0250345 -0.207646 0)
(0.029168 -0.206173 0)
(0.0339364 -0.204437 0)
(0.0394388 -0.202391 0)
(0.0457861 -0.199977 0)
(0.0531001 -0.197124 0)
(0.0615036 -0.193741 0)
(0.0711266 -0.189718 0)
(0.0821717 -0.184941 0)
(0.0945205 -0.179399 0)
(0.108949 -0.172989 0)
(0.00600543 -0.139776 0)
(0.00720374 -0.25413 0)
(0.00424664 -0.223425 0)
(0.00597401 -0.214906 0)
(0.00690649 -0.214917 0)
(0.00839742 -0.214905 0)
(0.00995627 -0.214623 0)
(0.0117847 -0.214288 0)
(0.0139177 -0.213921 0)
(0.0163898 -0.213503 0)
(0.0192519 -0.213012 0)
(0.0225614 -0.212424 0)
(0.0263884 -0.211718 0)
(0.0308155 -0.210873 0)
(0.035939 -0.209866 0)
(0.0418764 -0.208663 0)
(0.0487613 -0.207219 0)
(0.056745 -0.205476 0)
(0.0659888 -0.20336 0)
(0.0766812 -0.200776 0)
(0.0890911 -0.197606 0)
(0.103209 -0.19378 0)
(0.119919 -0.189211 0)
(0.00696651 -0.147059 0)
(0.007708 -0.252639 0)
(0.00390301 -0.223161 0)
(0.00594487 -0.216093 0)
(0.00668006 -0.216341 0)
(0.00813826 -0.216469 0)
(0.00963248 -0.21642 0)
(0.0114071 -0.216372 0)
(0.0134968 -0.216337 0)
(0.0159344 -0.216298 0)
(0.0187723 -0.21624 0)
(0.0220715 -0.216152 0)
(0.0259073 -0.216026 0)
(0.0303695 -0.215858 0)
(0.0355666 -0.215642 0)
(0.0416323 -0.215364 0)
(0.0487209 -0.214999 0)
(0.0570098 -0.214511 0)
(0.0666961 -0.213854 0)
(0.0780252 -0.212966 0)
(0.0913239 -0.211747 0)
(0.106688 -0.210104 0)
(0.125149 -0.207966 0)
(0.00792895 -0.155101 0)
(0.00800669 -0.250239 0)
(0.00325287 -0.222663 0)
(0.00559557 -0.21718 0)
(0.0059798 -0.21761 0)
(0.0072958 -0.21788 0)
(0.0086021 -0.218068 0)
(0.0101857 -0.218307 0)
(0.0120765 -0.218602 0)
(0.0143031 -0.21894 0)
(0.0169185 -0.219316 0)
(0.0199869 -0.219732 0)
(0.0235873 -0.220195 0)
(0.0278141 -0.22072 0)
(0.0327836 -0.221324 0)
(0.0386411 -0.222016 0)
(0.0455541 -0.222796 0)
(0.0537166 -0.223657 0)
(0.0633531 -0.224592 0)
(0.0747506 -0.225585 0)
(0.0882699 -0.226583 0)
(0.104105 -0.227513 0)
(0.123406 -0.228356 0)
(0.00872028 -0.163508 0)
(0.00803406 -0.246607 0)
(0.00241398 -0.221695 0)
(0.00501626 -0.217833 0)
(0.00494301 -0.218384 0)
(0.00604268 -0.218794 0)
(0.00707909 -0.219209 0)
(0.00837709 -0.219717 0)
(0.0099585 -0.220318 0)
(0.0118481 -0.22101 0)
(0.0140997 -0.221796 0)
(0.0167812 -0.222693 0)
(0.0199723 -0.223725 0)
(0.0237673 -0.224928 0)
(0.0282855 -0.226343 0)
(0.0336763 -0.228007 0)
(0.0401112 -0.229944 0)
(0.0477886 -0.23218 0)
(0.0569475 -0.234758 0)
(0.0678939 -0.237713 0)
(0.0809962 -0.24106 0)
(0.0965308 -0.244792 0)
(0.115675 -0.24899 0)
(0.00916625 -0.172196 0)
(0.00776961 -0.242027 0)
(0.00155095 -0.220523 0)
(0.00432909 -0.2182 0)
(0.00378774 -0.218817 0)
(0.00465028 -0.219369 0)
(0.00539534 -0.219996 0)
(0.00637713 -0.220746 0)
(0.00760939 -0.221625 0)
(0.00911632 -0.222637 0)
(0.0109533 -0.223805 0)
(0.0131891 -0.225156 0)
(0.0159008 -0.226731 0)
(0.0191791 -0.228586 0)
(0.0231412 -0.230788 0)
(0.0279328 -0.233397 0)
(0.0337186 -0.236464 0)
(0.040692 -0.240052 0)
(0.0490939 -0.244253 0)
(0.0592258 -0.249161 0)
(0.0714475 -0.254862 0)
(0.0860816 -0.261436 0)
(0.104226 -0.269084 0)
(0.00911294 -0.181681 0)
(0.00720833 -0.23753 0)
(0.000812463 -0.220069 0)
(0.00361991 -0.219104 0)
(0.00270964 -0.21975 0)
(0.00335194 -0.220452 0)
(0.0038334 -0.221275 0)
(0.00452195 -0.222245 0)
(0.00542687 -0.223373 0)
(0.00657442 -0.224682 0)
(0.00801813 -0.226208 0)
(0.00982309 -0.227992 0)
(0.0120612 -0.230082 0)
(0.0148179 -0.232556 0)
(0.0182028 -0.235502 0)
(0.0223482 -0.239003 0)
(0.0274045 -0.243135 0)
(0.0335546 -0.248004 0)
(0.0410289 -0.253748 0)
(0.0501089 -0.260515 0)
(0.0611342 -0.268457 0)
(0.0744354 -0.277755 0)
(0.0909803 -0.288685 0)
(0.00840088 -0.191267 0)
(0.00631583 -0.233248 0)
(0.00029775 -0.220171 0)
(0.0029137 -0.220296 0)
(0.00181746 -0.220955 0)
(0.0022666 -0.2218 0)
(0.00253899 -0.222792 0)
(0.00298667 -0.22395 0)
(0.0036188 -0.225295 0)
(0.00446304 -0.226865 0)
(0.00556537 -0.228711 0)
(0.0069818 -0.230879 0)
(0.00877783 -0.233431 0)
(0.011032 -0.236457 0)
(0.0138389 -0.240065 0)
(0.0173097 -0.244358 0)
(0.021576 -0.249443 0)
(0.0268048 -0.255463 0)
(0.0332021 -0.262599 0)
(0.0410171 -0.271052 0)
(0.0505548 -0.281045 0)
(0.0621398 -0.292853 0)
(0.0765961 -0.306801 0)
(0.00699058 -0.197956 0)
(0.00512754 -0.22748 0)
(6.75331e-05 -0.218585 0)
(0.00223933 -0.219471 0)
(0.00118153 -0.220145 0)
(0.00146949 -0.221107 0)
(0.00160562 -0.222226 0)
(0.00188221 -0.223526 0)
(0.00231053 -0.22504 0)
(0.00291623 -0.226817 0)
(0.00373378 -0.228913 0)
(0.00480695 -0.231386 0)
(0.00619201 -0.234309 0)
(0.00795556 -0.237785 0)
(0.0101718 -0.241935 0)
(0.0129274 -0.24688 0)
(0.0163315 -0.252758 0)
(0.0205232 -0.259746 0)
(0.025669 -0.26806 0)
(0.0319717 -0.27795 0)
(0.039683 -0.289709 0)
(0.0491062 -0.303695 0)
(0.0608676 -0.320317 0)
(0.00513655 -0.200673 0)
(0.0038326 -0.22015 0)
(0.000110699 -0.214766 0)
(0.00166395 -0.216085 0)
(0.000851698 -0.216805 0)
(0.00102631 -0.217851 0)
(0.00110916 -0.219052 0)
(0.00129339 -0.220447 0)
(0.00159069 -0.222075 0)
(0.00202065 -0.223988 0)
(0.00260644 -0.226248 0)
(0.003379 -0.228923 0)
(0.00438028 -0.2321 0)
(0.00565886 -0.235888 0)
(0.00726702 -0.240412 0)
(0.00926701 -0.245812 0)
(0.0117389 -0.25225 0)
(0.0147823 -0.259925 0)
(0.0185151 -0.26908 0)
(0.0230826 -0.280002 0)
(0.0286673 -0.293034 0)
(0.0355019 -0.308595 0)
(0.0439523 -0.327196 0)
(0.00322034 -0.203606 0)
(0.00256408 -0.215732 0)
(0.000246732 -0.212999 0)
(0.00116235 -0.214502 0)
(0.000710484 -0.215322 0)
(0.000822256 -0.216427 0)
(0.000905182 -0.217688 0)
(0.00104884 -0.219148 0)
(0.00126116 -0.220851 0)
(0.00155333 -0.222852 0)
(0.0019391 -0.225217 0)
(0.00243721 -0.228023 0)
(0.00307242 -0.231361 0)
(0.0038729 -0.235344 0)
(0.00486943 -0.240102 0)
(0.0060993 -0.245785 0)
(0.00761015 -0.252569 0)
(0.00946007 -0.26067 0)
(0.0117188 -0.270348 0)
(0.0144728 -0.281913 0)
(0.0178296 -0.29574 0)
(0.0219221 -0.312286 0)
(0.0269103 -0.332114 0)
(0.0012682 -0.210542 0)
(0.00109419 -0.21856 0)
(0.000181641 -0.217383 0)
(0.000510069 -0.218941 0)
(0.00039849 -0.219892 0)
(0.00045644 -0.221071 0)
(0.000516116 -0.222415 0)
(0.000596448 -0.223969 0)
(0.000699606 -0.22578 0)
(0.000829246 -0.227907 0)
(0.000990252 -0.230418 0)
(0.00118912 -0.233394 0)
(0.00143383 -0.236931 0)
(0.0017334 -0.241144 0)
(0.00209812 -0.246166 0)
(0.00254073 -0.252154 0)
(0.00307754 -0.259293 0)
(0.00372842 -0.267805 0)
(0.00451725 -0.277959 0)
(0.0054729 -0.290079 0)
(0.00663114 -0.304558 0)
(0.00803596 -0.321872 0)
(0.00974339 -0.342598 0)
(0.452946 0.406374 0)
(0.267488 0.210243 0)
(0.107455 -0.0984994 0)
(0.180235 -0.369256 0)
(0.623504 0.44464 0)
(0.586187 0.390706 0)
(0.497911 0.276479 0)
(0.357337 0.12233 0)
(0.615922 0.373851 0)
(0.638471 0.397623 0)
(0.627972 0.401813 0)
(0.587153 0.379115 0)
(0.615769 0.341059 0)
(0.631702 0.366232 0)
(0.643725 0.398886 0)
(0.660777 0.437353 0)
(0.661251 0.339685 0)
(0.663224 0.352203 0)
(0.668583 0.368991 0)
(0.68296 0.398843 0)
(0.676023 0.33624 0)
(0.688891 0.350919 0)
(0.701734 0.363835 0)
(0.714296 0.378738 0)
(0.653549 0.287735 0)
(0.654709 0.310735 0)
(0.665787 0.326992 0)
(0.678436 0.341716 0)
(0.769913 0.361185 0)
(0.737681 0.323748 0)
(0.711637 0.299755 0)
(0.688464 0.299508 0)
(0.614617 0.352343 0)
(0.640923 0.378213 0)
(0.646339 0.376074 0)
(0.643979 0.368726 0)
(0.179962 0.207946 0)
(0.25418 0.289298 0)
(0.314047 0.337425 0)
(0.358089 0.357167 0)
(-0.0362934 0.0308358 0)
(0.0232007 0.11536 0)
(0.0785612 0.183921 0)
(0.1378 0.237756 0)
(-0.185818 -0.0489508 0)
(-0.141006 0.0118795 0)
(-0.084312 0.0644296 0)
(-0.0229203 0.110074 0)
(-0.321882 -0.141752 0)
(-0.304896 -0.0954354 0)
(-0.280081 -0.0529117 0)
(-0.245913 -0.0146651 0)
(-0.264134 -0.107085 0)
(-0.268802 -0.0838287 0)
(-0.269768 -0.0606226 0)
(-0.266568 -0.0370514 0)
(-0.211338 -0.104755 0)
(-0.212639 -0.0835593 0)
(-0.21263 -0.0623883 0)
(-0.211004 -0.0417871 0)
(-0.168287 -0.0972787 0)
(-0.169201 -0.0807515 0)
(-0.168828 -0.0639481 0)
(-0.167169 -0.0470102 0)
(-0.133525 -0.0936532 0)
(-0.133924 -0.0800954 0)
(-0.133393 -0.0663002 0)
(-0.131927 -0.0523949 0)
(-0.103896 -0.0915739 0)
(-0.103765 -0.0801298 0)
(-0.102944 -0.0684681 0)
(-0.101476 -0.0566736 0)
(-0.0781676 -0.0909071 0)
(-0.0776072 -0.0810169 0)
(-0.0765279 -0.0709571 0)
(-0.0749852 -0.0607983 0)
(-0.0555384 -0.091472 0)
(-0.0545913 -0.0827323 0)
(-0.0532526 -0.0738636 0)
(-0.0515827 -0.0649483 0)
(-0.0352664 -0.0930695 0)
(-0.0339601 -0.0851588 0)
(-0.0323692 -0.0771555 0)
(-0.0305461 -0.0691537 0)
(-0.016848 -0.0956016 0)
(-0.0152067 -0.0882975 0)
(-0.013359 -0.0809163 0)
(-0.0113577 -0.073545 0)
(0.000121566 -0.0990145 0)
(0.0021055 -0.092136 0)
(0.00425479 -0.0851768 0)
(0.00643525 -0.0781803 0)
(0.016046 -0.103296 0)
(0.0183867 -0.0966935 0)
(0.0208624 -0.0899828 0)
(0.0232399 -0.0831432 0)
(0.031113 -0.108488 0)
(0.0338522 -0.102054 0)
(0.0366984 -0.0954424 0)
(0.039337 -0.0885815 0)
(0.0454591 -0.114671 0)
(0.0486537 -0.10833 0)
(0.0519253 -0.101725 0)
(0.0549551 -0.094728 0)
(0.0593392 -0.121916 0)
(0.063057 -0.115639 0)
(0.0668172 -0.109021 0)
(0.0704122 -0.101842 0)
(0.0733289 -0.130332 0)
(0.0776722 -0.124126 0)
(0.082036 -0.117525 0)
(0.0863948 -0.110198 0)
(0.0882076 -0.140197 0)
(0.0933752 -0.134126 0)
(0.0986047 -0.127642 0)
(0.104002 -0.120338 0)
(0.104225 -0.152041 0)
(0.110526 -0.146281 0)
(0.117044 -0.140154 0)
(0.123855 -0.133253 0)
(0.120155 -0.166517 0)
(0.127898 -0.161389 0)
(0.136116 -0.156009 0)
(0.144689 -0.150061 0)
(0.133159 -0.184124 0)
(0.14246 -0.180054 0)
(0.152534 -0.175913 0)
(0.163012 -0.171502 0)
(0.140049 -0.204818 0)
(0.150686 -0.202276 0)
(0.162352 -0.199897 0)
(0.174526 -0.197523 0)
(0.139223 -0.227694 0)
(0.150674 -0.227119 0)
(0.163312 -0.226958 0)
(0.176606 -0.226964 0)
(0.131559 -0.251241 0)
(0.143208 -0.252955 0)
(0.156099 -0.255296 0)
(0.169766 -0.257857 0)
(0.119426 -0.274409 0)
(0.130727 -0.278513 0)
(0.143245 -0.283394 0)
(0.156578 -0.288541 0)
(0.104918 -0.296978 0)
(0.115385 -0.303354 0)
(0.126979 -0.310603 0)
(0.139356 -0.318249 0)
(0.0887861 -0.317943 0)
(0.0979511 -0.326418 0)
(0.108079 -0.335796 0)
(0.118914 -0.345785 0)
(0.0707896 -0.334203 0)
(0.0782559 -0.34454 0)
(0.086451 -0.355758 0)
(0.0952716 -0.367806 0)
(0.0511184 -0.343263 0)
(0.0566293 -0.35493 0)
(0.0626368 -0.367511 0)
(0.0691856 -0.381122 0)
(0.0311635 -0.349549 0)
(0.0345538 -0.361962 0)
(0.0382401 -0.375437 0)
(0.042313 -0.390133 0)
(0.0111924 -0.360981 0)
(0.0123552 -0.373897 0)
(0.0136135 -0.388014 0)
(0.0150036 -0.403468 0)
(0.281587 -0.931142 0)
(-0.266857 -0.780598 0)
(0.00507346 0.324986 0)
(-0.221155 0.363073 0)
(0.180146 0.262976 0)
(0.0683697 0.399799 0)
(-0.129923 0.347585 0)
(-0.213608 0.263544 0)
(-0.197056 0.246691 0)
(-0.234555 0.252449 0)
(-0.283559 0.123856 0)
(-0.27523 0.0768517 0)
(-0.314983 0.0563151 0)
(-0.339009 -0.0261379 0)
(-0.309036 -0.086142 0)
(-0.275881 -0.156178 0)
(-0.216517 -0.234446 0)
(-0.122427 -0.288094 0)
(-0.0324647 -0.209155 0)
(-0.121569 -0.351544 0)
(-0.709238 -0.464542 0)
(-0.533623 0.152624 0)
(-0.180712 0.605642 0)
(-0.083987 0.146119 0)
(0.314346 0.744491 0)
(-0.279578 0.513052 0)
(-0.268761 0.264133 0)
(-0.272565 0.0798474 0)
(-0.409526 0.130885 0)
(-0.452075 -0.000516076 0)
(-0.355293 0.117727 0)
(-0.407291 0.134606 0)
(-0.469408 -0.026086 0)
(-0.411594 -0.103685 0)
(-0.336483 -0.191166 0)
(-0.262477 -0.298246 0)
(-0.158511 -0.378787 0)
(-0.0427457 -0.280636 0)
(0.311714 0.250425 0)
(-0.189658 -0.0947979 0)
(-0.672637 -0.326229 0)
(-0.651987 0.0232524 0)
(-0.609084 -0.541251 0)
(-0.102381 0.619101 0)
(-0.220541 0.788521 0)
(-0.37833 0.3602 0)
(-0.497181 0.48985 0)
(-0.472934 0.617196 0)
(-0.369086 0.0918974 0)
(-0.361073 0.0450901 0)
(-0.663963 0.168108 0)
(-0.757234 -0.0575946 0)
(-0.676734 -0.164325 0)
(-0.521741 -0.265999 0)
(-0.3702 -0.376148 0)
(-0.26116 -0.489271 0)
(-0.0919282 -0.396827 0)
(0.59507 0.462748 0)
(0.43814 0.392407 0)
(-0.113512 0.291071 0)
(-0.626144 0.286512 0)
(-0.45022 0.123727 0)
(-1.89371 0.280988 0)
(-0.641967 0.528089 0)
(-0.968508 0.544207 0)
(-1.03461 0.23514 0)
(-0.725175 -0.277218 0)
(-0.550377 -0.456856 0)
(-0.416393 0.552293 0)
(-0.758371 0.622638 0)
(-0.861722 -0.0765142 0)
(-0.911884 -0.251007 0)
(-0.78886 -0.543862 0)
(-0.655085 -0.539011 0)
(-0.497554 -0.643229 0)
(-0.237986 -0.632101 0)
(0.711353 0.457115 0)
(0.733209 0.501597 0)
(0.640708 0.539702 0)
(0.479255 0.566743 0)
(0.48716 0.507567 0)
(0.240764 0.462073 0)
(0.0632349 0.510828 0)
(0.0705626 0.502242 0)
(0.246934 0.348873 0)
(-0.0734189 0.233161 0)
(-0.50222 0.0541849 0)
(-1.25468 0.247317 0)
(-0.487186 0.199351 0)
(-0.205869 -0.122791 0)
(-0.750519 0.135488 0)
(-0.569071 -0.76101 0)
(-0.939346 -0.667515 0)
(-0.714555 -0.707267 0)
(-0.329284 -1.03807 0)
(0.751286 0.412026 0)
(0.816125 0.459305 0)
(0.883253 0.511685 0)
(0.93725 0.540932 0)
(0.967155 0.523883 0)
(1.00224 0.506395 0)
(0.959445 0.509658 0)
(0.992476 0.505483 0)
(1.06296 0.459847 0)
(0.978401 0.427141 0)
(0.841208 0.40301 0)
(0.687804 0.370631 0)
(0.551543 0.315395 0)
(0.318707 0.12031 0)
(0.00880547 -0.123373 0)
(0.256114 -0.305754 0)
(-0.657429 -0.604997 0)
(-0.610494 -0.703068 0)
(-0.165211 -1.70656 0)
(0.720383 0.367654 0)
(0.792443 0.400936 0)
(0.877042 0.43175 0)
(0.972957 0.451839 0)
(1.04996 0.449925 0)
(1.12682 0.453339 0)
(1.19003 0.462877 0)
(1.25492 0.452211 0)
(1.30684 0.425606 0)
(1.33773 0.419312 0)
(1.34113 0.43383 0)
(1.34036 0.445907 0)
(1.27791 0.428789 0)
(1.14962 0.373878 0)
(0.980629 0.26451 0)
(0.703592 0.0338789 0)
(0.361612 -0.198652 0)
(-0.316681 -1.1085 0)
(0.0905279 -2.30022 0)
(0.637971 0.303905 0)
(0.715962 0.333493 0)
(0.800876 0.360457 0)
(0.891727 0.382218 0)
(0.977983 0.389233 0)
(1.05955 0.393731 0)
(1.13685 0.399787 0)
(1.20645 0.392117 0)
(1.26425 0.376303 0)
(1.32225 0.378037 0)
(1.37784 0.39702 0)
(1.4229 0.426764 0)
(1.44349 0.451294 0)
(1.42124 0.445606 0)
(1.33545 0.405676 0)
(1.1355 0.298056 0)
(0.856648 0.107083 0)
(0.424218 -0.284148 0)
(0.427221 -2.15524 0)
(0.62921 0.351909 0)
(0.628179 0.218395 0)
(0.657906 0.229393 0)
(0.710371 0.264104 0)
(0.804706 0.292104 0)
(0.905493 0.31617 0)
(0.992789 0.335742 0)
(1.07631 0.34244 0)
(1.14888 0.331432 0)
(1.21648 0.326508 0)
(1.28432 0.344457 0)
(1.34753 0.379745 0)
(1.38704 0.421477 0)
(1.3947 0.463475 0)
(1.36229 0.487416 0)
(1.25724 0.453549 0)
(1.0817 0.319166 0)
(0.831889 0.00818229 0)
(0.65134 -1.42028 0)
(0.394871 0.352791 0)
(0.392032 0.269132 0)
(0.375746 0.247244 0)
(0.401193 0.244935 0)
(0.459031 0.230973 0)
(0.563693 0.19938 0)
(0.736552 0.180554 0)
(0.892216 0.18308 0)
(0.992261 0.200807 0)
(1.0688 0.217905 0)
(1.12932 0.250704 0)
(1.18528 0.301959 0)
(1.22077 0.384775 0)
(1.26357 0.44387 0)
(1.23875 0.532285 0)
(1.17262 0.55961 0)
(1.052 0.454354 0)
(0.881138 0.193391 0)
(0.71648 -0.645405 0)
(0.223525 0.283307 0)
(0.308897 0.280927 0)
(0.386658 0.241534 0)
(0.469135 0.188562 0)
(0.53918 0.133163 0)
(0.577163 0.0784639 0)
(0.579913 0.07246 0)
(0.59538 0.132495 0)
(0.666583 0.196001 0)
(0.770052 0.219248 0)
(0.85922 0.244593 0)
(0.916783 0.286788 0)
(0.945764 0.435232 0)
(0.987021 0.461639 0)
(0.971459 0.534332 0)
(0.952179 0.612197 0)
(0.866396 0.553197 0)
(0.75203 0.335512 0)
(0.594422 -0.160983 0)
(0.0823123 0.156425 0)
(0.200878 0.158649 0)
(0.290034 0.137842 0)
(0.303851 0.129144 0)
(0.260562 0.14173 0)
(0.192599 0.156585 0)
(0.135369 0.148413 0)
(0.125947 0.109622 0)
(0.18848 0.0711099 0)
(0.310385 0.0805553 0)
(0.439543 0.148002 0)
(0.508939 0.212533 0)
(0.549776 0.350188 0)
(0.532359 0.525211 0)
(0.572205 0.637997 0)
(0.604345 0.608684 0)
(0.612641 0.59426 0)
(0.568686 0.443641 0)
(0.4595 0.266043 0)
(-0.181711 0.0329376 0)
(-0.105772 0.0758545 0)
(-0.0608523 0.119864 0)
(-0.0570044 0.176068 0)
(-0.0586958 0.206821 0)
(-0.0574031 0.19362 0)
(-0.0425959 0.141569 0)
(-0.0140876 0.0665004 0)
(0.0122863 -0.00298655 0)
(0.0451006 -0.0181828 0)
(0.12187 0.0642904 0)
(0.169552 0.156878 0)
(0.167717 0.260797 0)
(0.124731 0.517602 0)
(0.0083238 0.819108 0)
(0.0851992 0.543298 0)
(0.347843 0.536063 0)
(0.401778 0.47247 0)
(0.358254 0.622587 0)
(-0.25302 0.00172424 0)
(-0.229714 0.0542017 0)
(-0.204109 0.109112 0)
(-0.173324 0.157172 0)
(-0.133218 0.173713 0)
(-0.0882988 0.154319 0)
(-0.0438128 0.109036 0)
(-0.00820777 0.0535578 0)
(0.00808557 0.0019963 0)
(-0.00384787 -0.0238537 0)
(-0.00476138 0.0360525 0)
(0.00933332 0.174656 0)
(-0.0441479 0.299306 0)
(-0.156039 0.562816 0)
(-0.18982 0.898939 0)
(-0.212579 0.33793 0)
(0.187464 0.346092 0)
(0.28759 0.429974 0)
(0.281536 0.899969 0)
(-0.20357 -0.00951481 0)
(-0.190258 0.0331538 0)
(-0.169673 0.0764076 0)
(-0.139767 0.112442 0)
(-0.102681 0.126713 0)
(-0.0644368 0.112309 0)
(-0.0278732 0.0735864 0)
(0.00443143 0.027186 0)
(0.0276699 -0.00561841 0)
(0.0271132 -0.0072249 0)
(0.00290055 0.0461381 0)
(-0.0174718 0.201394 0)
(-0.0417982 0.396909 0)
(-0.226674 0.602031 0)
(0.0166195 0.801813 0)
(-0.159039 0.301638 0)
(0.1579 0.16603 0)
(0.193051 0.368676 0)
(0.210876 1.09971 0)
(-0.160371 -0.0192081 0)
(-0.146693 0.0188127 0)
(-0.126798 0.0563108 0)
(-0.10252 0.0873133 0)
(-0.075237 0.0991665 0)
(-0.0459763 0.0828027 0)
(-0.0133857 0.0424766 0)
(0.0212162 -0.00160344 0)
(0.0504234 -0.022066 0)
(0.0630809 -0.00136982 0)
(0.0515331 0.0685252 0)
(0.0176074 0.213718 0)
(0.0455896 0.462187 0)
(-0.126201 0.642957 0)
(0.0550238 0.641413 0)
(0.00799257 0.104199 0)
(0.167844 0.122231 0)
(0.0632968 0.347526 0)
(0.127464 1.28674 0)
(-0.126174 -0.0289049 0)
(-0.114409 0.00475487 0)
(-0.0976012 0.0387337 0)
(-0.0775464 0.0669464 0)
(-0.0547279 0.0759844 0)
(-0.027557 0.0553174 0)
(0.0059428 0.0108346 0)
(0.0428825 -0.0327166 0)
(0.074932 -0.0444163 0)
(0.091573 -0.00626445 0)
(0.0896027 0.085132 0)
(0.0665288 0.225613 0)
(0.0795473 0.473748 0)
(0.0138029 0.674783 0)
(0.0631959 0.631457 0)
(-0.10784 0.176298 0)
(0.144112 0.140785 0)
(-0.139653 0.406483 0)
(0.0408636 1.33957 0)
(-0.0964994 -0.036431 0)
(-0.08658 -0.00697046 0)
(-0.0725315 0.0232279 0)
(-0.0553136 0.0483801 0)
(-0.0347019 0.0538587 0)
(-0.00836507 0.0277526 0)
(0.0256042 -0.021999 0)
(0.0633036 -0.0652828 0)
(0.0952121 -0.0680074 0)
(0.11242 -0.0142116 0)
(0.109772 0.0943867 0)
(0.0991782 0.242423 0)
(0.069118 0.464666 0)
(0.0865877 0.709063 0)
(0.0502317 0.670148 0)
(-0.145234 0.177001 0)
(0.0675099 0.178342 0)
(-0.295949 0.474901 0)
(-0.0197113 1.19412 0)
(-0.0704945 -0.0430243 0)
(-0.0620247 -0.0169337 0)
(-0.0499196 0.00989781 0)
(-0.0346577 0.0318036 0)
(-0.0156483 0.0332148 0)
(0.00926344 0.00108588 0)
(0.0415458 -0.0544353 0)
(0.077504 -0.0973116 0)
(0.106507 -0.0902904 0)
(0.120837 -0.0209713 0)
(0.115946 0.101701 0)
(0.112302 0.263519 0)
(0.0610235 0.467239 0)
(0.0979276 0.751905 0)
(-0.00099065 0.747135 0)
(-0.169012 0.215961 0)
(0.0169296 0.242982 0)
(-0.38275 0.482941 0)
(-0.0126777 0.993835 0)
(-0.0474396 -0.0489423 0)
(-0.0401362 -0.0254142 0)
(-0.0295667 -0.00179476 0)
(-0.0156809 0.0165976 0)
(0.00173493 0.0141995 0)
(0.0240981 -0.0230819 0)
(0.0528685 -0.0839816 0)
(0.0845166 -0.125876 0)
(0.107508 -0.108345 0)
(0.115268 -0.0253028 0)
(0.10954 0.107753 0)
(0.106762 0.285414 0)
(0.070585 0.479597 0)
(0.0751279 0.808653 0)
(-0.0725345 0.850686 0)
(-0.191927 0.258441 0)
(0.0597019 0.322296 0)
(-0.39452 0.478516 0)
(0.0557073 0.806832 0)
(-0.0266756 -0.0543145 0)
(-0.0202001 -0.0327643 0)
(-0.0108261 -0.0121247 0)
(0.00158926 0.00308514 0)
(0.0169634 -0.00209253 0)
(0.0360966 -0.0433445 0)
(0.0602521 -0.108645 0)
(0.0851973 -0.148624 0)
(0.0993887 -0.11962 0)
(0.0968623 -0.0254012 0)
(0.0908882 0.110345 0)
(0.0823543 0.30023 0)
(0.0960126 0.489929 0)
(0.0189574 0.852969 0)
(0.112987 0.951307 0)
(-0.234715 0.234461 0)
(0.199043 0.368653 0)
(-0.2922 0.476887 0)
(0.114003 0.734216 0)
(-0.00763181 -0.0594172 0)
(-0.00165668 -0.0394795 0)
(0.00680495 -0.0213404 0)
(0.0175391 -0.0084202 0)
(0.0301848 -0.0153331 0)
(0.0453026 -0.0592214 0)
(0.0629867 -0.126548 0)
(0.0784822 -0.162156 0)
(0.0807294 -0.120796 0)
(0.0643473 -0.0193438 0)
(0.0564184 0.110008 0)
(0.0344266 0.305032 0)
(0.0947703 0.50694 0)
(-0.0902374 0.863882 0)
(0.122494 0.986229 0)
(-0.414141 0.264161 0)
(0.196679 0.370428 0)
(-0.100151 0.540181 0)
(-0.0748384 0.614145 0)
(0.0101792 -0.0644493 0)
(0.0158851 -0.0456874 0)
(0.0235243 -0.0293573 0)
(0.0327524 -0.0178545 0)
(0.0425239 -0.0253224 0)
(0.0526672 -0.0692614 0)
(0.0624755 -0.13517 0)
(0.0666254 -0.162906 0)
(0.0537299 -0.107165 0)
(0.0156625 -0.000977309 0)
(-0.00192711 0.118896 0)
(-0.0403634 0.301908 0)
(0.0212878 0.546914 0)
(-0.209525 0.879477 0)
(0.014697 1.04066 0)
(-0.363721 0.416901 0)
(-0.0851076 -0.129983 0)
(0.107858 0.678567 0)
(-0.193021 0.523117 0)
(0.0271539 -0.0695651 0)
(0.0327568 -0.051477 0)
(0.0400792 -0.0365815 0)
(0.0485475 -0.0256097 0)
(0.0555196 -0.0317921 0)
(0.061344 -0.0728391 0)
(0.0644505 -0.133769 0)
(0.057523 -0.149647 0)
(0.0273763 -0.0751218 0)
(-0.0345779 0.0411355 0)
(-0.0926746 0.148211 0)
(-0.14986 0.319228 0)
(-0.149788 0.611447 0)
(-0.347167 0.938155 0)
(-0.158574 1.08221 0)
(-0.124822 0.413784 0)
(-0.205548 -0.0814536 0)
(0.256901 0.722595 0)
(0.0333641 0.660184 0)
(0.0435841 -0.0749791 0)
(0.0494347 -0.0574499 0)
(0.0575698 -0.0438521 0)
(0.0656559 -0.0321078 0)
(0.070579 -0.0360214 0)
(0.0753333 -0.0733531 0)
(0.0755969 -0.125383 0)
(0.0601897 -0.125624 0)
(0.0184755 -0.0239059 0)
(-0.0650408 0.118042 0)
(-0.185106 0.220229 0)
(-0.31418 0.3974 0)
(-0.404331 0.713852 0)
(-0.549624 1.01391 0)
(-0.445491 0.991953 0)
(-0.497305 0.177795 0)
(-0.412295 -0.143482 0)
(0.0688543 0.496321 0)
(0.111935 0.707787 0)
(0.0596875 -0.0811268 0)
(0.0665824 -0.0646161 0)
(0.076419 -0.0518126 0)
(0.083667 -0.0376221 0)
(0.0884648 -0.039803 0)
(0.0956029 -0.0741594 0)
(0.0972572 -0.113087 0)
(0.0823065 -0.0966213 0)
(0.0401267 0.0361375 0)
(-0.0502574 0.230183 0)
(-0.220539 0.363289 0)
(-0.439554 0.53741 0)
(-0.596302 0.820048 0)
(-0.684513 1.04344 0)
(-0.582665 0.949847 0)
(-0.668717 0.189609 0)
(-0.812855 -0.607813 0)
(-0.361034 0.201388 0)
(0.179064 0.69747 0)
(0.0757811 -0.0886085 0)
(0.0849934 -0.073676 0)
(0.0963774 -0.0609593 0)
(0.103023 -0.0439123 0)
(0.109868 -0.0458861 0)
(0.12006 -0.0770685 0)
(0.128689 -0.100996 0)
(0.129835 -0.0641516 0)
(0.104977 0.0912481 0)
(0.0283384 0.340366 0)
(-0.138833 0.54029 0)
(-0.382824 0.70617 0)
(-0.549183 0.904146 0)
(-0.56573 0.989259 0)
(-0.343443 0.841233 0)
(-0.279775 0.372577 0)
(-0.412823 -0.773614 0)
(-0.285097 -0.200129 0)
(0.144924 0.560368 0)
(0.0926832 -0.097889 0)
(0.105294 -0.0843772 0)
(0.117081 -0.071333 0)
(0.125499 -0.0528625 0)
(0.135389 -0.0568075 0)
(0.146877 -0.0921272 0)
(0.174118 -0.112795 0)
(0.201861 -0.0586307 0)
(0.219335 0.133195 0)
(0.173752 0.440056 0)
(0.040582 0.715277 0)
(-0.141934 0.867724 0)
(-0.221333 0.960702 0)
(-0.0971729 0.907465 0)
(0.170153 0.550313 0)
(0.653777 0.48733 0)
(0.181709 -0.243667 0)
(0.18844 -0.263477 0)
(0.0691167 0.497074 0)
(0.111945 -0.109421 0)
(0.1284 -0.0962784 0)
(0.140077 -0.0825074 0)
(0.152101 -0.0623246 0)
(0.16276 -0.0663131 0)
(0.172239 -0.124598 0)
(0.225811 -0.158428 0)
(0.267748 -0.116955 0)
(0.319477 0.0912115 0)
(0.338895 0.461872 0)
(0.253052 0.79948 0)
(0.193508 0.938987 0)
(0.324843 0.889439 0)
(0.65657 0.661082 0)
(0.827752 0.354484 0)
(0.801894 0.0627181 0)
(0.742946 -0.121428 0)
(0.594742 -0.00963472 0)
(0.139769 0.651376 0)
(0.134707 -0.124043 0)
(0.155335 -0.110418 0)
(0.169745 -0.0957981 0)
(0.186109 -0.0714091 0)
(0.196896 -0.069924 0)
(0.202956 -0.154515 0)
(0.239693 -0.200606 0)
(0.283828 -0.129723 0)
(0.273511 0.0469074 0)
(0.321733 0.500569 0)
(0.373688 0.891637 0)
(0.642529 0.814453 0)
(1.15386 0.489256 0)
(1.54256 0.301211 0)
(1.68257 0.249928 0)
(1.51345 0.400175 0)
(1.20548 0.455058 0)
(0.76741 0.358868 0)
(0.277741 0.998385 0)
(0.159686 -0.142746 0)
(0.184997 -0.129111 0)
(0.207309 -0.114197 0)
(0.22974 -0.0856763 0)
(0.249524 -0.0772067 0)
(0.255871 -0.156941 0)
(0.235909 -0.209821 0)
(0.269262 -0.0800867 0)
(0.247782 0.124901 0)
(0.306784 0.380317 0)
(0.596632 0.478987 0)
(1.14918 -0.0604192 0)
(1.4309 0.102176 0)
(1.39196 0.318489 0)
(1.2945 0.455772 0)
(1.16022 0.58543 0)
(1.0875 0.608959 0)
(0.812766 0.725251 0)
(0.382701 1.47249 0)
(0.182634 -0.166298 0)
(0.213103 -0.154504 0)
(0.246984 -0.140416 0)
(0.278565 -0.111805 0)
(0.319419 -0.0984493 0)
(0.33648 -0.142949 0)
(0.306046 -0.204052 0)
(0.331803 -0.137424 0)
(0.49057 0.018141 0)
(0.740787 0.150533 0)
(1.20449 0.111481 0)
(1.04654 0.162764 0)
(0.904086 0.337472 0)
(0.882069 0.429804 0)
(0.925099 0.519669 0)
(0.908792 0.55338 0)
(1.03723 0.639625 0)
(0.86403 1.05238 0)
(0.441114 1.98723 0)
(0.198076 -0.194987 0)
(0.233706 -0.187457 0)
(0.279161 -0.176326 0)
(0.322097 -0.154068 0)
(0.389697 -0.138078 0)
(0.42779 -0.154007 0)
(0.443097 -0.220426 0)
(0.511081 -0.231826 0)
(0.606628 -0.220741 0)
(0.900104 -0.105038 0)
(1.12416 0.143769 0)
(0.972797 0.291169 0)
(0.792821 0.354402 0)
(0.750966 0.347281 0)
(0.812351 0.439503 0)
(0.754951 0.46202 0)
(0.663571 0.614007 0)
(0.763354 1.34676 0)
(0.450541 2.52625 0)
(0.202491 -0.227979 0)
(0.242302 -0.226687 0)
(0.295525 -0.221442 0)
(0.347627 -0.211125 0)
(0.43745 -0.194773 0)
(0.490648 -0.204925 0)
(0.579793 -0.273886 0)
(0.683596 -0.29045 0)
(0.729442 -0.445562 0)
(1.05937 -0.494592 0)
(1.34185 -0.0741792 0)
(1.3396 0.340616 0)
(1.27699 0.453744 0)
(1.2225 0.358554 0)
(1.03534 0.396396 0)
(0.760381 0.67032 0)
(0.629137 0.920227 0)
(0.65765 1.30437 0)
(0.412073 2.99603 0)
(0.196299 -0.263246 0)
(0.238407 -0.26947 0)
(0.294487 -0.273112 0)
(0.353405 -0.276947 0)
(0.449502 -0.267856 0)
(0.518525 -0.278318 0)
(0.657825 -0.339431 0)
(0.702421 -0.326898 0)
(0.794892 -0.590521 0)
(0.96607 -0.563569 0)
(1.15636 -0.0893087 0)
(1.21912 0.335794 0)
(1.22536 0.474016 0)
(1.25604 0.411757 0)
(1.33863 0.608663 0)
(1.51207 0.753732 0)
(1.9326 0.964071 0)
(0.567482 1.83286 0)
(0.328866 3.39076 0)
(0.182374 -0.298713 0)
(0.224282 -0.31313 0)
(0.279382 -0.327655 0)
(0.342009 -0.346059 0)
(0.432481 -0.35635 0)
(0.534907 -0.371124 0)
(0.667359 -0.427678 0)
(0.708123 -0.371633 0)
(0.889423 -0.685964 0)
(0.999384 -0.767278 0)
(1.07494 -0.145806 0)
(1.0818 0.354777 0)
(1.04293 0.487639 0)
(1.12921 0.287 0)
(1.54402 0.26306 0)
(2.02801 0.277523 0)
(2.37609 1.29662 0)
(0.0625831 3.11182 0)
(0.233497 3.61528 0)
(0.163311 -0.333132 0)
(0.202664 -0.355662 0)
(0.25387 -0.381092 0)
(0.31392 -0.413259 0)
(0.398125 -0.446087 0)
(0.507681 -0.479675 0)
(0.630465 -0.542339 0)
(0.742643 -0.534956 0)
(1.0742 -0.866457 0)
(1.22116 -0.89117 0)
(1.07952 -0.13133 0)
(0.996157 0.399968 0)
(0.967719 0.425853 0)
(1.16172 -0.0507404 0)
(1.72269 -0.294034 0)
(2.02037 0.100504 0)
(1.48638 2.25305 0)
(-0.258547 4.08599 0)
(0.137878 3.59221 0)
(0.140112 -0.364939 0)
(0.175168 -0.395044 0)
(0.220299 -0.430569 0)
(0.274392 -0.475033 0)
(0.350942 -0.524732 0)
(0.440665 -0.587559 0)
(0.563018 -0.655767 0)
(0.705604 -0.704701 0)
(1.02549 -1.15344 0)
(1.02325 -0.8249 0)
(0.988416 0.0178507 0)
(0.892372 0.463273 0)
(0.806522 0.287064 0)
(1.05007 -0.410891 0)
(1.67265 -0.610652 0)
(1.36973 0.569945 0)
(0.140079 3.53285 0)
(-0.476247 4.38787 0)
(0.0563359 3.41623 0)
(0.112782 -0.390466 0)
(0.14178 -0.427354 0)
(0.178928 -0.472126 0)
(0.225287 -0.527654 0)
(0.287777 -0.592661 0)
(0.365509 -0.679824 0)
(0.450818 -0.768187 0)
(0.658346 -0.850573 0)
(0.809547 -1.30943 0)
(0.816941 -0.83892 0)
(0.888851 0.157682 0)
(0.831473 0.615949 0)
(0.592504 0.126441 0)
(0.714855 -0.839992 0)
(1.28715 -0.645525 0)
(0.0601033 1.69612 0)
(-0.764006 4.09877 0)
(-0.647735 4.31247 0)
(-0.0369953 3.09597 0)
(0.0821291 -0.406311 0)
(0.103351 -0.448569 0)
(0.13067 -0.500716 0)
(0.165597 -0.565336 0)
(0.210531 -0.644435 0)
(0.272859 -0.745845 0)
(0.31001 -0.8673 0)
(0.529856 -0.972011 0)
(0.348647 -1.37078 0)
(0.691011 -0.830855 0)
(0.828049 0.181022 0)
(0.796534 0.763877 0)
(0.559652 0.351401 0)
(0.152869 -1.02803 0)
(0.488876 -0.106528 0)
(-0.910824 2.78657 0)
(-1.25272 4.18686 0)
(-0.881669 3.82267 0)
(-0.180193 2.55459 0)
(0.0502112 -0.417076 0)
(0.0629629 -0.463101 0)
(0.0795369 -0.520155 0)
(0.100791 -0.591025 0)
(0.128249 -0.679291 0)
(0.165781 -0.789774 0)
(0.189632 -0.932684 0)
(0.342235 -1.05618 0)
(0.218301 -1.37428 0)
(0.539439 -1.42372 0)
(0.796477 0.122635 0)
(0.782941 0.88586 0)
(0.592704 0.662524 0)
(-0.195683 -0.979892 0)
(0.119206 0.441114 0)
(-1.12832 3.0776 0)
(-1.57386 4.11102 0)
(-1.18863 3.31914 0)
(-0.362296 1.98718 0)
(0.017716 -0.431549 0)
(0.022066 -0.479943 0)
(0.0277371 -0.539789 0)
(0.0350416 -0.614138 0)
(0.0447375 -0.706959 0)
(0.0579391 -0.823974 0)
(0.0734916 -0.974512 0)
(0.126139 -1.13584 0)
(0.177632 -1.46399 0)
(0.397497 -1.72243 0)
(0.691159 0.0546206 0)
(0.757415 0.980432 0)
(0.611407 1.12525 0)
(0.0591996 -0.566659 0)
(0.0451514 1.03854 0)
(-0.823167 3.9594 0)
(-1.54477 4.39848 0)
(-1.13843 2.82308 0)
(-0.270443 0.81456 0)
)
;

boundaryField
{
    leftWall
    {
        type            noSlip;
    }
    rightWall
    {
        type            noSlip;
    }
    lowerWall
    {
        type            noSlip;
    }
    atmosphere
    {
        type            pressureInletOutletVelocity;
        value           nonuniform List<vector> 
46
(
(0 -0.210542 0)
(0 -0.21856 0)
(0 -0.217383 0)
(0 -0.218941 0)
(0 -0.219892 0)
(0 -0.221071 0)
(0 -0.222415 0)
(0 -0.223969 0)
(0 -0.22578 0)
(0 -0.227907 0)
(0 -0.230418 0)
(0 -0.233394 0)
(0 -0.236931 0)
(0 -0.241144 0)
(0 -0.246166 0)
(0 -0.252154 0)
(0 -0.259293 0)
(0 -0.267805 0)
(0 -0.277959 0)
(0 -0.290079 0)
(0 -0.304558 0)
(0 -0.321872 0)
(0 -0.342598 0)
(0 -0.360981 0)
(0 -0.373897 0)
(0 -0.388014 0)
(0 -0.403468 0)
(0 -0.431549 0)
(0 -0.479943 0)
(0 -0.539789 0)
(0 -0.614138 0)
(0 -0.706959 0)
(0 -0.823974 0)
(0 -0.974512 0)
(0 -1.13584 0)
(0 -1.46399 0)
(0 -1.72243 0)
(0.691159 0.0546206 0)
(0.757415 0.980432 0)
(0.611407 1.12525 0)
(0 -0.566659 0)
(0.0451514 1.03854 0)
(-0.823167 3.9594 0)
(-1.54477 4.39848 0)
(-1.13843 2.82308 0)
(-0.270443 0.81456 0)
)
;
    }
    defaultFaces
    {
        type            empty;
    }
}


// ************************************************************************* //
