/*--------------------------------*- C++ -*----------------------------------*\
  =========                 |
  \\      /  F ield         | OpenFOAM: The Open Source CFD Toolbox
   \\    /   O peration     | Website:  https://openfoam.org
    \\  /    A nd           | Version:  13
     \\/     M anipulation  |
\*---------------------------------------------------------------------------*/
FoamFile
{
    format      ascii;
    class       surfaceScalarField;
    location    "0.2";
    object      phi;
}
// * * * * * * * * * * * * * * * * * * * * * * * * * * * * * * * * * * * * * //

dimensions      [0 3 -1 0 0 0 0];

internalField   nonuniform List<scalar> 
4432
(
2.03552e-06
-2.03552e-06
7.67816e-06
-5.64264e-06
1.40161e-05
-6.33792e-06
1.99049e-05
-5.88878e-06
2.52944e-05
-5.38955e-06
3.04372e-05
-5.14281e-06
3.55533e-05
-5.1161e-06
4.07545e-05
-5.20118e-06
4.6055e-05
-5.30049e-06
5.14013e-05
-5.34636e-06
5.66923e-05
-5.29097e-06
6.17809e-05
-5.0886e-06
6.64636e-05
-4.68269e-06
7.04602e-05
-3.99656e-06
7.33521e-05
-2.8919e-06
7.43115e-05
-9.59393e-07
7.17905e-05
2.52097e-06
6.35586e-05
8.23192e-06
4.7725e-05
1.58336e-05
2.40359e-05
2.36891e-05
-2.74863e-06
2.67845e-05
-1.82053e-05
1.54567e-05
-1.82053e-05
2.08478e-06
-4.1203e-06
7.72982e-06
-1.12877e-05
1.40672e-05
-1.26753e-05
1.99622e-05
-1.17838e-05
2.53577e-05
-1.0785e-05
3.05134e-05
-1.02985e-05
3.56528e-05
-1.02555e-05
4.08842e-05
-1.04326e-05
4.62192e-05
-1.06355e-05
5.16059e-05
-1.07331e-05
5.69473e-05
-1.06324e-05
6.21008e-05
-1.02421e-05
6.68677e-05
-9.44956e-06
7.09727e-05
-8.10157e-06
7.40624e-05
-5.98163e-06
7.59481e-05
-2.84511e-06
7.66804e-05
1.78868e-06
7.60387e-05
8.87362e-06
7.17724e-05
2.00999e-05
5.96166e-05
3.58449e-05
3.74319e-05
4.89691e-05
1.34539e-05
3.94348e-05
-4.75145e-06
2.14918e-06
-6.26948e-06
7.78579e-06
-1.69243e-05
1.40737e-05
-1.89632e-05
1.99159e-05
-1.7626e-05
2.52752e-05
-1.61443e-05
3.04188e-05
-1.54421e-05
3.55678e-05
-1.54045e-05
4.0823e-05
-1.56877e-05
4.61919e-05
-1.60044e-05
5.16249e-05
-1.61661e-05
5.70307e-05
-1.60382e-05
6.2275e-05
-1.54864e-05
6.71699e-05
-1.43444e-05
7.14592e-05
-1.23909e-05
7.48118e-05
-9.33424e-06
7.67751e-05
-4.80838e-06
7.69238e-05
1.63999e-06
7.52437e-05
1.05538e-05
7.24504e-05
2.28932e-05
6.82514e-05
4.00439e-05
5.71082e-05
6.01123e-05
3.24239e-05
6.41191e-05
2.76724e-05
2.24406e-06
-8.51354e-06
7.88124e-06
-2.25615e-05
1.40976e-05
-2.51796e-05
1.98584e-05
-2.33868e-05
2.51669e-05
-2.14529e-05
3.02996e-05
-2.05747e-05
3.54688e-05
-2.05738e-05
4.07639e-05
-2.09828e-05
4.61877e-05
-2.14283e-05
5.16941e-05
-2.16724e-05
5.72001e-05
-2.15442e-05
6.25839e-05
-2.08702e-05
6.76737e-05
-1.94342e-05
7.22295e-05
-1.69467e-05
7.59247e-05
-1.30295e-05
7.83437e-05
-7.22729e-06
7.89967e-05
9.86925e-07
7.74283e-05
1.21222e-05
7.366e-05
2.66615e-05
6.9037e-05
4.46669e-05
6.1572e-05
6.75773e-05
4.07369e-05
8.49542e-05
6.84093e-05
2.37026e-06
-1.08838e-05
8.00988e-06
-2.82011e-05
1.41292e-05
-3.12989e-05
1.97813e-05
-2.90389e-05
2.50266e-05
-2.66981e-05
3.01496e-05
-2.56978e-05
3.53475e-05
-2.57716e-05
4.0694e-05
-2.63293e-05
4.61874e-05
-2.69217e-05
5.17867e-05
-2.72717e-05
5.74206e-05
-2.71781e-05
6.29844e-05
-2.6434e-05
6.83269e-05
-2.47768e-05
7.32264e-05
-2.18462e-05
7.73671e-05
-1.71701e-05
8.03417e-05
-1.0202e-05
8.16976e-05
-3.68939e-07
8.0939e-05
1.28808e-05
7.74731e-05
3.01275e-05
7.12531e-05
5.08868e-05
6.26012e-05
7.62291e-05
4.35017e-05
0.000104054
0.000111911
2.52818e-06
-1.3412e-05
8.16284e-06
-3.38357e-05
1.41559e-05
-3.72919e-05
1.96751e-05
-3.45581e-05
2.48478e-05
-3.18708e-05
2.99623e-05
-3.08123e-05
3.51932e-05
-3.10026e-05
4.05964e-05
-3.17325e-05
4.61664e-05
-3.24917e-05
5.18699e-05
-3.29752e-05
5.76515e-05
-3.29597e-05
6.34283e-05
-3.22108e-05
6.90729e-05
-3.04214e-05
7.43823e-05
-2.71556e-05
7.90549e-05
-2.18427e-05
8.26942e-05
-1.38413e-05
8.48548e-05
-2.52953e-06
8.50189e-05
1.27167e-05
8.25282e-05
3.26183e-05
7.61599e-05
5.72551e-05
6.5549e-05
8.684e-05
4.60041e-05
0.000123599
0.000157915
2.7123e-06
-1.61243e-05
8.32585e-06
-3.94493e-05
1.41632e-05
-4.31293e-05
1.95312e-05
-3.99262e-05
2.46257e-05
-3.69653e-05
2.9732e-05
-3.59185e-05
3.49965e-05
-3.62671e-05
4.04559e-05
-3.71919e-05
4.61033e-05
-3.81391e-05
5.19162e-05
-3.87881e-05
5.78589e-05
-3.89024e-05
6.38745e-05
-3.82265e-05
6.98597e-05
-3.64065e-05
7.56314e-05
-3.29273e-05
8.09103e-05
-2.71216e-05
8.53285e-05
-1.82596e-05
8.84427e-05
-5.6437e-06
8.96737e-05
1.14857e-05
8.83639e-05
3.3928e-05
8.30706e-05
6.25484e-05
7.18417e-05
9.80689e-05
5.29872e-05
0.000142453
0.000210902
2.9102e-06
-1.90345e-05
8.47755e-06
-4.50166e-05
1.41391e-05
-4.87908e-05
1.93484e-05
-4.51355e-05
2.43631e-05
-4.198e-05
2.94599e-05
-4.10153e-05
3.47543e-05
-4.15615e-05
4.02651e-05
-4.27028e-05
4.59864e-05
-4.38604e-05
5.19099e-05
-4.47116e-05
5.80243e-05
-4.50167e-05
6.42989e-05
-4.45011e-05
7.06546e-05
-4.27623e-05
7.69353e-05
-3.92079e-05
8.28904e-05
-3.30767e-05
8.81838e-05
-2.35529e-05
9.24005e-05
-9.86044e-06
9.49001e-05
8.98617e-06
9.50567e-05
3.37714e-05
9.15409e-05
6.60641e-05
8.10951e-05
0.000108515
6.05338e-05
0.000163015
0.000271436
1.0456e-06
-1.0456e-06
1.37994e-06
-3.34243e-07
1.50745e-06
-1.27566e-07
2.0845e-06
-5.76937e-07
2.92987e-06
-8.45285e-07
3.86568e-06
-9.35695e-07
4.6911e-06
-8.25568e-07
5.31258e-06
-6.21337e-07
5.68003e-06
-3.67455e-07
5.80591e-06
-1.25904e-07
5.69104e-06
1.14979e-07
5.36497e-06
3.25953e-07
4.86485e-06
5.00112e-07
4.24056e-06
6.24387e-07
3.49918e-06
7.41295e-07
2.68986e-06
8.09066e-07
1.82098e-06
8.68932e-07
9.1713e-07
9.03992e-07
9.16905e-07
-8.81334e-07
-1.64347e-07
-1.95903e-07
-1.01944e-06
6.61329e-07
-9.84727e-07
1.87517e-06
-1.79067e-06
3.01307e-06
-1.98323e-06
4.16795e-06
-2.09034e-06
5.18758e-06
-1.84536e-06
5.95307e-06
-1.38674e-06
6.41343e-06
-8.27663e-07
6.58091e-06
-2.93555e-07
6.4643e-06
2.31791e-07
6.10658e-06
6.83644e-07
5.55155e-06
1.05497e-06
4.83637e-06
1.33957e-06
4.00162e-06
1.57631e-06
3.07046e-06
1.74016e-06
2.07315e-06
1.86612e-06
1.0413e-06
1.93619e-06
1.958e-06
-7.71141e-07
6.06733e-07
5.1275e-10
-1.79097e-06
7.59365e-07
-1.74344e-06
1.86929e-06
-2.90059e-06
2.98902e-06
-3.10306e-06
4.16294e-06
-3.26408e-06
5.18845e-06
-2.87085e-06
5.94629e-06
-2.1445e-06
6.40925e-06
-1.29036e-06
6.55279e-06
-4.37279e-07
6.42618e-06
3.58596e-07
6.06405e-06
1.04583e-06
5.50847e-06
1.61072e-06
4.79944e-06
2.04919e-06
3.96843e-06
2.40708e-06
3.04602e-06
2.66168e-06
2.05865e-06
2.85327e-06
1.03268e-06
2.96275e-06
2.99025e-06
-8.61145e-07
1.46787e-06
-2.74427e-07
-2.37775e-06
5.47705e-07
-2.56542e-06
1.7551e-06
-4.108e-06
2.95133e-06
-4.29934e-06
4.20481e-06
-4.51739e-06
5.27671e-06
-3.94262e-06
6.06203e-06
-2.92978e-06
6.52224e-06
-1.75039e-06
6.65334e-06
-5.68594e-07
6.50701e-06
5.05404e-07
6.12634e-06
1.42693e-06
5.55297e-06
2.18368e-06
4.82554e-06
2.77611e-06
3.99003e-06
3.24216e-06
3.05923e-06
3.59292e-06
2.06402e-06
3.8485e-06
1.03745e-06
3.98965e-06
4.02731e-06
-1.43546e-06
2.90341e-06
-9.77614e-07
-2.83576e-06
2.26886e-07
-3.7698e-06
1.54247e-06
-5.42358e-06
2.90023e-06
-5.65708e-06
4.26784e-06
-5.88479e-06
5.42752e-06
-5.10229e-06
6.24042e-06
-3.74276e-06
6.71122e-06
-2.22086e-06
6.81817e-06
-6.75678e-07
6.64419e-06
6.79183e-07
6.24425e-06
1.82642e-06
5.65663e-06
2.77094e-06
4.90661e-06
3.52652e-06
4.04713e-06
4.10192e-06
3.09407e-06
4.54627e-06
2.09424e-06
4.84796e-06
1.05069e-06
5.03343e-06
5.0778e-06
-1.87515e-06
4.77868e-06
-1.78801e-06
-2.92296e-06
-5.00755e-07
-5.05695e-06
1.14525e-06
-7.06957e-06
2.78344e-06
-7.29533e-06
4.33684e-06
-7.43791e-06
5.60827e-06
-6.3736e-06
6.47862e-06
-4.61336e-06
6.94376e-06
-2.68612e-06
7.04935e-06
-7.81596e-07
6.84855e-06
8.79888e-07
6.40748e-06
2.26748e-06
5.78169e-06
3.3967e-06
5.0073e-06
4.3011e-06
4.11169e-06
4.9977e-06
3.15365e-06
5.5042e-06
2.12899e-06
5.87195e-06
1.06691e-06
6.09577e-06
6.14464e-06
-2.85338e-06
7.63218e-06
-3.42067e-06
-2.35557e-06
-1.74569e-06
-6.73183e-06
3.56872e-07
-9.17205e-06
2.50927e-06
-9.44773e-06
4.38857e-06
-9.31712e-06
5.83246e-06
-7.81763e-06
6.76195e-06
-5.54297e-06
7.23783e-06
-3.16185e-06
7.30292e-06
-8.46597e-07
7.07043e-06
1.11239e-06
6.59614e-06
2.74194e-06
5.92736e-06
4.0657e-06
5.11547e-06
5.11281e-06
4.209e-06
5.90392e-06
3.21626e-06
6.49673e-06
2.16447e-06
6.92347e-06
1.08417e-06
7.17629e-06
7.22845e-06
-3.54268e-06
1.1175e-05
-6.35322e-06
4.55187e-07
-3.10059e-06
-9.98429e-06
-4.51662e-07
-1.18208e-05
2.27866e-06
-1.21781e-05
4.49634e-06
-1.15347e-05
6.12058e-06
-9.4418e-06
7.11873e-06
-6.54104e-06
7.5929e-06
-3.63571e-06
7.63163e-06
-8.85169e-07
7.34661e-06
1.3974e-06
6.82264e-06
3.26605e-06
6.10122e-06
4.78719e-06
5.25803e-06
5.95549e-06
4.30699e-06
6.85491e-06
3.28894e-06
7.51504e-06
2.21501e-06
7.99735e-06
1.10792e-06
8.28356e-06
8.33643e-06
6.73091e-06
-2.57654e-05
1.85198e-05
-5.68055e-05
2.98996e-05
-6.01705e-05
4.03938e-05
-5.56298e-05
5.08002e-05
-5.23864e-05
6.16028e-05
-5.18178e-05
7.29296e-05
-5.28883e-05
8.4783e-05
-5.45562e-05
9.71743e-05
-5.62517e-05
0.000110151
-5.76885e-05
0.000123785
-5.86502e-05
0.000138107
-5.88231e-05
0.000153071
-5.77262e-05
0.000168489
-5.4626e-05
0.000183898
-4.84858e-05
0.000198562
-3.82169e-05
0.000211667
-2.29653e-05
0.000221689
-1.03653e-06
0.000227767
2.76939e-05
0.000227264
6.65672e-05
0.000218375
0.000117404
0.000209736
0.000171653
0.000254884
0.000226288
7.53878e-06
-3.33042e-05
1.89431e-05
-6.82099e-05
2.94365e-05
-7.06639e-05
3.92422e-05
-6.54355e-05
4.93251e-05
-6.24692e-05
6.0045e-05
-6.25378e-05
7.1402e-05
-6.42452e-05
8.33674e-05
-6.65217e-05
9.60083e-05
-6.88926e-05
0.000109487
-7.11676e-05
0.000124014
-7.31771e-05
0.000139788
-7.45966e-05
0.000157048
-7.49864e-05
0.000175877
-7.34554e-05
0.000195843
-6.84513e-05
0.000216088
-5.84624e-05
0.000235756
-4.26325e-05
0.000253529
-1.88102e-05
0.000268559
1.26641e-05
0.000278734
5.63917e-05
0.000287345
0.000108793
0.000297753
0.000161245
0.000228196
0.000324442
8.29259e-06
-4.15968e-05
1.91305e-05
-7.90478e-05
2.86284e-05
-8.01618e-05
3.7763e-05
-7.45701e-05
4.75267e-05
-7.2233e-05
5.80788e-05
-7.30899e-05
6.93128e-05
-7.54792e-05
8.12067e-05
-7.84156e-05
9.3919e-05
-8.16049e-05
0.000107731
-8.49799e-05
0.000122972
-8.84178e-05
0.000140026
-9.16504e-05
0.000159543
-9.4504e-05
0.000181999
-9.59112e-05
0.00020702
-9.34725e-05
0.000233548
-8.49896e-05
0.000261204
-7.0289e-05
0.000287263
-4.48696e-05
0.00031417
-1.42422e-05
0.00033173
3.88311e-05
0.000338329
0.000102195
0.000341752
0.000157822
0.000209602
0.000360345
8.9089e-06
-5.05057e-05
1.89977e-05
-8.91366e-05
2.74847e-05
-8.86488e-05
3.60052e-05
-8.30906e-05
4.54261e-05
-8.16539e-05
5.56825e-05
-8.33463e-05
6.6608e-05
-8.64047e-05
7.82207e-05
-9.00283e-05
9.07677e-05
-9.41518e-05
0.000104545
-9.87572e-05
0.000119889
-0.000103761
0.000137271
-0.000109033
0.000158061
-0.000115294
0.000183424
-0.000121274
0.000212651
-0.000122699
0.000243652
-0.000115991
0.000279035
-0.000105672
0.000306539
-7.23738e-05
0.000320986
-2.86892e-05
0.000335831
2.39859e-05
0.000346509
9.15172e-05
0.000348684
0.000155647
0.000200621
0.000357665
9.34661e-06
-5.98523e-05
1.85272e-05
-9.83172e-05
2.60456e-05
-9.61672e-05
3.401e-05
-9.1055e-05
4.30282e-05
-9.06721e-05
5.28322e-05
-9.31503e-05
6.32315e-05
-9.6804e-05
7.42745e-05
-0.000101071
8.61654e-05
-0.000106043
9.90026e-05
-0.000111594
0.000112984
-0.000117742
0.000128788
-0.000124837
0.000149585
-0.000136092
0.000177128
-0.000148817
0.000208098
-0.000153669
0.000236888
-0.000144781
0.000261955
-0.000130739
0.000286669
-9.70881e-05
0.000293747
-3.5767e-05
0.000308494
9.23853e-06
0.000324159
7.58521e-05
0.000336965
0.000142841
0.000190431
0.000347156
9.60812e-06
-6.94604e-05
1.7749e-05
-0.000106458
2.4373e-05
-0.000102791
3.18121e-05
-9.84942e-05
4.03086e-05
-9.91686e-05
4.94244e-05
-0.000102266
5.89327e-05
-0.000106312
6.88316e-05
-0.00011097
7.90972e-05
-0.000116308
8.96566e-05
-0.000122154
0.000100788
-0.000128873
0.00011462
-0.000138669
0.000137206
-0.000158678
0.00016785
-0.000179461
0.000196198
-0.000182017
0.000221565
-0.000170148
0.000238696
-0.00014787
0.000258611
-0.000117003
0.000285116
-6.22725e-05
0.000298002
-3.64707e-06
0.000316355
5.7499e-05
0.000328379
0.000130817
0.000180465
0.000338345
9.72121e-06
-7.91816e-05
1.66567e-05
-0.000113394
2.24142e-05
-0.000108549
2.9253e-05
-0.000105333
3.69479e-05
-0.000106864
4.49265e-05
-0.000110245
5.29204e-05
-0.000114306
6.08518e-05
-0.000118902
6.87297e-05
-0.000124186
7.70878e-05
-0.000130512
8.73725e-05
-0.000139158
0.000105235
-0.000156532
0.000135718
-0.00018916
0.000171941
-0.000215684
0.000198689
-0.000208764
0.000236394
-0.000207853
0.000263155
-0.000174632
0.000260247
-0.000114095
0.000251405
-5.34303e-05
0.000267647
-1.98888e-05
0.000303387
2.17582e-05
0.000329807
0.000104397
0.00017122
0.000339052
9.62534e-06
-8.88069e-05
1.50962e-05
-0.000118864
1.98678e-05
-0.00011332
2.58514e-05
-0.000111317
3.22916e-05
-0.000113304
3.86292e-05
-0.000116582
4.47898e-05
-0.000120467
5.10676e-05
-0.000125179
5.86292e-05
-0.000131748
7.06058e-05
-0.000142489
9.16255e-05
-0.000160178
0.000126612
-0.000191519
0.000171924
-0.000234472
0.000197747
-0.000241507
0.000226956
-0.000237973
0.000245834
-0.000226731
0.00024272
-0.000171518
0.000207525
-7.89003e-05
0.00017963
-2.55349e-05
0.000185917
-2.61758e-05
0.000226221
-1.85453e-05
0.000274086
5.65318e-05
0.000142046
0.000303261
9.4804e-06
-9.82873e-05
1.29798e-05
-0.000122364
1.64848e-05
-0.000116825
2.1492e-05
-0.000116324
2.67713e-05
-0.000118583
3.22427e-05
-0.000122054
3.89849e-05
-0.000127209
4.87947e-05
-0.000134989
6.66815e-05
-0.000149635
9.70508e-05
-0.000172858
0.000152158
-0.000215285
0.000206076
-0.000245437
0.000236094
-0.00026449
0.00022647
-0.000231884
0.000208006
-0.000219508
0.000195882
-0.000214607
0.000179248
-0.000154884
0.000142569
-4.22213e-05
0.000121579
-4.54516e-06
0.000123244
-2.78405e-05
0.000145494
-4.07953e-05
0.00018608
1.59458e-05
9.73324e-05
0.000230794
1.02266e-05
-0.000108514
1.11862e-05
-0.000123323
1.38213e-05
-0.00011946
1.93902e-05
-0.000121893
2.65246e-05
-0.000125718
3.68852e-05
-0.000132414
5.35547e-05
-0.000143879
8.02214e-05
-0.000161656
0.000132448
-0.000201861
0.000190524
-0.000230934
0.000238191
-0.000262951
0.000265926
-0.000273172
0.000256712
-0.000255276
0.000210408
-0.00018558
0.000172221
-0.00018132
0.000146132
-0.000188518
0.000126452
-0.000135203
0.000103382
-1.91519e-05
9.11632e-05
7.67409e-06
8.58343e-05
-2.25118e-05
8.93431e-05
-4.43043e-05
0.000120572
-1.52834e-05
4.17903e-05
0.000176114
1.28553e-05
-0.000121369
1.38932e-05
-0.000124361
1.95711e-05
-0.000125138
3.11094e-05
-0.000133431
4.91994e-05
-0.000143807
8.21731e-05
-0.000165388
0.000120584
-0.000182289
0.00016366
-0.000204732
0.000202472
-0.000240672
0.000245311
-0.000273774
0.000274666
-0.000292306
0.000282171
-0.000280677
0.000258968
-0.000232073
0.00020294
-0.000129552
0.000155605
-0.000133985
0.000124587
-0.0001575
9.78113e-05
-0.000108427
7.50139e-05
3.64567e-06
6.6818e-05
1.58702e-05
6.18884e-05
-1.75819e-05
6.08701e-05
-4.32861e-05
8.7145e-05
-4.15584e-05
-1.60319e-05
0.000144967
1.35707e-05
-0.00013494
2.86252e-05
-0.000139416
4.35051e-05
-0.000140018
6.22094e-05
-0.000152135
8.49859e-05
-0.000166584
0.000105858
-0.00018626
0.000132369
-0.000208801
0.000164702
-0.000237065
0.000196935
-0.000272905
0.000230563
-0.000307402
0.000254304
-0.000316047
0.00025579
-0.000282163
0.000233284
-0.000209567
0.000188468
-8.47368e-05
0.000142
-8.75173e-05
0.000106327
-0.000121827
7.16278e-05
-7.3728e-05
4.6507e-05
2.87666e-05
4.22548e-05
2.01224e-05
4.12741e-05
-1.66009e-05
4.40016e-05
-4.60134e-05
6.58615e-05
-6.34183e-05
-6.34537e-05
0.000113283
7.58838e-06
-0.000142528
2.27264e-05
-0.000154554
3.91298e-05
-0.000156421
5.38919e-05
-0.000166897
6.94455e-05
-0.000182137
8.50302e-05
-0.000201844
0.000102725
-0.000226496
0.000125372
-0.000259712
0.000154083
-0.000301616
0.000181561
-0.00033488
0.000192846
-0.000327332
0.00018511
-0.000274428
0.000166187
-0.000190644
0.000143497
-6.20468e-05
0.000112672
-5.66921e-05
7.74286e-05
-8.65835e-05
3.2242e-05
-2.85415e-05
9.49542e-06
5.15132e-05
1.22007e-05
1.74171e-05
1.58046e-05
-2.0205e-05
2.34518e-05
-5.36605e-05
4.4107e-05
-8.40735e-05
-0.000102538
8.31919e-05
7.64302e-06
-0.000150171
1.79205e-05
-0.000164831
2.83376e-05
-0.000166838
3.80275e-05
-0.000176587
4.72702e-05
-0.00019138
5.62685e-05
-0.000210842
6.65544e-05
-0.000236782
8.09199e-05
-0.000274077
9.81596e-05
-0.000318856
0.00010605
-0.00034277
0.000101075
-0.000322357
8.75583e-05
-0.000260911
7.32391e-05
-0.000176325
7.62389e-05
-6.50465e-05
6.73569e-05
-4.78101e-05
2.78939e-05
-4.71204e-05
-2.37241e-05
2.30767e-05
-2.91839e-05
5.6973e-05
-2.1068e-05
9.30108e-06
-1.5032e-05
-2.62409e-05
-6.60422e-06
-6.20882e-05
1.02844e-05
-0.000100962
-0.000131623
3.93692e-05
7.0042e-06
-0.000157175
1.14139e-05
-0.000169241
1.68798e-05
-0.000172304
2.18527e-05
-0.00018156
2.56022e-05
-0.000195129
2.78802e-05
-0.00021312
2.92952e-05
-0.000238196
3.05709e-05
-0.000275353
2.73858e-05
-0.000315671
1.40925e-05
-0.000329476
-4.00881e-06
-0.000304256
-1.5376e-05
-0.000249544
-1.46757e-05
-0.000177025
4.91612e-07
-8.02138e-05
-8.72567e-06
-3.85928e-05
-5.66192e-05
7.73169e-07
-8.70565e-05
5.35139e-05
-6.8979e-05
3.88956e-05
-5.69849e-05
-2.69331e-06
-5.0341e-05
-3.28847e-05
-4.59417e-05
-6.64877e-05
-4.22936e-05
-0.00010461
-0.000139877
-3.40404e-05
4.32305e-06
-0.000161498
5.02517e-06
-0.000169943
6.75223e-06
-0.000174031
7.42701e-06
-0.000182235
6.07432e-06
-0.000193777
1.93313e-06
-0.000208979
-5.76212e-06
-0.000230501
-1.99867e-05
-0.000261128
-4.30805e-05
-0.000292577
-6.9808e-05
-0.000302749
-9.05527e-05
-0.000283511
-0.000100309
-0.000239788
-0.000106527
-0.000170808
-9.49189e-05
-9.18213e-05
-0.000108268
-2.52433e-05
-0.000138416
3.0921e-05
-0.000128922
4.40191e-05
-0.000101637
1.1611e-05
-8.95482e-05
-1.47823e-05
-8.41626e-05
-3.82702e-05
-8.52121e-05
-6.54383e-05
-9.32103e-05
-9.66118e-05
-0.000129915
-0.000103173
1.01773e-06
-0.000162516
-2.18116e-07
-0.000168707
-1.67431e-06
-0.000172575
-4.60255e-06
-0.000179306
-1.00347e-05
-0.000188345
-1.92504e-05
-0.000199763
-3.46721e-05
-0.000215079
-5.92143e-05
-0.000236586
-9.30014e-05
-0.000258789
-0.000128193
-0.000267557
-0.00015793
-0.000253775
-0.000181431
-0.000216286
-0.000198427
-0.000153813
-0.000205095
-8.51526e-05
-0.000205451
-2.48871e-05
-0.000185402
1.08716e-05
-0.000150706
9.32302e-06
-0.000125696
-1.33987e-05
-0.000115207
-2.52714e-05
-0.000111761
-4.17159e-05
-0.000116318
-6.08819e-05
-0.000130573
-8.23567e-05
-0.000106782
-0.000153706
-1.65479e-06
-0.000160861
-4.77493e-06
-0.000165587
-8.48184e-06
-0.000168868
-1.38872e-05
-0.000173901
-2.17975e-05
-0.000180434
-3.34881e-05
-0.000188073
-5.14642e-05
-0.000197103
-7.87732e-05
-0.000209277
-0.000115005
-0.000222558
-0.000154919
-0.000227643
-0.000192821
-0.000215872
-0.000224438
-0.000184669
-0.000241047
-0.000137203
-0.000240599
-8.5601e-05
-0.00022304
-4.24459e-05
-0.000190156
-2.20126e-05
-0.00015695
-2.38827e-05
-0.000139962
-3.03872e-05
-0.000132052
-3.31812e-05
-0.000130825
-4.29435e-05
-0.000137336
-5.43707e-05
-0.000153209
-6.64835e-05
-7.91822e-05
-0.000180809
-3.61644e-06
-0.000157245
-8.11244e-06
-0.000161091
-1.34906e-05
-0.00016349
-2.03869e-05
-0.000167005
-2.94715e-05
-0.00017135
-4.15885e-05
-0.000175956
-5.83651e-05
-0.000180327
-8.24706e-05
-0.000185171
-0.000114834
-0.000190194
-0.000151797
-0.00019068
-0.000186952
-0.000180717
-0.000213638
-0.000157983
-0.000225015
-0.000125825
-0.000219291
-9.13254e-05
-0.000198823
-6.29139e-05
-0.000173163
-4.76725e-05
-0.000154341
-4.27046e-05
-0.000145576
-3.91523e-05
-0.000140752
-3.80051e-05
-0.000141571
-4.21245e-05
-0.000149134
-4.68075e-05
-0.00016437
-5.12479e-05
-5.36914e-05
-0.000189861
-4.94428e-06
-0.000152301
-1.051e-05
-0.000155526
-1.69026e-05
-0.000157097
-2.45679e-05
-0.00015934
-3.39786e-05
-0.000161939
-4.55361e-05
-0.000164398
-5.98684e-05
-0.000165995
-7.85334e-05
-0.000166506
-0.000102732
-0.000165996
-0.00013039
-0.000163022
-0.000156427
-0.00015468
-0.000175266
-0.000139145
-0.000183365
-0.000117726
-0.000180449
-9.42412e-05
-0.000169448
-7.39145e-05
-0.000157124
-5.99965e-05
-0.000149346
-5.04829e-05
-0.000144999
-4.34991e-05
-0.000142881
-4.01231e-05
-0.000145418
-3.9587e-05
-0.000153035
-3.91911e-05
-0.000166401
-3.78825e-05
-3.35303e-05
-0.000186562
-5.79177e-06
-0.000146509
-1.20637e-05
-0.000149254
-1.90167e-05
-0.000150144
-2.69756e-05
-0.000151381
-3.62602e-05
-0.000152655
-4.70548e-05
-0.000153604
-5.93895e-05
-0.00015366
-7.35932e-05
-0.000152302
-9.02884e-05
-0.0001493
-0.00010895
-0.00014436
-0.000127045
-0.000136584
-0.000141237
-0.000124952
-0.000149349
-0.000109615
-0.000151155
-9.24353e-05
-0.000148655
-7.64136e-05
-0.000145203
-6.34484e-05
-0.000142498
-5.31885e-05
-0.000140617
-4.53805e-05
-0.00014064
-4.00995e-05
-0.000144053
-3.6174e-05
-0.000151016
-3.22281e-05
-0.000161842
-2.70573e-05
-1.85519e-05
-0.00017682
-6.27964e-06
-0.00014023
-1.29413e-05
-0.000142592
-2.01311e-05
-0.000142955
-2.80844e-05
-0.000143427
-3.70125e-05
-0.000143726
-4.70329e-05
-0.000143583
-5.80602e-05
-0.000142632
-6.99061e-05
-0.000140456
-8.255e-05
-0.000136656
-9.59118e-05
-0.000130998
-0.000109113
-0.000123383
-0.000120454
-0.000113612
-0.000128473
-0.000101596
-0.000132801
-8.81064e-05
-0.000134332
-7.48829e-05
-0.000134477
-6.3303e-05
-0.000134171
-5.34948e-05
-0.000134128
-4.54236e-05
-0.000135555
-3.86721e-05
-0.000139173
-3.25562e-05
-0.000145111
-2.62906e-05
-0.000153453
-1.8715e-05
-8.16598e-06
-0.000163839
-6.49734e-06
-0.000133732
-1.3297e-05
-0.000135792
-2.04904e-05
-0.000135761
-2.82473e-05
-0.00013567
-3.66992e-05
-0.000135274
-4.59207e-05
-0.000134362
-5.58737e-05
-0.000132679
-6.63646e-05
-0.000129965
-7.70933e-05
-0.000125928
-8.77734e-05
-0.000120318
-9.80619e-05
-0.000113094
-0.000107321
-0.000104353
-0.000114697
-9.42199e-05
-0.000119675
-8.3128e-05
-0.000122567
-7.19903e-05
-0.000124183
-6.16878e-05
-0.000125212
-5.24652e-05
-0.000126505
-4.41313e-05
-0.00012862
-3.65571e-05
-0.000132065
-2.91112e-05
-0.00013689
-2.14659e-05
-0.000142973
-1.26326e-05
-1.28946e-06
-0.000149849
-6.51051e-06
-0.000127222
-1.32611e-05
-0.000129042
-2.02941e-05
-0.000128728
-2.77323e-05
-0.000128232
-3.56532e-05
-0.000127353
-4.40864e-05
-0.000125929
-5.29948e-05
-0.000123771
-6.22564e-05
-0.000120703
-7.16243e-05
-0.00011656
-8.07661e-05
-0.000111176
-8.93695e-05
-0.000104491
-9.71086e-05
-9.66136e-05
-0.00010357
-8.77585e-05
-0.000108451
-7.82467e-05
-0.00011186
-6.85805e-05
-0.000114269
-5.92802e-05
-0.000116215
-5.05187e-05
-0.00011821
-4.21362e-05
-0.000120679
-3.40879e-05
-0.000123709
-2.60814e-05
-0.000127507
-1.76688e-05
-0.00013171
-8.42923e-06
3.03131e-06
-0.000136031
-6.37654e-06
-0.000120845
-1.29438e-05
-0.000122474
-1.97071e-05
-0.000121965
-2.67523e-05
-0.000121186
-3.41237e-05
-0.000119982
-4.18219e-05
-0.000118231
-4.97931e-05
-0.000115799
-5.79354e-05
-0.000112561
-6.6092e-05
-0.000108403
-7.40329e-05
-0.000103235
-8.14844e-05
-9.70395e-05
-8.8187e-05
-8.99112e-05
-9.39168e-05
-8.20287e-05
-9.85434e-05
-7.362e-05
-0.000102142
-6.49818e-05
-0.000104989
-5.64331e-05
-0.000107451
-4.80567e-05
-0.000109739
-3.98489e-05
-0.000112144
-3.16825e-05
-0.000114718
-2.35071e-05
-0.000117573
-1.48144e-05
-0.000120575
-5.42804e-06
5.4867e-06
-0.00012303
-6.14108e-06
-0.000114704
-1.24316e-05
-0.000116184
-1.88549e-05
-0.000115542
-2.5467e-05
-0.000114574
-3.22914e-05
-0.000113158
-3.93171e-05
-0.000111205
-4.64942e-05
-0.000108622
-5.37315e-05
-0.000105324
-6.08985e-05
-0.000101236
-6.78292e-05
-9.63047e-05
-7.43363e-05
-9.05326e-05
-8.02411e-05
-8.40063e-05
-8.54046e-05
-7.68651e-05
-8.9757e-05
-6.92677e-05
-9.33393e-05
-6.13997e-05
-9.63291e-05
-5.34432e-05
-9.89092e-05
-4.54764e-05
-0.000101232
-3.75264e-05
-0.00010346
-2.94541e-05
-0.000105701
-2.12667e-05
-0.00010782
-1.26955e-05
-0.000109749
-3.4989e-06
6.7539e-06
-0.000111016
-5.83763e-06
-0.000108866
-1.17898e-05
-0.000110232
-1.78291e-05
-0.000109502
-2.39887e-05
-0.000108414
-3.0279e-05
-0.000106868
-3.66817e-05
-0.000104802
-4.31519e-05
-0.000102152
-4.96144e-05
-9.88613e-05
-5.59647e-05
-9.48853e-05
-6.2074e-05
-9.01953e-05
-6.78077e-05
-8.4799e-05
-7.30522e-05
-7.87618e-05
-7.77239e-05
-7.21932e-05
-8.17745e-05
-6.5217e-05
-8.52216e-05
-5.79528e-05
-8.81631e-05
-5.05018e-05
-9.06996e-05
-4.29396e-05
-9.29563e-05
-3.52697e-05
-9.49413e-05
-2.74694e-05
-9.67773e-05
-1.94311e-05
-9.83567e-05
-1.11164e-05
-9.95489e-05
-2.30665e-06
7.24326e-06
-0.000100038
-5.48953e-06
-0.000103377
-1.10659e-05
-0.000104656
-1.66963e-05
-0.000103872
-2.23978e-05
-0.000102713
-2.81714e-05
-0.000101094
-3.39958e-05
-9.89778e-05
-3.98299e-05
-9.63185e-05
-4.56118e-05
-9.30794e-05
-5.12635e-05
-8.92335e-05
-5.66907e-05
-8.47681e-05
-6.17913e-05
-7.96984e-05
-6.64776e-05
-7.40753e-05
-7.06932e-05
-6.79775e-05
-7.4414e-05
-6.14962e-05
-7.76484e-05
-5.47186e-05
-8.0438e-05
-4.77124e-05
-8.28407e-05
-4.0537e-05
-8.49136e-05
-3.31968e-05
-8.67335e-05
-2.56495e-05
-8.81872e-05
-1.79774e-05
-8.93437e-05
-9.95986e-06
-9.00344e-05
-1.61607e-06
7.2436e-06
-9.00348e-05
-5.11236e-06
-9.82648e-05
-1.02923e-05
-9.9476e-05
-1.55019e-05
-9.86622e-05
-2.07486e-05
-9.74666e-05
-2.60261e-05
-9.58168e-05
-3.13136e-05
-9.36904e-05
-3.65749e-05
-9.10574e-05
-4.17589e-05
-8.78952e-05
-4.68029e-05
-8.41894e-05
-5.16345e-05
-7.99368e-05
-5.61801e-05
-7.5153e-05
-6.03769e-05
-6.98784e-05
-6.41814e-05
-6.41729e-05
-6.75727e-05
-5.81049e-05
-7.05518e-05
-5.17394e-05
-7.31349e-05
-4.51292e-05
-7.5359e-05
-3.83129e-05
-7.72483e-05
-3.13074e-05
-7.8794e-05
-2.41039e-05
-8.00357e-05
-1.67358e-05
-8.0848e-05
-9.14746e-06
-8.11965e-05
-1.2675e-06
6.95163e-06
-8.09046e-05
-4.71745e-06
-9.35474e-05
-9.49156e-06
-9.47018e-05
-1.42773e-05
-9.38764e-05
-1.90773e-05
-9.26668e-05
-2.388e-05
-9.10139e-05
-2.86656e-05
-8.8905e-05
-3.34017e-05
-8.63213e-05
-3.80468e-05
-8.32499e-05
-4.25517e-05
-7.96844e-05
-4.68611e-05
-7.56275e-05
-5.09185e-05
-7.10957e-05
-5.46751e-05
-6.61217e-05
-5.80969e-05
-6.07511e-05
-6.11656e-05
-5.50363e-05
-6.38751e-05
-4.90298e-05
-6.62304e-05
-4.27739e-05
-6.82476e-05
-3.62957e-05
-6.9931e-05
-2.96242e-05
-7.12807e-05
-2.27544e-05
-7.22597e-05
-1.57569e-05
-7.28541e-05
-8.55309e-06
-7.29885e-05
-1.13294e-06
6.50151e-06
-7.25383e-05
-4.31409e-06
-8.92332e-05
-8.67957e-06
-9.03362e-05
-1.30445e-05
-8.95115e-05
-1.74083e-05
-8.8303e-05
-2.17566e-05
-8.66655e-05
-2.60707e-05
-8.45911e-05
-3.03222e-05
-8.20698e-05
-3.44769e-05
-7.90952e-05
-3.84951e-05
-7.56662e-05
-4.23332e-05
-7.17893e-05
-4.59483e-05
-6.74806e-05
-4.93025e-05
-6.27675e-05
-5.23671e-05
-5.76865e-05
-5.51239e-05
-5.22795e-05
-5.75644e-05
-4.65891e-05
-5.96862e-05
-4.0652e-05
-6.14895e-05
-3.44924e-05
-6.29704e-05
-2.81435e-05
-6.41187e-05
-2.16063e-05
-6.49418e-05
-1.49339e-05
-6.53753e-05
-8.11966e-06
-6.53592e-05
-1.14896e-06
5.97681e-06
-6.48345e-05
-3.90999e-06
-8.53231e-05
-7.86858e-06
-8.63775e-05
-1.18189e-05
-8.55614e-05
-1.5758e-05
-8.43637e-05
-1.96707e-05
-8.27527e-05
-2.3539e-05
-8.07231e-05
-2.73382e-05
-7.82705e-05
-3.10402e-05
-7.53933e-05
-3.46126e-05
-7.20939e-05
-3.80208e-05
-6.8381e-05
-4.1231e-05
-6.42702e-05
-4.4213e-05
-5.97854e-05
-4.69427e-05
-5.49569e-05
-4.94025e-05
-4.98198e-05
-5.15815e-05
-4.44101e-05
-5.34731e-05
-3.87604e-05
-5.50694e-05
-3.28962e-05
-5.6375e-05
-2.68381e-05
-5.73562e-05
-2.06251e-05
-5.8024e-05
-1.4266e-05
-5.83281e-05
-7.81543e-06
-5.82377e-05
-1.23934e-06
5.43845e-06
-5.76995e-05
-3.5114e-06
-8.18117e-05
-7.06763e-06
-8.28212e-05
-1.06111e-05
-8.20181e-05
-1.41373e-05
-8.08371e-05
-1.76311e-05
-7.92588e-05
-2.10752e-05
-7.72788e-05
-2.44488e-05
-7.48969e-05
-2.77282e-05
-7.2114e-05
-3.08868e-05
-6.89354e-05
-3.3897e-05
-6.53708e-05
-3.67316e-05
-6.14355e-05
-3.93662e-05
-5.71508e-05
-4.17803e-05
-5.25429e-05
-4.39578e-05
-4.76423e-05
-4.5887e-05
-4.24809e-05
-4.7558e-05
-3.70894e-05
-4.89614e-05
-3.14929e-05
-5.00893e-05
-2.57103e-05
-5.09379e-05
-1.97765e-05
-5.14814e-05
-1.37223e-05
-5.17086e-05
-7.5881e-06
-5.15719e-05
-1.37597e-06
4.92064e-06
-5.10542e-05
-3.12143e-06
-7.86903e-05
-6.2819e-06
-7.96608e-05
-9.42709e-06
-7.88729e-05
-1.25519e-05
-7.77122e-05
-1.56415e-05
-7.61691e-05
-1.86801e-05
-7.42401e-05
-2.16499e-05
-7.19271e-05
-2.4531e-05
-6.92332e-05
-2.73015e-05
-6.61651e-05
-2.9939e-05
-6.27334e-05
-3.24217e-05
-5.89529e-05
-3.47296e-05
-5.48431e-05
-3.6845e-05
-5.04276e-05
-3.87539e-05
-4.57333e-05
-4.04452e-05
-4.07895e-05
-4.19091e-05
-3.56255e-05
-4.31345e-05
-3.02676e-05
-4.41097e-05
-2.47351e-05
-4.48285e-05
-1.90575e-05
-4.52831e-05
-1.32676e-05
-4.54521e-05
-7.41897e-06
-4.52996e-05
-1.52848e-06
4.44871e-06
-4.48278e-05
-2.7399e-06
-7.59503e-05
-5.51206e-06
-7.68888e-05
-8.26799e-06
-7.61168e-05
-1.10023e-05
-7.4978e-05
-1.37013e-05
-7.34704e-05
-1.63504e-05
-7.15909e-05
-1.89348e-05
-6.93429e-05
-2.14375e-05
-6.67307e-05
-2.38406e-05
-6.37621e-05
-2.61262e-05
-6.04478e-05
-2.82766e-05
-5.68025e-05
-3.02752e-05
-5.28446e-05
-3.21072e-05
-4.85956e-05
-3.37605e-05
-4.408e-05
-3.52251e-05
-3.93248e-05
-3.64919e-05
-3.43587e-05
-3.75505e-05
-2.9209e-05
-3.83878e-05
-2.38977e-05
-3.90016e-05
-1.84436e-05
-3.9378e-05
-1.2891e-05
-3.9508e-05
-7.28897e-06
-3.93814e-05
-1.65515e-06
4.02725e-06
-3.89601e-05
-2.36334e-06
-7.35868e-05
-4.75532e-06
-7.44969e-05
-7.13158e-06
-7.37406e-05
-9.48619e-06
-7.26236e-05
-1.18067e-05
-7.11501e-05
-1.40805e-05
-6.93173e-05
-1.62947e-05
-6.71289e-05
-1.84354e-05
-6.45902e-05
-2.04881e-05
-6.17093e-05
-2.24386e-05
-5.84973e-05
-2.42727e-05
-5.49685e-05
-2.59768e-05
-5.11405e-05
-2.75389e-05
-4.70335e-05
-2.89484e-05
-4.26704e-05
-3.01967e-05
-3.80765e-05
-3.12765e-05
-3.3279e-05
-3.21794e-05
-2.83062e-05
-3.28947e-05
-2.31824e-05
-3.34126e-05
-1.79256e-05
-3.37348e-05
-1.25687e-05
-3.38426e-05
-7.18114e-06
-3.37389e-05
-1.75898e-06
3.6764e-06
-3.33881e-05
-1.98384e-06
-7.1603e-05
-4.00536e-06
-7.24754e-05
-6.01252e-06
-7.17335e-05
-7.99828e-06
-7.06379e-05
-9.95231e-06
-6.91961e-05
-1.18637e-05
-6.74059e-05
-1.37216e-05
-6.52712e-05
-1.55146e-05
-6.27974e-05
-1.72311e-05
-5.99928e-05
-1.886e-05
-5.68684e-05
-2.03903e-05
-5.34382e-05
-2.18116e-05
-4.97192e-05
-2.31142e-05
-4.57308e-05
-2.42898e-05
-4.14948e-05
-2.53312e-05
-3.70351e-05
-2.62324e-05
-3.23779e-05
-2.69879e-05
-2.75508e-05
-2.75896e-05
-2.25806e-05
-2.80273e-05
-1.74878e-05
-2.82983e-05
-1.22976e-05
-2.8413e-05
-7.0665e-06
-2.83375e-05
-1.83451e-06
3.40146e-06
-2.80624e-05
-1.58908e-06
-7.00142e-05
-3.24997e-06
-7.08146e-05
-4.89696e-06
-7.00865e-05
-6.52263e-06
-6.90122e-05
-8.12025e-06
-6.75984e-05
-9.6812e-06
-6.5845e-05
-1.11965e-05
-6.37559e-05
-1.26567e-05
-6.13372e-05
-1.40522e-05
-5.85972e-05
-1.5374e-05
-5.55467e-05
-1.66131e-05
-5.21992e-05
-1.77618e-05
-4.85706e-05
-1.88133e-05
-4.46793e-05
-1.97618e-05
-4.05463e-05
-2.06024e-05
-3.61946e-05
-2.1331e-05
-3.16493e-05
-2.19445e-05
-2.69372e-05
-2.24381e-05
-2.20868e-05
-2.2804e-05
-1.71219e-05
-2.30439e-05
-1.20577e-05
-2.31565e-05
-6.95389e-06
-2.31272e-05
-1.86378e-06
3.21071e-06
-2.29363e-05
-1.17424e-06
-6.884e-05
-2.48006e-06
-6.95088e-05
-3.76919e-06
-6.87973e-05
-5.03702e-06
-6.77444e-05
-6.28174e-06
-6.63538e-05
-7.49799e-06
-6.46289e-05
-8.67943e-06
-6.25745e-05
-9.81884e-06
-6.01978e-05
-1.09083e-05
-5.75077e-05
-1.19397e-05
-5.45155e-05
-1.2905e-05
-5.1234e-05
-1.37971e-05
-4.76784e-05
-1.46106e-05
-4.38658e-05
-1.53414e-05
-3.98156e-05
-1.59868e-05
-3.55492e-05
-1.65458e-05
-3.10902e-05
-1.70185e-05
-2.64643e-05
-1.74054e-05
-2.16997e-05
-1.77039e-05
-1.68232e-05
-1.79157e-05
-1.18459e-05
-1.80407e-05
-6.82896e-06
-1.80668e-05
-1.83761e-06
3.11259e-06
-1.79686e-05
-7.61241e-07
-6.80787e-05
-1.71179e-06
-6.85583e-05
-2.64223e-06
-6.78668e-05
-3.5511e-06
-6.68355e-05
-4.44071e-06
-6.54643e-05
-5.30974e-06
-6.37599e-05
-6.1555e-06
-6.17286e-05
-6.97405e-06
-5.93792e-05
-7.76017e-06
-5.67217e-05
-8.50761e-06
-5.37682e-05
-9.20966e-06
-5.05321e-05
-9.85971e-06
-4.70284e-05
-1.04518e-05
-4.32737e-05
-1.09813e-05
-3.92861e-05
-1.14454e-05
-3.5085e-05
-1.18439e-05
-3.06916e-05
-1.21795e-05
-2.61285e-05
-1.24581e-05
-2.1421e-05
-1.26868e-05
-1.65944e-05
-1.28728e-05
-1.16599e-05
-1.3022e-05
-6.67988e-06
-1.31163e-05
-1.74333e-06
3.11793e-06
-1.31216e-05
-3.88008e-07
-6.76907e-05
-9.83053e-07
-6.79633e-05
-1.55665e-06
-6.72931e-05
-2.10798e-06
-6.62841e-05
-2.64247e-06
-6.49298e-05
-3.16268e-06
-6.32397e-05
-3.66879e-06
-6.12226e-05
-4.15968e-06
-5.88884e-05
-4.63315e-06
-5.62484e-05
-5.0862e-06
-5.33152e-05
-5.51521e-06
-5.01031e-05
-5.91612e-06
-4.66274e-05
-6.2846e-06
-4.29052e-05
-6.61638e-06
-3.89542e-05
-6.90794e-06
-3.47933e-05
-7.15756e-06
-3.04418e-05
-7.36687e-06
-2.59191e-05
-7.5434e-06
-2.12444e-05
-7.703e-06
-1.64348e-05
-7.8654e-06
-1.14976e-05
-8.06062e-06
-6.48474e-06
-8.25439e-06
-1.54959e-06
3.26035e-06
-8.39681e-06
-8.78185e-08
-3.15511e-07
-5.16071e-07
-7.02874e-07
-8.81873e-07
-1.05514e-06
-1.22313e-06
-1.3857e-06
-1.54233e-06
-1.69233e-06
-1.83492e-06
-1.9692e-06
-2.09414e-06
-2.2086e-06
-2.31138e-06
-2.40158e-06
-2.47947e-06
-2.54929e-06
-2.62411e-06
-2.71725e-06
-2.85154e-06
-3.00674e-06
-3.15654e-06
0.000106255
0.000120033
1.79614e-05
8.8294e-05
-2.57388e-05
4.37002e-05
1.21824e-06
-2.69572e-05
0.000312158
0.000132316
0.000268805
0.000131647
0.000191397
0.000121109
9.44678e-05
9.81473e-05
0.000373297
0.000119364
0.000372566
0.000132378
0.0003513
0.000142374
0.000142334
0.000303434
0.0003681
0.000108929
0.000381071
0.000119407
0.000387757
0.000135689
0.000152875
0.000377216
0.000351465
0.000104619
0.00036199
0.000108883
0.000377125
0.000120553
0.000148746
0.000381255
0.000341302
0.000101662
0.000344781
0.000105403
0.000362215
0.000103119
0.000141522
0.000369438
0.000337827
0.000102888
0.0003312
0.00011203
0.000340633
9.36861e-05
0.00012693
0.000355226
0.000308571
9.75777e-05
0.000307832
0.000112769
0.000314071
8.74477e-05
0.000102973
0.000338027
0.000250516
7.78552e-05
0.000268235
9.50507e-05
0.000281425
7.42577e-05
7.81761e-05
0.000306222
0.000207313
4.66568e-05
0.000236371
6.59922e-05
0.000252342
5.82867e-05
6.01055e-05
0.000270413
0.000179698
1.19263e-05
0.000212902
3.27881e-05
0.000230577
4.06116e-05
4.66766e-05
0.000244006
0.000143897
-1.8688e-05
0.000174301
2.38454e-06
0.000192995
2.19174e-05
3.63052e-05
0.000203367
0.000105445
-4.0941e-05
0.00012654
-1.87106e-05
0.000130973
1.74843e-05
4.65458e-05
0.000120733
5.61355e-05
-5.77075e-05
6.67151e-05
-2.92903e-05
6.71115e-05
1.70879e-05
6.05714e-05
5.3086e-05
-2.62323e-05
-6.55157e-05
-1.28588e-05
-4.26641e-05
6.27501e-06
-2.04585e-06
4.17875e-05
2.50592e-05
-0.000101248
-6.74401e-05
-8.57238e-05
-5.81888e-05
-5.33664e-05
-3.44031e-05
8.16358e-07
-1.23953e-05
-0.000162506
-5.86402e-05
-0.000161425
-5.92703e-05
-0.000144109
-5.17188e-05
-3.33239e-05
-0.000109969
-0.000197008
-4.24414e-05
-0.000210731
-4.55471e-05
-0.000216234
-4.62157e-05
-3.99125e-05
-0.000209646
-0.000206691
-2.5611e-05
-0.000226321
-2.59174e-05
-0.000246329
-2.62079e-05
-2.31244e-05
-0.000263117
-0.000199281
-1.28922e-05
-0.000214503
-1.06952e-05
-0.000232402
-8.30919e-06
-4.40217e-06
-0.000251124
-0.0001853
-4.41187e-06
-0.0001949
-1.09542e-06
-0.000205776
2.56728e-06
7.11262e-06
-0.000217291
-0.000169279
1.02771e-06
-0.00017496
4.58545e-06
-0.00018089
8.49734e-06
1.28928e-05
-0.00018667
-0.000153114
4.29249e-06
-0.000156259
7.73063e-06
-0.00015921
1.14486e-05
1.54026e-05
-0.00016172
-0.000137831
6.09267e-06
-0.000139362
9.26169e-06
-0.000140543
1.26294e-05
1.60972e-05
-0.000141237
-0.000123862
6.92448e-06
-0.000124391
9.79056e-06
-0.000124549
1.27867e-05
1.58116e-05
-0.000124263
-0.00011125
7.15804e-06
-0.000111189
9.7301e-06
-0.000110787
1.23838e-05
1.50318e-05
-0.000110007
-9.99127e-05
7.03294e-06
-9.95237e-05
9.34107e-06
-9.8838e-05
1.16981e-05
1.40344e-05
-9.78407e-05
-8.97079e-05
6.70599e-06
-8.9153e-05
8.78614e-06
-8.83483e-05
1.08933e-05
1.29746e-05
-8.72885e-05
-8.04779e-05
6.27923e-06
-7.98576e-05
8.16578e-06
-7.90293e-05
1.00649e-05
1.19376e-05
-7.79924e-05
-7.20765e-05
5.81746e-06
-7.14512e-05
7.54053e-06
-7.06532e-05
9.26687e-06
1.09682e-05
-6.96838e-05
-6.43765e-05
5.35944e-06
-6.3781e-05
6.94504e-06
-6.3042e-05
8.52783e-06
1.00873e-05
-6.21612e-05
-5.72687e-05
4.92847e-06
-5.67221e-05
6.39844e-06
-5.60561e-05
7.86174e-06
9.3032e-06
-5.5272e-05
-5.06625e-05
4.5366e-06
-5.01739e-05
5.90974e-06
-4.95859e-05
7.27375e-06
8.61668e-06
-4.88993e-05
-4.44811e-05
4.1898e-06
-4.40535e-05
5.48213e-06
-4.35437e-05
6.76401e-06
8.02497e-06
-4.29519e-05
-3.86592e-05
3.88891e-06
-3.82921e-05
5.11507e-06
-3.78578e-05
6.32994e-06
7.52353e-06
-3.73562e-05
-3.31357e-05
3.63667e-06
-3.28289e-05
4.80844e-06
-3.24675e-05
5.96885e-06
7.10779e-06
-3.20515e-05
-2.78597e-05
3.43412e-06
-2.76127e-05
4.56166e-06
-2.73216e-05
5.67812e-06
6.77348e-06
-2.69871e-05
-2.27853e-05
3.28327e-06
-2.25985e-05
4.37514e-06
-2.23763e-05
5.45614e-06
6.51723e-06
-2.21199e-05
-1.78722e-05
3.18693e-06
-1.77474e-05
4.25048e-06
-1.75938e-05
5.30268e-06
6.33684e-06
-1.74133e-05
-1.30837e-05
3.14902e-06
-1.30235e-05
4.19031e-06
-1.29394e-05
5.2187e-06
6.23104e-06
-1.28336e-05
-8.42901e-06
3.18123e-06
-8.44345e-06
4.20476e-06
-8.43721e-06
5.21247e-06
6.20462e-06
-8.41079e-06
-3.21169e-06
-3.2593e-06
-3.29693e-06
-3.32389e-06
-4.55829e-05
2.98007e-05
-2.99041e-05
-1.52236e-05
-1.55697e-05
-2.43186e-05
-3.39902e-06
-2.39915e-05
4.77758e-06
-2.03545e-05
1.0809e-05
-1.75659e-05
1.4801e-05
-1.34337e-05
1.70832e-05
-8.82334e-06
1.78715e-05
-4.42379e-06
1.77042e-05
-7.17785e-07
1.68444e-05
2.25692e-06
1.54801e-05
4.63022e-06
1.37548e-05
6.51273e-06
1.17826e-05
7.92777e-06
9.60804e-06
9.02933e-06
7.29858e-06
9.82456e-06
4.90597e-06
1.039e-05
2.45025e-06
1.07391e-05
1.07865e-05
1.14026e-05
0.000116546
-4.67263e-05
4.29053e-05
-3.78465e-05
-3.31984e-05
-1.13841e-05
-5.04536e-05
4.4998e-06
-3.62383e-05
1.32508e-05
-2.63171e-05
1.80802e-05
-1.82629e-05
2.0296e-05
-1.10391e-05
2.07194e-05
-4.84708e-06
2.00599e-05
-5.83217e-08
1.87313e-05
3.58544e-06
1.69863e-05
6.37524e-06
1.49226e-05
8.5765e-06
1.2655e-05
1.01955e-05
1.02633e-05
1.1421e-05
7.767e-06
1.23208e-05
5.20826e-06
1.29486e-05
2.5915e-06
1.33558e-05
1.33778e-05
0.000146438
0.000273542
2.44674e-05
0.000164876
-5.22477e-05
4.35168e-05
-2.06392e-05
-8.20621e-05
6.76639e-06
-6.36438e-05
1.88871e-05
-3.84379e-05
2.37016e-05
-2.30776e-05
2.49439e-05
-1.22815e-05
2.44383e-05
-4.34153e-06
2.29936e-05
1.38661e-06
2.09861e-05
5.59305e-06
1.86801e-05
8.68142e-06
1.62242e-05
1.10321e-05
1.36354e-05
1.27844e-05
1.09798e-05
1.40766e-05
8.27197e-06
1.50286e-05
5.52002e-06
1.57002e-05
2.75339e-06
1.61225e-05
1.61313e-05
0.000295662
0.000355095
0.000168155
0.000292384
4.23803e-05
0.000169291
-9.03405e-06
-3.06475e-05
1.68111e-05
-8.9489e-05
2.97624e-05
-5.13891e-05
3.20734e-05
-2.53887e-05
3.11729e-05
-1.13808e-05
2.89939e-05
-2.16252e-06
2.63337e-05
4.04667e-06
2.34479e-05
8.47884e-06
2.05028e-05
1.16267e-05
1.75892e-05
1.39456e-05
1.46754e-05
1.56979e-05
1.17592e-05
1.69926e-05
8.8211e-06
1.79671e-05
5.88701e-06
1.86345e-05
2.92828e-06
1.9081e-05
1.90596e-05
0.000342928
0.000393422
0.000269253
0.000366059
0.000159465
0.000279079
4.81631e-05
8.06539e-05
3.79821e-05
-7.9308e-05
4.49363e-05
-5.83432e-05
4.29387e-05
-2.33911e-05
3.84213e-05
-6.86321e-06
3.3946e-05
2.31268e-06
2.98047e-05
8.18779e-06
2.59379e-05
1.23458e-05
2.23931e-05
1.51716e-05
1.90314e-05
1.73074e-05
1.57727e-05
1.89567e-05
1.25604e-05
2.02049e-05
9.40675e-06
2.11207e-05
6.25843e-06
2.17831e-05
3.10474e-06
2.22346e-05
2.21642e-05
0.00034734
0.00041552
0.000298239
0.00041516
0.000222611
0.000354708
0.000120127
0.000183138
7.27481e-05
-3.19294e-05
6.34978e-05
-4.90931e-05
5.43956e-05
-1.42892e-05
4.5693e-05
1.83941e-06
3.86351e-05
9.3709e-06
3.30221e-05
1.38007e-05
2.83042e-05
1.70638e-05
2.41557e-05
1.932e-05
2.03586e-05
2.11044e-05
1.67844e-05
2.2531e-05
1.33322e-05
2.36572e-05
9.94942e-06
2.45034e-05
6.60013e-06
2.51323e-05
3.2794e-06
2.55556e-05
2.54437e-05
0.000335372
0.000435373
0.00029624
0.000454292
0.000239898
0.00041105
0.000173455
0.000249581
0.000109706
3.18196e-05
8.10355e-05
-2.04226e-05
6.43316e-05
2.41456e-06
5.14062e-05
1.47645e-05
4.21556e-05
1.86213e-05
3.54051e-05
2.05511e-05
3.00813e-05
2.23876e-05
2.55612e-05
2.38401e-05
2.15039e-05
2.51619e-05
1.77044e-05
2.63305e-05
1.40487e-05
2.73127e-05
1.04606e-05
2.80917e-05
6.9245e-06
2.86682e-05
3.44355e-06
2.90367e-05
2.88875e-05
0.000316798
0.000456602
0.000281556
0.000489534
0.000239033
0.000453573
0.000199404
0.00028921
0.00013476
9.64627e-05
9.13578e-05
2.29799e-05
6.81682e-05
2.56041e-05
5.32187e-05
2.97141e-05
4.34119e-05
2.8428e-05
3.64675e-05
2.74955e-05
3.11666e-05
2.76885e-05
2.66019e-05
2.84048e-05
2.24352e-05
2.93285e-05
1.84857e-05
3.028e-05
1.46476e-05
3.11508e-05
1.09238e-05
3.18157e-05
7.25416e-06
3.2338e-05
3.59656e-06
3.26943e-05
3.24841e-05
0.000294868
0.000467956
0.00025908
0.000525322
0.000224222
0.000488432
0.000206127
0.000307304
0.000129778
0.000172812
8.01203e-05
7.26373e-05
6.07912e-05
4.49331e-05
4.96042e-05
4.09012e-05
4.2012e-05
3.60201e-05
3.63014e-05
3.32062e-05
3.16202e-05
3.23696e-05
2.7299e-05
3.27259e-05
2.31785e-05
3.34488e-05
1.91481e-05
3.43103e-05
1.52292e-05
3.50697e-05
1.13291e-05
3.57159e-05
7.50601e-06
3.61614e-05
3.72877e-06
3.64717e-05
3.62128e-05
0.000272642
0.000465727
0.00023584
0.000562124
0.000202393
0.000521879
0.000180875
0.000328822
8.94383e-05
0.000264248
4.83245e-05
0.000113751
4.34035e-05
4.98541e-05
4.16786e-05
4.26261e-05
3.86462e-05
3.90523e-05
3.53378e-05
3.65146e-05
3.17351e-05
3.59723e-05
2.78567e-05
3.66042e-05
2.38321e-05
3.74733e-05
1.97622e-05
3.838e-05
1.57112e-05
3.91208e-05
1.17234e-05
3.97036e-05
7.76765e-06
4.01172e-05
3.85171e-06
4.03878e-05
4.00645e-05
0.000252907
0.000456826
0.000219693
0.000595338
0.000180874
0.000560698
0.000127896
0.0003818
3.42917e-05
0.000357853
9.51756e-06
0.000138525
2.1211e-05
3.81606e-05
3.22824e-05
3.15546e-05
3.54733e-05
3.58612e-05
3.46691e-05
3.73188e-05
3.21058e-05
3.85354e-05
2.85728e-05
4.01372e-05
2.4565e-05
4.14811e-05
2.03975e-05
4.25475e-05
1.62011e-05
4.33171e-05
1.20569e-05
4.38478e-05
7.97847e-06
4.41956e-05
3.95382e-06
4.44124e-05
4.40183e-05
0.000232023
0.000428169
0.00021463
0.000612731
0.000171543
0.000603785
8.45519e-05
0.000468791
3.29652e-06
0.000439108
-1.63822e-05
0.000158204
5.26179e-06
1.65166e-05
2.68995e-05
9.91689e-06
3.49317e-05
2.7829e-05
3.57409e-05
3.65097e-05
3.34292e-05
4.0847e-05
2.97399e-05
4.38264e-05
2.54552e-05
4.57658e-05
2.10234e-05
4.69792e-05
1.6627e-05
4.77134e-05
1.23307e-05
4.81441e-05
8.13934e-06
4.83869e-05
4.02812e-06
4.85235e-05
4.80464e-05
0.000203853
0.000345049
0.000214297
0.000602287
0.000173647
0.000644435
7.09659e-05
0.000571472
9.42456e-06
0.000500649
-5.19971e-06
0.000172828
1.39925e-05
-2.67571e-06
3.30617e-05
-9.15246e-06
4.01438e-05
2.07472e-05
3.96536e-05
3.69999e-05
3.6004e-05
4.44967e-05
3.13484e-05
4.8482e-05
2.64433e-05
5.06708e-05
2.16123e-05
5.18101e-05
1.69657e-05
5.236e-05
1.25167e-05
5.25931e-05
8.23372e-06
5.26698e-05
4.06687e-06
5.26903e-05
5.21133e-05
0.000163882
0.000234254
0.000212661
0.000553507
0.000195899
0.000661197
0.000120351
0.00064702
7.08697e-05
0.000550131
4.47649e-05
0.000198933
5.01316e-05
-8.0425e-06
5.35691e-05
-1.25901e-05
5.1355e-05
2.29614e-05
4.57741e-05
4.25808e-05
3.93926e-05
5.08783e-05
3.31597e-05
5.47149e-05
2.73703e-05
5.64601e-05
2.20501e-05
5.71302e-05
1.71423e-05
5.72678e-05
1.25648e-05
5.71705e-05
8.23089e-06
5.70037e-05
4.05603e-06
5.68651e-05
5.61693e-05
0.000100163
0.000159149
0.000193589
0.000460081
0.000218356
0.00063643
0.000203022
0.000662355
0.000181955
0.000571198
0.000138541
0.000242347
0.000108007
2.24915e-05
8.3657e-05
1.176e-05
6.53284e-05
4.129e-05
5.24942e-05
5.54149e-05
4.26054e-05
6.07672e-05
3.45971e-05
6.27233e-05
2.79056e-05
6.31516e-05
2.21437e-05
6.28922e-05
1.70431e-05
6.23684e-05
1.24097e-05
6.18039e-05
8.09521e-06
6.13182e-05
3.97983e-06
6.09805e-05
6.01491e-05
4.32411e-05
0.000103513
0.000152709
0.000350613
0.000209817
0.000579322
0.000239886
0.000632286
0.000258797
0.000552287
0.000218868
0.000282275
0.00015473
8.66298e-05
0.000104772
6.17183e-05
7.49355e-05
7.11264e-05
5.66476e-05
7.37028e-05
4.41485e-05
7.32664e-05
3.49034e-05
7.19684e-05
2.76524e-05
7.04028e-05
2.16801e-05
6.88646e-05
1.65522e-05
6.74963e-05
1.1988e-05
6.63681e-05
7.79352e-06
6.55127e-05
3.82406e-06
6.49499e-05
6.39732e-05
-4.28089e-05
3.63528e-05
6.56055e-05
0.000242199
0.00016483
0.000480098
0.000223008
0.000574107
0.000252281
0.000523014
0.00022851
0.000306046
0.000159459
0.00015568
0.000106123
0.000115055
7.50083e-05
0.000102241
5.58055e-05
9.29057e-05
4.28547e-05
8.62172e-05
3.3495e-05
8.13283e-05
2.63125e-05
7.75853e-05
2.05046e-05
7.46726e-05
1.55883e-05
7.24126e-05
1.12573e-05
7.0699e-05
7.30459e-06
6.94654e-05
3.57994e-06
6.86746e-05
6.75531e-05
-0.000154814
-1.84787e-05
-6.84533e-05
0.000155838
4.89558e-05
0.000362688
0.000131222
0.000491841
0.000190506
0.00046373
0.000177399
0.000319153
0.00012763
0.00020545
8.91614e-05
0.000153523
6.54012e-05
0.000126001
4.96244e-05
0.000108683
3.84889e-05
9.73528e-05
3.02351e-05
8.95822e-05
2.38122e-05
8.40085e-05
1.85799e-05
7.99049e-05
1.41346e-05
7.68579e-05
1.02112e-05
7.46225e-05
6.62664e-06
7.30499e-05
3.24726e-06
7.2054e-05
7.08004e-05
-0.000270465
-1.11306e-05
-0.000223209
0.000108582
-0.000128488
0.000267968
-2.20592e-05
0.000385412
6.19256e-05
0.000379745
8.85359e-05
0.000292543
7.7297e-05
0.000216689
6.21031e-05
0.000168717
4.95782e-05
0.000138526
3.96043e-05
0.000118657
3.17289e-05
0.000105228
2.54495e-05
9.58617e-05
2.03192e-05
8.91389e-05
1.59999e-05
8.42242e-05
1.22472e-05
8.06107e-05
8.88407e-06
7.79857e-05
5.7799e-06
7.61542e-05
2.83531e-06
7.49987e-05
7.36358e-05
-0.000284516
2.22607e-05
-0.000276412
0.000100478
-0.000211805
0.000203361
-0.000111981
0.000285588
-2.46126e-05
0.000292377
1.95702e-05
0.00024836
3.37071e-05
0.000202552
3.51598e-05
0.000167264
3.22466e-05
0.000141439
2.80267e-05
0.000122876
2.37196e-05
0.000109536
1.97401e-05
9.98413e-05
1.61658e-05
9.27133e-05
1.29561e-05
8.7434e-05
1.00402e-05
8.35267e-05
7.34447e-06
8.06815e-05
4.80362e-06
7.86951e-05
2.36157e-06
7.74408e-05
7.59974e-05
-0.000238659
4.36287e-05
-0.000236776
9.85956e-05
-0.000196368
0.000162953
-0.000124862
0.000214081
-5.80703e-05
0.000225585
-1.70435e-05
0.000207333
3.76935e-06
0.000181739
1.32924e-05
0.000157741
1.65277e-05
0.000138204
1.67395e-05
0.000122665
1.55362e-05
0.000110739
1.3739e-05
0.000101638
1.17308e-05
9.47216e-05
9.68055e-06
8.94843e-05
7.65718e-06
8.55502e-05
5.68047e-06
8.26583e-05
3.74899e-06
8.06267e-05
1.84859e-06
7.93413e-05
7.7846e-05
-0.0001951
5.20586e-05
-0.000188807
9.23027e-05
-0.000160665
0.000134811
-0.000114417
0.000167833
-6.87589e-05
0.000179927
-3.57629e-05
0.000174337
-1.50044e-05
0.000160981
-3.05771e-06
0.000145795
3.58068e-06
0.000131566
6.77683e-06
0.000119469
7.93059e-06
0.000109585
7.96046e-06
0.000101609
7.35628e-06
9.53259e-05
6.39646e-06
9.04442e-05
5.24345e-06
8.67033e-05
3.98455e-06
8.39173e-05
2.67025e-06
8.19411e-05
1.32071e-06
8.06909e-05
7.91667e-05
-0.000163363
5.37015e-05
-0.000154891
8.383e-05
-0.000133816
0.000113736
-0.000102954
0.000136971
-7.12739e-05
0.000148247
-4.54947e-05
0.000148558
-2.6845e-05
0.000142331
-1.43223e-05
0.000133272
-6.36673e-06
0.00012361
-1.54351e-06
0.000114645
1.29746e-06
0.000106744
2.73717e-06
0.000100169
3.29762e-06
9.47655e-05
3.28585e-06
9.04561e-05
2.92542e-06
8.70637e-05
2.34153e-06
8.45012e-05
1.61955e-06
8.26631e-05
7.98739e-07
8.15117e-05
7.99655e-05
-0.000139652
5.21158e-05
-0.000131156
7.53339e-05
-0.000114949
9.75292e-05
-9.30712e-05
0.000115093
-7.01197e-05
0.000125296
-4.99079e-05
0.000128346
-3.38931e-05
0.000126316
-2.20166e-05
0.000121396
-1.36443e-05
0.000115238
-7.91839e-06
0.000108919
-4.1674e-06
0.000102993
-1.7645e-06
9.77661e-05
-3.32954e-07
9.3334e-05
4.6948e-07
8.96536e-05
7.99263e-07
8.6734e-05
8.18379e-07
8.44822e-05
6.39311e-07
8.28422e-05
3.03293e-07
8.18477e-05
8.02687e-05
-0.000121204
4.90566e-05
-0.000113417
6.75467e-05
-0.000100718
8.48302e-05
-8.44541e-05
9.88291e-05
-6.71798e-05
0.000108021
-5.11726e-05
0.000112339
-3.76415e-05
0.000112785
-2.69e-05
0.000110654
-1.87336e-05
0.000107071
-1.27152e-05
0.000102901
-8.40324e-06
9.86812e-05
-5.38828e-06
9.47511e-05
-3.31464e-06
9.12603e-05
-1.94933e-06
8.82884e-05
-1.07263e-06
8.58574e-05
-5.4311e-07
8.39527e-05
-2.54923e-07
8.2554e-05
-1.4803e-07
8.17408e-05
8.01207e-05
-0.000106396
4.54456e-05
-9.94915e-05
6.06421e-05
-8.93358e-05
7.46744e-05
-7.6811e-05
8.63043e-05
-6.34161e-05
9.46264e-05
-5.05758e-05
9.94988e-05
-3.92058e-05
0.000101415
-2.9693e-05
0.000101141
-2.20668e-05
9.94451e-05
-1.61308e-05
9.69649e-05
-1.16178e-05
9.41681e-05
-8.23772e-06
9.1371e-05
-5.75039e-06
8.8773e-05
-3.94391e-06
8.64819e-05
-2.63673e-06
8.45503e-05
-1.69346e-06
8.30095e-05
-1.00074e-06
8.18613e-05
-5.34547e-07
8.12746e-05
7.95861e-05
-9.41585e-05
4.17632e-05
-8.81265e-05
5.461e-05
-7.98579e-05
6.64058e-05
-6.9942e-05
7.63884e-05
-5.93045e-05
8.39887e-05
-4.88684e-05
8.90625e-05
-3.93084e-05
9.18546e-05
-3.09919e-05
9.28244e-05
-2.40323e-05
9.24855e-05
-1.83758e-05
9.13083e-05
-1.38781e-05
8.96702e-05
-1.03565e-05
8.78494e-05
-7.62741e-06
8.6044e-05
-5.52585e-06
8.43805e-05
-3.90641e-06
8.29309e-05
-2.63975e-06
8.17428e-05
-1.63212e-06
8.08536e-05
-8.47481e-07
8.04899e-05
7.87386e-05
-8.37736e-05
3.82482e-05
-7.85394e-05
4.93758e-05
-7.17108e-05
5.95771e-05
-6.36919e-05
6.83693e-05
-5.50814e-05
7.53781e-05
-4.64972e-05
8.04782e-05
-3.84329e-05
8.37901e-05
-3.12015e-05
8.55929e-05
-2.49465e-05
8.62304e-05
-1.9683e-05
8.60447e-05
-1.53441e-05
8.53312e-05
-1.18214e-05
8.43268e-05
-8.98723e-06
8.32098e-05
-6.70885e-06
8.21021e-05
-4.87514e-06
8.10972e-05
-3.37743e-06
8.02451e-05
-2.12448e-06
7.96007e-05
-1.0878e-06
7.94532e-05
7.76508e-05
-7.47544e-05
3.50103e-05
-7.02275e-05
4.48489e-05
-6.45272e-05
5.38767e-05
-5.79385e-05
6.17805e-05
-5.08646e-05
6.83041e-05
-4.37315e-05
7.3345e-05
-3.69016e-05
7.69601e-05
-3.06298e-05
7.93211e-05
-2.50595e-05
8.066e-05
-2.02383e-05
8.12235e-05
-1.61466e-05
8.12394e-05
-1.27217e-05
8.09019e-05
-9.87894e-06
8.0367e-05
-7.52682e-06
7.975e-05
-5.56993e-06
7.91402e-05
-3.91726e-06
7.85924e-05
-2.49338e-06
7.81767e-05
-1.26174e-06
7.82215e-05
7.6389e-05
-6.67655e-05
3.2092e-05
-6.2859e-05
4.09423e-05
-5.80645e-05
4.90821e-05
-5.25884e-05
5.63043e-05
-4.67118e-05
6.24275e-05
-4.07363e-05
6.73694e-05
-3.49304e-05
7.11542e-05
-2.94978e-05
7.38885e-05
-2.45678e-05
7.573e-05
-2.02011e-05
7.68568e-05
-1.64048e-05
7.74431e-05
-1.31478e-05
7.76449e-05
-1.03753e-05
7.75944e-05
-8.02039e-06
7.7395e-05
-6.01031e-06
7.713e-05
-4.27262e-06
7.68546e-05
-2.7386e-06
7.66426e-05
-1.37524e-06
7.6858e-05
7.50137e-05
-5.95713e-05
2.95021e-05
-5.62081e-05
3.75791e-05
-5.21565e-05
4.50305e-05
-4.75696e-05
5.17174e-05
-4.26493e-05
5.75072e-05
-3.76141e-05
6.23341e-05
-3.26651e-05
6.62052e-05
-2.79638e-05
6.91872e-05
-2.36218e-05
7.13881e-05
-1.97017e-05
7.29367e-05
-1.62241e-05
7.39655e-05
-1.3178e-05
7.45988e-05
-1.05296e-05
7.49459e-05
-8.23223e-06
7.50974e-05
-6.22969e-06
7.51274e-05
-4.46399e-06
7.50887e-05
-2.87707e-06
7.50555e-05
-1.4327e-06
7.54135e-05
7.35809e-05
-5.30021e-05
2.72323e-05
-5.01161e-05
3.46932e-05
-4.66856e-05
4.16e-05
-4.28263e-05
4.7858e-05
-3.86869e-05
5.33677e-05
-3.4429e-05
5.80761e-05
-3.0205e-05
6.19812e-05
-2.61426e-05
6.51248e-05
-2.23358e-05
6.75813e-05
-1.88435e-05
6.94443e-05
-1.56925e-05
7.08144e-05
-1.28836e-05
7.17897e-05
-1.03975e-05
7.24597e-05
-8.20211e-06
7.29018e-05
-6.25521e-06
7.31803e-05
-4.51073e-06
7.33441e-05
-2.9198e-06
7.34645e-05
-1.44147e-06
7.39351e-05
7.21394e-05
-4.69331e-05
2.52661e-05
-4.44685e-05
3.22287e-05
-4.1566e-05
3.86974e-05
-3.83144e-05
4.46063e-05
-3.48256e-05
4.98788e-05
-3.12211e-05
5.44716e-05
-2.76179e-05
5.8378e-05
-2.41169e-05
6.16238e-05
-2.07963e-05
6.42607e-05
-1.77088e-05
6.63567e-05
-1.48828e-05
6.79883e-05
-1.23258e-05
6.92325e-05
-1.00283e-05
7.01621e-05
-7.96846e-06
7.08418e-05
-6.11524e-06
7.1327e-05
-4.43226e-06
7.16611e-05
-2.87886e-06
7.1911e-05
-1.40973e-06
7.24658e-05
7.07296e-05
-4.12695e-05
2.35839e-05
-3.91794e-05
3.01386e-05
-3.67325e-05
3.62505e-05
-3.3998e-05
4.18718e-05
-3.10614e-05
4.69421e-05
-2.80155e-05
5.14255e-05
-2.49506e-05
5.53131e-05
-2.1947e-05
5.86202e-05
-1.90689e-05
6.13826e-05
-1.63623e-05
6.36501e-05
-1.38546e-05
6.54805e-05
-1.15566e-05
6.69344e-05
-9.46516e-06
6.80705e-05
-7.56587e-06
6.89425e-05
-5.83611e-06
6.95972e-05
-4.24756e-06
7.00725e-05
-2.76643e-06
7.04299e-05
-1.34413e-06
7.10435e-05
6.93854e-05
-3.59376e-05
2.21655e-05
-3.41828e-05
2.83839e-05
-3.21349e-05
3.42026e-05
-2.9848e-05
3.95848e-05
-2.73883e-05
4.44822e-05
-2.48273e-05
4.88644e-05
-2.22355e-05
5.27212e-05
-1.96766e-05
5.60613e-05
-1.72033e-05
5.89092e-05
-1.48547e-05
6.13014e-05
-1.2656e-05
6.32818e-05
-1.06193e-05
6.48977e-05
-8.74523e-06
6.61963e-05
-7.02478e-06
6.7222e-05
-5.44163e-06
6.80142e-05
-3.97405e-06
6.8605e-05
-2.59391e-06
6.90497e-05
-1.25044e-06
6.96999e-05
6.81349e-05
-3.08781e-05
2.09923e-05
-2.94266e-05
2.69325e-05
-2.7733e-05
3.2509e-05
-2.584e-05
3.76917e-05
-2.3799e-05
4.2441e-05
-2.16655e-05
4.67308e-05
-1.94949e-05
5.05506e-05
-1.73378e-05
5.39043e-05
-1.52371e-05
5.68085e-05
-1.32256e-05
5.92899e-05
-1.13258e-05
6.13819e-05
-9.54969e-06
6.31216e-05
-7.90003e-06
6.45467e-05
-6.37163e-06
6.56937e-05
-4.9529e-06
6.65955e-05
-3.6274e-06
6.72795e-05
-2.37175e-06
6.7794e-05
-1.1337e-06
6.84617e-05
6.70011e-05
-2.60429e-05
2.00483e-05
-2.48688e-05
2.57583e-05
-2.34944e-05
3.11346e-05
-2.19534e-05
3.61505e-05
-2.02857e-05
4.07732e-05
-1.85348e-05
4.498e-05
-1.67442e-05
4.87601e-05
-1.4954e-05
5.21142e-05
-1.31989e-05
5.50535e-05
-1.15062e-05
5.75972e-05
-9.89517e-06
5.97709e-05
-8.37715e-06
6.16036e-05
-6.95599e-06
6.31256e-05
-5.62905e-06
6.43669e-05
-4.38828e-06
6.53548e-05
-3.22145e-06
6.61127e-05
-2.10925e-06
6.66817e-05
-9.98394e-07
6.73507e-05
6.60026e-05
-2.1392e-05
1.93205e-05
-2.04746e-05
2.48409e-05
-1.93919e-05
3.00517e-05
-1.81701e-05
3.49286e-05
-1.68405e-05
3.94436e-05
-1.5437e-05
4.35765e-05
-1.39937e-05
4.73167e-05
-1.25423e-05
5.06628e-05
-1.11105e-05
5.36217e-05
-9.72061e-06
5.62074e-05
-8.38901e-06
5.84394e-05
-7.12577e-06
6.03404e-05
-5.93516e-06
6.19351e-05
-4.81623e-06
6.3248e-05
-3.76357e-06
6.43021e-05
-2.76828e-06
6.51173e-05
-1.81462e-06
6.57279e-05
-8.48529e-07
6.63844e-05
6.5154e-05
-1.68922e-05
1.87994e-05
-1.62157e-05
2.41643e-05
-1.54032e-05
2.92392e-05
-1.44753e-05
3.40006e-05
-1.34563e-05
3.84245e-05
-1.23727e-05
4.24928e-05
-1.12508e-05
4.61948e-05
-1.01155e-05
4.95275e-05
-8.98872e-06
5.24949e-05
-7.88835e-06
5.51071e-05
-6.82776e-06
5.73788e-05
-5.81568e-06
5.93284e-05
-4.85631e-06
6.09758e-05
-3.94975e-06
6.23414e-05
-3.09255e-06
6.34449e-05
-2.27851e-06
6.43032e-05
-1.4951e-06
6.49443e-05
-6.8774e-07
6.5577e-05
6.44663e-05
-1.2511e-05
1.84767e-05
-1.20621e-05
2.37153e-05
-1.15023e-05
2.86793e-05
-1.0848e-05
3.33462e-05
-1.0118e-05
3.76944e-05
-9.33263e-06
4.17073e-05
-8.51213e-06
4.53743e-05
-7.6755e-06
4.86909e-05
-6.83955e-06
5.1659e-05
-6.0182e-06
5.42858e-05
-5.22206e-06
5.65827e-05
-4.45827e-06
5.85646e-05
-3.73065e-06
6.02481e-05
-3.0399e-06
6.16506e-05
-2.38407e-06
6.2789e-05
-1.75905e-06
6.36781e-05
-1.15544e-06
6.43407e-05
-5.19409e-07
6.49409e-05
6.39469e-05
-8.29349e-06
1.83593e-05
-8.07049e-06
2.34923e-05
-7.75494e-06
2.83637e-05
-7.36042e-06
3.29516e-05
-6.90211e-06
3.7236e-05
-6.39579e-06
4.1201e-05
-5.85693e-06
4.48354e-05
-5.29994e-06
4.81339e-05
-4.73752e-06
5.10966e-05
-4.18022e-06
5.37285e-05
-3.63621e-06
5.60387e-05
-3.11117e-06
5.80396e-05
-2.60841e-06
5.97454e-05
-2.12901e-06
6.11712e-05
-1.6722e-06
6.23322e-05
-1.23585e-06
6.32417e-05
-8.12796e-07
6.39176e-05
-3.51329e-07
6.44794e-05
6.35956e-05
-3.36199e-06
-3.34298e-06
-3.27134e-06
-3.15309e-06
-2.99555e-06
-2.80669e-06
-2.59457e-06
-2.36683e-06
-2.13033e-06
-1.89089e-06
-1.65318e-06
-1.42063e-06
-1.19547e-06
-9.78836e-07
-7.7093e-07
-5.71495e-07
-3.75468e-07
-1.55893e-07
)
;

boundaryField
{
    leftWall
    {
        type            calculated;
        value           uniform 0;
    }
    rightWall
    {
        type            calculated;
        value           uniform 0;
    }
    lowerWall
    {
        type            calculated;
        value           uniform 0;
    }
    atmosphere
    {
        type            calculated;
        value           nonuniform List<scalar> 
46
(
-6.76031e-05
-6.77356e-05
-6.70925e-05
-6.60973e-05
-6.47509e-05
-6.30665e-05
-6.10546e-05
-5.87258e-05
-5.60918e-05
-5.31653e-05
-4.99605e-05
-4.64932e-05
-4.27802e-05
-3.88397e-05
-3.46905e-05
-3.03515e-05
-2.58412e-05
-2.11746e-05
-1.636e-05
-1.14045e-05
-6.35049e-06
-1.39441e-06
3.41015e-06
3.23639e-06
4.25236e-06
5.2501e-06
6.23156e-06
1.83974e-05
2.34732e-05
2.8292e-05
3.28332e-05
3.70784e-05
4.10121e-05
4.46233e-05
4.79062e-05
5.08601e-05
5.34891e-05
5.5801e-05
5.7807e-05
5.95202e-05
6.09546e-05
6.21242e-05
6.30423e-05
6.37216e-05
6.42598e-05
6.34397e-05
)
;
    }
    defaultFaces
    {
        type            empty;
    }
}


// ************************************************************************* //
