/*--------------------------------*- C++ -*----------------------------------*\
  =========                 |
  \\      /  F ield         | OpenFOAM: The Open Source CFD Toolbox
   \\    /   O peration     | Website:  https://openfoam.org
    \\  /    A nd           | Version:  13
     \\/     M anipulation  |
\*---------------------------------------------------------------------------*/
FoamFile
{
    format      ascii;
    class       volScalarField;
    location    "0.2";
    object      rho;
}
// * * * * * * * * * * * * * * * * * * * * * * * * * * * * * * * * * * * * * //

dimensions      [1 -3 0 0 0 0 0];

internalField   nonuniform List<scalar> 
2268
(
1000
1000
1000
1000
1000
1000
1000
1000
1000
1000
1000
1000
1000
1000
1000
1000
1000
1000
1000
1000
999.979
885.661
765.688
1000
1000
1000
1000
1000
1000
1000
1000
1000
1000
1000
1000
1000
1000
1000
1000
1000
1000
1000
1000
1000
996.403
856.907
1000
1000
1000
1000
1000
1000
1000
1000
1000
1000
1000
1000
1000
1000
1000
1000
1000
1000
1000
1000
1000
999.999
893.308
1000
1000
1000
1000
1000
1000
1000
1000
1000
1000
1000
1000
1000
1000
1000
1000
1000
1000
1000
1000
1000
1000
924.394
1000
1000
1000
1000
1000
1000
1000
1000
1000
1000
1000
1000
1000
1000
1000
1000
1000
1000
1000
1000
1000
1000
958.773
1000
1000
1000
1000
1000
1000
1000
1000
1000
1000
1000
1000
1000
1000
1000
1000
1000
1000
1000
1000
1000
1000
964.553
1000
1000
1000
1000
1000
1000
1000
1000
1000
1000
1000
1000
1000
1000
1000
1000
1000
1000
1000
1000
1000
1000
953.532
1000
1000
1000
1000
1000
1000
1000
1000
1000
1000
1000
1000
1000
1000
1000
1000
1000
1000
1000
999.999
999.999
1000
953.577
1
1
1
1
1
1
1
1
1
1
1
1
1
1
1
1
1
1
1
1
1
1
1
1
1
1
1
1
1
1
1
1
1
1
1
1
1
1
1
1
1
1
1
1
1
1
1
1
1
1
1
1
1
1
1
1
1
1
1
1
1
1
1
1
1
1
1
1
1
1
1
1
1
1
1
1
1
1
1
1
1
1
1
1
1
1
1
1
1
1
1
1
1
1
1
1
1
1
1
1
1
1
1
1
1
1
1
1
1
1
1
1
1
1
1
1
1
1
1
1
1
1
1
1
1
1
1
1
1
1
1
1
1
1
1
1
1
1
1
1
1
1
1
1
1
1
1
1
1
1
1
1
1000
1000
1000
1000
1000
1000
1000
1000
1000
1000
1000
1000
1000
1000
1000
1000
1000
1000
1000
1000
1000
1000
975.698
1000
1000
1000
1000
1000
1000
1000
1000
1000
1000
1000
1000
1000
1000
999.998
999.997
999.999
999.999
999.856
999.999
999.999
1000
999.999
1000
1000
1000
1000
1000
1000
1000
1000
1000
1000
1000
1000
999.999
999.997
999.967
999.928
999.928
999.935
997.174
999.983
999.997
999.999
999.972
1000
1000
1000
1000
1000
1000
1000
1000
1000
1000
999.999
999.997
999.988
999.909
999.715
999.255
996.636
927.626
820.328
600.806
494.461
592.034
857.712
1000
1000
1000
1000
1000
1000
1000
1000
999.999
999.998
999.992
999.954
999.889
999.513
997.692
875.623
589.712
141.927
1.38061
6.31205
5.59554
17.5684
103.908
1000
999.999
999.999
999.999
999.999
999.999
999.998
999.995
999.987
999.967
999.901
999.609
998.716
980.52
657.599
100.812
1.70589
1.12208
1.02958
1.01057
1.08391
1.72017
4.08649
999.999
999.993
999.994
999.993
999.99
999.983
999.97
999.938
999.847
999.601
998.879
995.928
878.558
392.372
2.77332
1.43751
1.11421
1.02613
1.00403
1.00133
1.00277
1.0363
1.35461
999.983
999.921
999.929
999.915
999.874
999.794
999.648
999.299
998.321
993.438
906.826
600.789
142.258
1.28588
1.34862
1.11402
1.02155
1.00365
1.00126
1.00074
1.00038
1.00175
1.02228
999.742
999.159
999.211
999.031
998.568
997.722
993.768
951.365
823.045
546.692
210.291
1.14214
1.04042
1.02196
1.30196
2.46006
1.65076
1.02188
1.00074
1.00033
1.0003
1.00036
1.00162
985.493
927.474
925.345
891.682
824.592
715.918
541.106
315.28
112.448
1.00657
1.00712
1.01308
1.01916
1.01825
2.11777
4.66816
3.44414
1.04864
1.00099
1.00032
1.00028
1.00561
1.00451
439.883
258.096
248.472
193.39
120.916
48.9814
1
1
1.0001
1.00005
1.00375
1.0071
1.01248
1.01835
3.09265
4.67082
3.95368
1.08406
1.0005
1.00011
1.00017
1.00512
1.00399
1
1
1
1
1
1
1
1
1
1
1.00007
1.00584
1.01584
1.01818
2.82156
4.67379
3.71709
1.05373
1.00018
1
1.00006
1.00002
1.00006
1
1
1
1
1
1
1
1
1
1.00002
1.00077
1.48534
1.34422
1.02223
2.58872
4.67379
2.9505
1.00491
1.00006
1
1
1.00002
1.00002
1
1
1
1
1
1
1
1
1
1.0001
1.34412
1.78646
1.78549
1.05179
2.24269
4.67379
1.73341
1
1
1
1
1.00003
1.00057
1
1
1
1
1
1
1
1
1.00006
1.00728
1.77785
1.78308
1.78819
1.0879
1.93766
2.94596
1.00007
1
1
1
1
1.00005
1.00066
1
1
1
1
1
1
1
1.00001
1.00001
1.02524
1.49242
1.77785
1.77435
1.36908
1.91575
1.55864
1
1
1
1
1
1.00004
1.00032
1
1
1
1
1
1
1
1
1.00001
1
1.00002
1.26083
1.16461
1.01131
1.00019
1.00002
1
1
1
1
1
1.00002
1.00021
1
1
1
1
1
1
1
1
1
1
1
1.00001
1.00001
1.00003
1.00032
1
1
1
1
1
1
1.00001
1.0001
1
1
1
1
1
1
1
1
1
1
1.00002
1.00008
1.0001
1.00006
1.00001
1
1
1
1
1
1
1
1.00003
1
1
1
1
1
1
1
1
1
1
1.00005
1.00016
1.00016
1.00009
1
1
1
1
1
1
1
1
1
1
1
1
1
1
1
1
1
1
1
1
1
1
1
1
1
1
1
1
1
1
1
1
1
1
1
1
1
1
1
1
1
1
1
1
1
1
1
1
1
1
1
1
1
1
1
1
1
1
1
1
1
1
1
1
1
1
1
1
1
1
1
1
1
1
1
1
1
1
1
1
1
1
1
1
1
1
1
1
1
1
1
1
1
1
1
1
1
1
1
1
1
1
1
1
1
1
1
1
1
1
1
1
1
1
1
1
1
1
1
1
1
1
1
1
1
1
1
1
1
1
1
1
1
1
1
1
1
1
1
1
1
1
1
1
1
1
1
1
1
1
1
1
1
1
1
1
1
1
1
1
1
1
1
1
1
1
1
1
1
1
1
1
1
1
1
1
1
1
1
1
1
1
1
1
1
1
1
1
1
1
1
1
1
1
1
1
1
1
1
1
1
1
1
1
1
1
1
1
1
1
1
1
1
1
1
1
1
1
1
1
1
1
1
1
1
1
1
1
1
1
1
1
1
1
1
1
1
1
1
1
1
1
1
1
1
1
1
1
1
1
1
1
1
1
1
1
1
1
1
1
1
1
1
1
1
1
1
1
1
1
1
1
1
1
1
1
1
1
1
1
1
1
1
1
1
1
1
1
1
1
1
1
1
1
1
1
1
1
1
1
1
1
1
1
1
1
1
1
1
1
1
1
1
1
1
1
1
1
1
1
1
1
1
1
1
1
1
1
1
1
1
1
1
1
1
1
1
1
1
1
1
1
1
1
1
1
1
1
1
1
1
1
1
1
1
1
1
1
1
1
1
1
1
1
1
1
1
1
1
1
1
1
1
1
1
1
1
1
1
1
1
1
1
1
1
1
1
1
1
1
1
1
1
1
1
1
1
1
1
1
1
1
1
1
1
1
1
1
1
1
1
1
1
1
1
1
1
1
1
1
1
1
1
1
1
1
1
1
1
1
1
1
1
1
1
1
1
1
1
1
1
1
1
1
1
1
1
1
1
1
1
1
1
1
1
1
1
1
1
1
1
1
1
1
1
1
1
1
1
1
1
1
1
1
1
1
1
1
1
1
1
1
1
1
1
1
1
1
1
1
1
1
1
1
1
1
1
1
1
1
1
1
1
1
1
1
1
1
1
1
1
1
1
1
1
997.905
869.161
10.992
4.54993
999.684
984.189
972.091
629.616
999.722
999.434
997.927
992.856
999.404
997.916
992.862
986.804
207.028
340.516
797.44
982.585
5.09355
6.83318
68.9281
581.869
1.71856
1.87786
2.7835
100.787
1.06976
1.13079
1.21275
2.68223
1.011
1.02139
1.02836
1.20072
1.00513
1.00714
1.00952
1.02746
1.0042
1.00513
1.00703
1.00949
1.01842
1.02686
1.00939
1.0118
1.01666
1.04881
1.01319
1.01523
1.00421
1.02672
1.26411
1.01841
1.00581
1.05435
1.83257
2.3547
1.00308
1.03112
1.2638
2.1911
1.00178
1.01283
1.04933
1.32099
1.00082
1.00507
1.01851
1.06056
1.00022
1.00087
1.00324
1.00999
1.00002
1.00013
1.00055
1.00132
1
1.00003
1.0001
1.00013
1
1
1.00001
1.00001
1
1
1
1
1
1
1
1
1
1
1
1
1
1
1
1
1
1
1
1
1
1
1
1
1
1
1
1
1
1
1
1
1
1
1
1
1
1
1
1
1
1
1
1
1
1
1
1
1
1
1
1
1
1
1
1
1
1
1
1
1
1
1
1
1
1
1
1
1
1
1
1
1
1
1
1
1
1
1
1
1
1
1
1
1
1
1
1
1
1
1
1
1
1
1
1
1
1
1
5.99482
1.00027
1.00009
1.00006
1
1
1
1
1
1
1
1
1
1
1
1
1
1
1
399.957
1.06269
1.00705
1.00256
1.00003
1
1
1
1
1
1
1
1
1
1
1
1
1
1
903.483
130.987
1.22341
1.09917
1.00359
1.00003
1
1
1
1
1
1
1
1
1
1
1
1
1
940.303
368.257
7.56586
1.17402
1.03487
1.00078
1.00001
1
1
1
1
1
1
1
1
1
1
1
1
899.805
594.977
38.5623
1.69146
1.04294
1.0025
1.00006
1
1
1
1
1
1
1
1
1
1
1
1
758.703
722.363
92.0687
2.47173
1.11094
1.00577
1.00023
1.00001
1
1
1
1
1
1
1
1
1
1
1
620.117
650.959
159.942
2.80532
1.14909
1.00816
1.00034
1.00001
1
1
1
1
1
1
1
1
1
1
1
461.906
600.876
172.457
2.60764
1.10802
1.00532
1.00023
1.00001
1
1
1
1
1
1
1
1
1
1
1
329.246
580.122
131.974
2.51807
1.07162
1.00546
1.00038
1.00002
1
1
1
1
1
1
1
1
1
1
1
259.377
507.145
100.552
2.64507
1.11933
1.01214
1.00094
1.00005
1
1
1
1
1
1
1
1
1
1
1
274.763
456.114
92.6395
1.38462
1.11052
1.03662
1.00358
1.00014
1
1
1
1
1
1
1
1
1
1
1
212.625
416.317
104.674
1.54063
1.05619
1.04038
1.00807
1.00029
1
1
1
1
1
1
1
1
1
1
1
15.5096
384.948
304.769
16.0754
1.20199
1.05042
1.0146
1.0006
1.00001
1
1
1
1
1
1
1
1
1
1
2.38383
239.165
305.609
114.178
2.68408
1.23621
1.02544
1.00169
1.00008
1
1
1
1
1
1
1
1
1
1
3.02002
23.2193
196.65
179.707
22.4839
1.51735
1.05771
1.00418
1.00022
1.00001
1
1
1
1
1
1
1
1
1
2.13571
2.53296
27.3983
56.5719
30.5902
2.32613
1.04803
1.00359
1.0002
1.00001
1
1
1
1
1
1
1
1
1
1.28559
2.7116
3.39618
3.9597
7.55552
2.09472
1.04418
1.00335
1.00021
1.00001
1
1
1
1
1
1
1
1
1
1.1389
1.54944
1.45278
1.58768
1.21596
1.13882
1.01039
1.0007
1.00004
1
1
1
1
1
1
1
1
1
1
1.02169
1.06525
1.07121
1.0933
1.03476
1.00393
1.00034
1.00002
1
1
1
1
1
1
1
1
1
1
1
1.00196
1.00734
1.00987
1.01208
1.00492
1.0005
1.00004
1
1
1
1
1
1
1
1
1
1
1
1
1.00015
1.00068
1.00105
1.00128
1.00054
1.00006
1
1
1
1
1
1
1
1
1
1
1
1
1
1.00001
1.00005
1.00009
1.00011
1.00005
1.00001
1
1
1
1
1
1
1
1
1
1
1
1
1
1
1
1.00001
1.00001
1
1
1
1
1
1
1
1
1
1
1
1
1
1
1
1
1
1
1
1
1
1
1
1
1
1
1
1
1
1
1
1
1
1
1
1
1
1
1
1
1
1
1
1
1
1
1
1
1
1
1
1
1
1
1
1
1
1
1
1
1
1
1
1
1
1
1
1
1
1
1
1
1
1
1
1
1
1
1
1
1
1
1
1
1
1
1
1
1
1
1
1
1
1
1
1
1
1
1
1
1
1
1
1
1
1
1
1
1
1
1
1
1
1
1
1
1
1
1
1
1
1
1
1
1
1
1
1
1
1
1
1
1
1
1
1
1
1
1
1
1
1
1
1
1
1
1
1
1
1
1
1
1
1
1
1
1
1
1
1
1
1
1
1
1
1
1
1
1
1
1
1
1
1
1
1
1
1
1
1
1
1
1
1
1
1
1
1
1
1
1
1
1
1
1
1
1
1
1
1
1
1
1
1
1
1
1
1
1
1
1
1
1
1
1
1
1
1
1
1
1
1
1
1
1
1
1
1
1
1
1
1
1
1
1
1
1
1
1
1
1
1
1
1
1
1
1
1
1
1
1
1
1
1
1
1
1
1
1
1
1
1
1
1
1
1
1
1
1
1
1
1
1
1
1
1
1
1
1
1
1
1
1
1
1
1
1
1
1
1
1
1
1
1
1
1
1
1
1
1
1
1
1
1
1
1
1
1
1
1
1
1
1
1
1
1
1
1
1
1
1
1
1
1
1
1
1
1
1
1
1
1
1
1
1
1
1
1
1
1
1
1
1
1
1
1
1
1
1
1
1
1
1
1
1
1
1
)
;

boundaryField
{
    leftWall
    {
        type            calculated;
        value           nonuniform List<scalar> 
50
(
1000
1000
1000
1000
1000
1000
1000
1000
1000
1000
1000
1000
1000
1000
999.999
999.983
999.742
985.493
439.883
1
1
1
1
1
1
1
1
1
1
1
1
1
1
1
1
1
1
1
1
1
1
1
1
1
1
1
1
1
1
1
)
;
    }
    rightWall
    {
        type            calculated;
        value           uniform 1;
    }
    lowerWall
    {
        type            calculated;
        value           nonuniform List<scalar> 
62
(
1000
1000
1000
1000
1000
1000
1000
1000
1000
1000
1000
1000
1000
1000
1000
1000
1000
1000
1000
1000
999.979
885.661
765.688
765.688
856.907
893.308
924.394
958.773
964.553
953.532
953.577
997.905
869.161
10.992
4.54993
1
1
1
1
1
1
1
1
1
1
1
1
1
1
1
1
1
1
1
1
1
1
1
1
1
1
1
)
;
    }
    atmosphere
    {
        type            calculated;
        value           uniform 1;
    }
    defaultFaces
    {
        type            empty;
    }
}


// ************************************************************************* //
