/*--------------------------------*- C++ -*----------------------------------*\
  =========                 |
  \\      /  F ield         | OpenFOAM: The Open Source CFD Toolbox
   \\    /   O peration     | Website:  https://openfoam.org
    \\  /    A nd           | Version:  13
     \\/     M anipulation  |
\*---------------------------------------------------------------------------*/
FoamFile
{
    format      ascii;
    class       volVectorField;
    location    "0.2";
    object      U;
}
// * * * * * * * * * * * * * * * * * * * * * * * * * * * * * * * * * * * * * //

dimensions      [0 1 -1 0 0 0 0];

internalField   nonuniform List<vector> 
2268
(
(0.00417728 -0.00544338 0)
(0.0495211 -0.0152133 0)
(0.122186 -0.0170928 0)
(0.194198 -0.0158474 0)
(0.259022 -0.0144822 0)
(0.318564 -0.0138135 0)
(0.376542 -0.0137359 0)
(0.435193 -0.0139576 0)
(0.495093 -0.0142192 0)
(0.5559 -0.0143362 0)
(0.616728 -0.0141767 0)
(0.676184 -0.0136175 0)
(0.7323 -0.0125061 0)
(0.782356 -0.0106442 0)
(0.822506 -0.00766723 0)
(0.847592 -0.0024865 0)
(0.845722 0.00844626 0)
(0.792641 0.0272175 0)
(0.666743 0.053163 0)
(0.445243 0.0789298 0)
(0.141718 0.0822119 0)
(-0.220292 -0.0160621 0)
(-0.159975 -0.148689 0)
(0.00439364 -0.0165802 0)
(0.0502903 -0.0457524 0)
(0.123138 -0.0514121 0)
(0.194984 -0.0477681 0)
(0.25966 -0.0436993 0)
(0.319278 -0.0417035 0)
(0.377503 -0.041495 0)
(0.436486 -0.0421843 0)
(0.496769 -0.0429879 0)
(0.558016 -0.0433641 0)
(0.619374 -0.0429261 0)
(0.679503 -0.0413015 0)
(0.736483 -0.0380323 0)
(0.787696 -0.0324996 0)
(0.829707 -0.0237653 0)
(0.85791 -0.0098742 0)
(0.871968 0.0127984 0)
(0.877011 0.0488823 0)
(0.863477 0.101472 0)
(0.789809 0.167364 0)
(0.600661 0.215117 0)
(0.214641 0.161874 0)
(0.135711 -0.0844908 0)
(0.00476234 -0.0280096 0)
(0.0512399 -0.0761956 0)
(0.123843 -0.0855123 0)
(0.194894 -0.0794938 0)
(0.258853 -0.0727561 0)
(0.318167 -0.0694977 0)
(0.376424 -0.0692366 0)
(0.435627 -0.0704475 0)
(0.496251 -0.0718265 0)
(0.557961 -0.0725015 0)
(0.619956 -0.0718505 0)
(0.680969 -0.0692599 0)
(0.739194 -0.0639733 0)
(0.792152 -0.0549749 0)
(0.836602 -0.0408866 0)
(0.868228 -0.0198872 0)
(0.881906 0.00957269 0)
(0.873391 0.0523448 0)
(0.847831 0.115515 0)
(0.812255 0.205973 0)
(0.762669 0.30021 0)
(0.51999 0.294182 0)
(0.283711 0.0554392 0)
(0.00535746 -0.0398268 0)
(0.0526681 -0.106605 0)
(0.124853 -0.119282 0)
(0.194799 -0.110846 0)
(0.257808 -0.101566 0)
(0.316748 -0.0972238 0)
(0.375109 -0.0970603 0)
(0.43469 -0.0988898 0)
(0.495865 -0.100916 0)
(0.558307 -0.101976 0)
(0.621285 -0.101236 0)
(0.68365 -0.0978573 0)
(0.743758 -0.0908016 0)
(0.799327 -0.0786903 0)
(0.847255 -0.0597149 0)
(0.883333 -0.031713 0)
(0.902894 0.00801518 0)
(0.89998 0.0624426 0)
(0.871026 0.134591 0)
(0.812896 0.228773 0)
(0.76979 0.347224 0)
(0.627233 0.405859 0)
(0.364356 0.260682 0)
(0.00621201 -0.0522069 0)
(0.0545573 -0.137012 0)
(0.126073 -0.152562 0)
(0.194587 -0.141639 0)
(0.256437 -0.130034 0)
(0.314953 -0.124876 0)
(0.373483 -0.125008 0)
(0.433559 -0.127577 0)
(0.495429 -0.130347 0)
(0.558791 -0.131911 0)
(0.623012 -0.131255 0)
(0.687102 -0.127339 0)
(0.74964 -0.118865 0)
(0.808586 -0.104079 0)
(0.861008 -0.0806904 0)
(0.902773 -0.0459875 0)
(0.92929 0.00294669 0)
(0.935018 0.0690993 0)
(0.915281 0.15509 0)
(0.855458 0.258467 0)
(0.77467 0.38752 0)
(0.648104 0.509662 0)
(0.398899 0.485681 0)
(0.00740068 -0.0654374 0)
(0.0568461 -0.1674 0)
(0.127366 -0.185214 0)
(0.194129 -0.17175 0)
(0.254649 -0.158116 0)
(0.312714 -0.152483 0)
(0.371454 -0.153141 0)
(0.43208 -0.156585 0)
(0.494712 -0.16021 0)
(0.559087 -0.162432 0)
(0.624714 -0.162093 0)
(0.690814 -0.157991 0)
(0.756248 -0.148588 0)
(0.819225 -0.131738 0)
(0.876991 -0.104608 0)
(0.925554 -0.0639557 0)
(0.960358 -0.00646362 0)
(0.975928 0.0710171 0)
(0.96676 0.171625 0)
(0.919993 0.293621 0)
(0.822699 0.439198 0)
(0.671245 0.614847 0)
(0.41402 0.731888 0)
(0.00894621 -0.0795597 0)
(0.0593788 -0.1977 0)
(0.12855 -0.217189 0)
(0.193303 -0.201176 0)
(0.252381 -0.18582 0)
(0.309979 -0.18004 0)
(0.368939 -0.181439 0)
(0.430115 -0.185875 0)
(0.493503 -0.190452 0)
(0.558916 -0.193471 0)
(0.62604 -0.193679 0)
(0.694369 -0.189748 0)
(0.763068 -0.179909 0)
(0.830587 -0.161608 0)
(0.894382 -0.131484 0)
(0.950755 -0.0858089 0)
(0.995411 -0.0210942 0)
(1.02275 0.0667016 0)
(1.02607 0.181519 0)
(0.99487 0.325825 0)
(0.907405 0.500076 0)
(0.740229 0.717559 0)
(0.469037 0.984848 0)
(0.010736 -0.094557 0)
(0.0619212 -0.22801 0)
(0.129433 -0.248455 0)
(0.192049 -0.229913 0)
(0.249661 -0.213194 0)
(0.30678 -0.207583 0)
(0.36593 -0.209897 0)
(0.4276 -0.215407 0)
(0.491691 -0.22101 0)
(0.558119 -0.224939 0)
(0.626795 -0.225885 0)
(0.69753 -0.22242 0)
(0.76978 -0.212495 0)
(0.842259 -0.193076 0)
(0.912735 -0.160312 0)
(0.977867 -0.110137 0)
(1.03373 -0.0387106 0)
(1.07468 0.0582942 0)
(1.0938 0.185965 0)
(1.08133 0.350707 0)
(1.01508 0.560652 0)
(0.866138 0.831011 0)
(0.464108 1.30348 0)
(0.00327804 -0.00486743 0)
(0.016379 -0.000437674 0)
(0.0153042 0.000811379 0)
(0.0183996 -0.000562333 0)
(0.0286558 -0.00157063 0)
(0.038837 -0.00189402 0)
(0.0492827 -0.00166431 0)
(0.0575606 -0.00127102 0)
(0.0631733 -0.000754272 0)
(0.0659881 -0.000248839 0)
(0.065999 0.000277019 0)
(0.0634088 0.000729172 0)
(0.0586954 0.00111385 0)
(0.0522421 0.00139257 0)
(0.0444247 0.00165342 0)
(0.035531 0.00178624 0)
(0.0258311 0.00192214 0)
(0.0156826 0.00201283 0)
(0.00522487 0.0020843 0)
(-0.0200854 -0.0041556 0)
(-0.00698945 -0.00289604 0)
(0.00171917 -0.00216272 0)
(0.0133224 -0.00537929 0)
(0.0282688 -0.00676618 0)
(0.0411081 -0.00726409 0)
(0.0538922 -0.00643442 0)
(0.064151 -0.00485434 0)
(0.0711262 -0.00290462 0)
(0.0747005 -0.00103953 0)
(0.0749669 0.0008157 0)
(0.0721827 0.00240674 0)
(0.0669003 0.00372733 0)
(0.0595955 0.00472521 0)
(0.0506948 0.00557822 0)
(0.0405434 0.00612862 0)
(0.0295055 0.00658611 0)
(0.0178995 0.00685021 0)
(0.00591729 0.0069147 0)
(-0.0208907 0.00134368 0)
(-0.00408661 -0.00691106 0)
(0.00396794 -0.00676846 0)
(0.0133219 -0.0113618 0)
(0.0280954 -0.0123546 0)
(0.0409924 -0.0129157 0)
(0.0539366 -0.0114372 0)
(0.0641365 -0.00859025 0)
(0.070933 -0.00515814 0)
(0.0743817 -0.00179314 0)
(0.0745791 0.00142868 0)
(0.0717237 0.00420286 0)
(0.0664104 0.00647837 0)
(0.0591319 0.00823604 0)
(0.0502876 0.00967746 0)
(0.0402117 0.0106945 0)
(0.0292663 0.0114722 0)
(0.0177517 0.0119037 0)
(0.00586652 0.0120252 0)
(-0.0210691 0.00635402 0)
(-0.00800451 -0.00976028 0)
(0.00217844 -0.00985102 0)
(0.0113138 -0.0166853 0)
(0.0274693 -0.0178151 0)
(0.0409724 -0.018719 0)
(0.0547442 -0.0164481 0)
(0.0653825 -0.0122898 0)
(0.0722648 -0.00737635 0)
(0.0756249 -0.00245582 0)
(0.0756431 0.00208247 0)
(0.0725518 0.00599527 0)
(0.0670066 0.00920467 0)
(0.0595604 0.0117097 0)
(0.0505849 0.0137072 0)
(0.0404053 0.0151756 0)
(0.0293931 0.0162673 0)
(0.017814 0.0168748 0)
(0.0058863 0.0170352 0)
(-0.0282456 0.0085476 0)
(-0.0186277 -0.0134371 0)
(-0.00187245 -0.0145766 0)
(0.00781135 -0.0227836 0)
(0.0266531 -0.0238789 0)
(0.0410548 -0.0250506 0)
(0.0560328 -0.0218445 0)
(0.0673276 -0.016152 0)
(0.0744314 -0.00963335 0)
(0.0777241 -0.00303442 0)
(0.0775099 0.00286318 0)
(0.0741248 0.00787717 0)
(0.0682685 0.0120107 0)
(0.0605461 0.0152954 0)
(0.0513451 0.0178151 0)
(0.0409738 0.0197459 0)
(0.0297757 0.0210904 0)
(0.0180258 0.0218973 0)
(0.00595717 0.022098 0)
(-0.0343406 0.0229285 0)
(-0.0284966 -0.0116563 0)
(-0.008431 -0.0211563 0)
(0.000733688 -0.0294733 0)
(0.0245235 -0.0308176 0)
(0.0409837 -0.0319329 0)
(0.0577493 -0.0276456 0)
(0.069866 -0.0201886 0)
(0.0772335 -0.0118798 0)
(0.0804316 -0.00354238 0)
(0.0798684 0.00377566 0)
(0.0761107 0.00991864 0)
(0.0699006 0.0149478 0)
(0.0618292 0.0189957 0)
(0.0523265 0.0220686 0)
(0.0416923 0.0243869 0)
(0.0302616 0.0260007 0)
(0.018316 0.0270095 0)
(0.00604815 0.0272337 0)
(-0.0536523 0.0228964 0)
(-0.0421813 -0.0175962 0)
(-0.0229984 -0.0276673 0)
(-0.0120646 -0.0393509 0)
(0.0194227 -0.0401788 0)
(0.0399838 -0.0401064 0)
(0.0595159 -0.0341658 0)
(0.0728658 -0.0245126 0)
(0.0806105 -0.0141465 0)
(0.0837081 -0.00394332 0)
(0.0827322 0.00481846 0)
(0.0784953 0.0121421 0)
(0.0718432 0.018098 0)
(0.0633666 0.0228515 0)
(0.0534867 0.026445 0)
(0.0425444 0.0291249 0)
(0.0308511 0.031055 0)
(0.0186543 0.0322081 0)
(0.00615365 0.0324528 0)
(-0.0432992 0.0552822 0)
(-0.0830531 -0.00178446 0)
(-0.0393459 -0.0362254 0)
(-0.0258736 -0.048539 0)
(0.0143091 -0.051913 0)
(0.0395596 -0.0498565 0)
(0.0621954 -0.0415346 0)
(0.0767857 -0.0292312 0)
(0.0847584 -0.0165496 0)
(0.0876093 -0.00429625 0)
(0.0860824 0.00598953 0)
(0.0813125 0.0144985 0)
(0.0741277 0.0214228 0)
(0.0651418 0.0267953 0)
(0.054829 0.0309284 0)
(0.0435407 0.0339843 0)
(0.0315263 0.0361982 0)
(0.0190363 0.0374951 0)
(0.00627695 0.0377631 0)
(0.0135076 -0.120602 0)
(0.065477 -0.27535 0)
(0.130026 -0.295128 0)
(0.189264 -0.272867 0)
(0.244711 -0.255216 0)
(0.301096 -0.250778 0)
(0.360381 -0.254976 0)
(0.422591 -0.262446 0)
(0.487579 -0.270002 0)
(0.555512 -0.275927 0)
(0.626759 -0.278958 0)
(0.701665 -0.277492 0)
(0.780231 -0.268993 0)
(0.861906 -0.24977 0)
(0.945163 -0.21515 0)
(1.02686 -0.160062 0)
(1.10322 -0.0797571 0)
(1.16784 0.0309035 0)
(1.21431 0.177762 0)
(1.2396 0.367787 0)
(1.2165 0.620373 0)
(1.2222 0.916064 0)
(1.09582 1.54103 0)
(0.0171282 -0.158887 0)
(0.0699594 -0.338352 0)
(0.130158 -0.354764 0)
(0.184627 -0.328018 0)
(0.237307 -0.310698 0)
(0.292783 -0.309026 0)
(0.352042 -0.316382 0)
(0.41463 -0.326919 0)
(0.480511 -0.337689 0)
(0.550313 -0.347325 0)
(0.625183 -0.354787 0)
(0.706224 -0.358218 0)
(0.794487 -0.354867 0)
(0.891093 -0.340567 0)
(0.995673 -0.308691 0)
(1.10461 -0.251575 0)
(1.21375 -0.163316 0)
(1.3173 -0.0353805 0)
(1.40588 0.13651 0)
(1.48081 0.369952 0)
(1.52177 0.662135 0)
(1.58847 0.947732 0)
(1.63355 1.36207 0)
(0.0207885 -0.201739 0)
(0.0735635 -0.398561 0)
(0.128568 -0.408672 0)
(0.178112 -0.378967 0)
(0.228225 -0.364204 0)
(0.282613 -0.366564 0)
(0.341163 -0.377606 0)
(0.403204 -0.391622 0)
(0.468942 -0.406421 0)
(0.5397 -0.421356 0)
(0.617398 -0.435625 0)
(0.703536 -0.447492 0)
(0.800637 -0.455384 0)
(0.912648 -0.453782 0)
(1.04094 -0.431363 0)
(1.1802 -0.379063 0)
(1.3272 -0.294612 0)
(1.47112 -0.161111 0)
(1.61226 0.0175211 0)
(1.744 0.220888 0)
(1.81473 0.480718 0)
(1.83216 0.795134 0)
(1.86543 1.13267 0)
(0.0241166 -0.248327 0)
(0.0757491 -0.455266 0)
(0.125049 -0.457191 0)
(0.169944 -0.426536 0)
(0.217716 -0.41605 0)
(0.270572 -0.422932 0)
(0.327535 -0.437686 0)
(0.387956 -0.455361 0)
(0.45232 -0.475001 0)
(0.522739 -0.496616 0)
(0.600798 -0.519577 0)
(0.68751 -0.543178 0)
(0.788137 -0.567369 0)
(0.911449 -0.5838 0)
(1.05959 -0.578666 0)
(1.22212 -0.547274 0)
(1.39297 -0.503626 0)
(1.56564 -0.414762 0)
(1.68964 -0.265886 0)
(1.76632 0.047812 0)
(1.84527 0.434496 0)
(1.87631 0.765637 0)
(1.89285 1.04392 0)
(0.0268773 -0.29773 0)
(0.0763276 -0.507318 0)
(0.119668 -0.50015 0)
(0.160407 -0.470817 0)
(0.205923 -0.465804 0)
(0.256589 -0.477212 0)
(0.311002 -0.495504 0)
(0.368415 -0.516985 0)
(0.429579 -0.542023 0)
(0.496426 -0.570358 0)
(0.567974 -0.601766 0)
(0.646117 -0.635861 0)
(0.741976 -0.677963 0)
(0.869572 -0.724559 0)
(1.02513 -0.756891 0)
(1.18388 -0.750394 0)
(1.32183 -0.716759 0)
(1.43071 -0.504884 0)
(1.55552 -0.179324 0)
(1.65329 0.106409 0)
(1.70535 0.437873 0)
(1.77964 0.789723 0)
(1.84308 1.04554 0)
(0.0289704 -0.349113 0)
(0.0754161 -0.554224 0)
(0.112682 -0.538224 0)
(0.149833 -0.512437 0)
(0.192894 -0.513398 0)
(0.240372 -0.528845 0)
(0.290751 -0.550112 0)
(0.342584 -0.574855 0)
(0.397003 -0.603714 0)
(0.453525 -0.635254 0)
(0.510261 -0.669956 0)
(0.574865 -0.71078 0)
(0.66545 -0.789188 0)
(0.798282 -0.893759 0)
(0.961342 -0.947715 0)
(1.10378 -0.897045 0)
(1.23562 -0.781725 0)
(1.34543 -0.583793 0)
(1.46595 -0.153838 0)
(1.59903 0.121567 0)
(1.65859 0.487973 0)
(1.72457 0.80287 0)
(1.79143 1.02087 0)
(0.030492 -0.401798 0)
(0.0731724 -0.59562 0)
(0.103948 -0.572107 0)
(0.137772 -0.551557 0)
(0.177395 -0.557955 0)
(0.219741 -0.576013 0)
(0.263224 -0.598439 0)
(0.305497 -0.623847 0)
(0.34877 -0.652084 0)
(0.390855 -0.682898 0)
(0.438359 -0.71991 0)
(0.504097 -0.787257 0)
(0.620393 -0.940068 0)
(0.796793 -1.08453 0)
(0.985591 -1.09217 0)
(1.16897 -1.00756 0)
(1.37896 -0.804972 0)
(1.46347 -0.567256 0)
(1.3954 -0.330389 0)
(1.33526 -0.162469 0)
(1.49888 0.218239 0)
(1.72049 0.68764 0)
(1.80244 0.961908 0)
(0.0316504 -0.453613 0)
(0.0693426 -0.628807 0)
(0.092136 -0.6 0)
(0.122229 -0.585628 0)
(0.156324 -0.595583 0)
(0.190836 -0.613786 0)
(0.224774 -0.634967 0)
(0.256734 -0.658672 0)
(0.293035 -0.687371 0)
(0.33778 -0.72704 0)
(0.417172 -0.791344 0)
(0.558267 -0.925716 0)
(0.779038 -1.1364 0)
(1.03213 -1.25284 0)
(1.15336 -1.18086 0)
(1.23656 -1.15324 0)
(1.38538 -0.933653 0)
(1.2649 -0.562054 0)
(1.02026 -0.21746 0)
(0.909327 -0.0879133 0)
(1.02426 0.0270179 0)
(1.36235 0.458362 0)
(1.577 0.880592 0)
(0.0337683 -0.504237 0)
(0.0645554 -0.651509 0)
(0.0756397 -0.620869 0)
(0.101907 -0.614005 0)
(0.129876 -0.625697 0)
(0.158041 -0.643267 0)
(0.189389 -0.66493 0)
(0.228608 -0.694874 0)
(0.294122 -0.742858 0)
(0.417397 -0.826965 0)
(0.613415 -0.961466 0)
(0.97936 -1.15764 0)
(1.26036 -1.35462 0)
(1.31339 -1.32728 0)
(1.15238 -1.25191 0)
(0.978535 -1.21051 0)
(1.068 -0.888428 0)
(0.919161 -0.300206 0)
(0.684214 -0.0530595 0)
(0.630096 -0.153218 0)
(0.633487 -0.189766 0)
(0.884823 0.204364 0)
(1.13965 0.689976 0)
(0.0393844 -0.559755 0)
(0.063664 -0.66975 0)
(0.0600624 -0.642687 0)
(0.0879805 -0.645982 0)
(0.120757 -0.660442 0)
(0.163727 -0.682798 0)
(0.232594 -0.719926 0)
(0.337383 -0.7805 0)
(0.519786 -0.895121 0)
(0.866371 -1.06896 0)
(1.19627 -1.3177 0)
(1.39103 -1.44676 0)
(1.44769 -1.47399 0)
(1.33614 -1.14974 0)
(0.982375 -1.08776 0)
(0.764247 -1.09262 0)
(0.766297 -0.790458 0)
(0.662508 -0.154903 0)
(0.510277 0.0122978 0)
(0.465217 -0.138505 0)
(0.407557 -0.23526 0)
(0.536866 0.00343439 0)
(0.793131 0.386095 0)
(0.0445975 -0.621066 0)
(0.0794265 -0.686714 0)
(0.0795476 -0.666447 0)
(0.129425 -0.687944 0)
(0.203679 -0.716433 0)
(0.321385 -0.770684 0)
(0.550373 -0.878276 0)
(0.753421 -0.983129 0)
(0.996399 -1.22717 0)
(1.21084 -1.38226 0)
(1.41012 -1.52428 0)
(1.52843 -1.51578 0)
(1.4882 -1.31964 0)
(1.33767 -0.833866 0)
(0.895726 -0.857944 0)
(0.687733 -0.938297 0)
(0.621331 -0.663995 0)
(0.495139 -0.0522065 0)
(0.36591 0.06555 0)
(0.335835 -0.106392 0)
(0.294305 -0.238616 0)
(0.362897 -0.171094 0)
(0.603551 0.0491249 0)
(0.0315546 -0.700451 0)
(0.114503 -0.703884 0)
(0.194453 -0.694571 0)
(0.279403 -0.757009 0)
(0.391136 -0.83087 0)
(0.510295 -0.965566 0)
(0.64018 -1.05561 0)
(0.796016 -1.20217 0)
(0.965432 -1.3949 0)
(1.14513 -1.57265 0)
(1.3179 -1.65289 0)
(1.39212 -1.52845 0)
(1.3228 -1.19175 0)
(1.24068 -0.565275 0)
(0.845481 -0.583436 0)
(0.602693 -0.756451 0)
(0.504131 -0.49673 0)
(0.335042 0.0768831 0)
(0.214341 0.103244 0)
(0.215889 -0.0876887 0)
(0.206832 -0.238261 0)
(0.268398 -0.291921 0)
(0.461694 -0.230827 0)
(0.01944 -0.742352 0)
(0.0721159 -0.750794 0)
(0.167742 -0.792695 0)
(0.251023 -0.861355 0)
(0.330985 -0.945904 0)
(0.415281 -1.05723 0)
(0.503581 -1.18427 0)
(0.609451 -1.34875 0)
(0.740945 -1.56055 0)
(0.912289 -1.75495 0)
(1.02336 -1.77133 0)
(1.01523 -1.5321 0)
(0.911868 -1.09982 0)
(0.937925 -0.397173 0)
(0.687091 -0.371555 0)
(0.451876 -0.565662 0)
(0.330104 -0.300467 0)
(0.0751489 0.233167 0)
(0.0509476 0.103935 0)
(0.0705958 -0.0950609 0)
(0.0919819 -0.265378 0)
(0.16351 -0.401982 0)
(0.322418 -0.467186 0)
(0.0221333 -0.788647 0)
(0.0666905 -0.871066 0)
(0.123922 -0.881047 0)
(0.180064 -0.934068 0)
(0.230893 -1.01623 0)
(0.280559 -1.12371 0)
(0.329942 -1.26208 0)
(0.398076 -1.45638 0)
(0.478246 -1.70263 0)
(0.587 -1.86903 0)
(0.534695 -1.78775 0)
(0.493728 -1.46562 0)
(0.378467 -1.00436 0)
(0.481143 -0.343613 0)
(0.424328 -0.267828 0)
(0.225446 -0.373974 0)
(0.0366694 -0.0186982 0)
(-0.216365 0.32329 0)
(-0.131332 0.0786336 0)
(-0.103938 -0.121438 0)
(-0.0612228 -0.31333 0)
(0.00656644 -0.510123 0)
(0.117705 -0.662624 0)
(0.0220558 -0.831946 0)
(0.0510954 -0.906906 0)
(0.0754721 -0.920397 0)
(0.106245 -0.972345 0)
(0.130759 -1.05 0)
(0.148639 -1.15335 0)
(0.158094 -1.29486 0)
(0.173451 -1.50388 0)
(0.165109 -1.74397 0)
(0.145261 -1.84085 0)
(-0.0169148 -1.69497 0)
(-0.0560805 -1.37795 0)
(-0.139369 -0.960795 0)
(0.0187434 -0.372817 0)
(0.0167042 -0.267009 0)
(-0.129105 -0.146787 0)
(-0.429684 0.260658 0)
(-0.44776 0.282586 0)
(-0.327995 0.02229 0)
(-0.290432 -0.159017 0)
(-0.251339 -0.353865 0)
(-0.224364 -0.571111 0)
(-0.216679 -0.751091 0)
(0.0145559 -0.864097 0)
(0.0267574 -0.917716 0)
(0.0320387 -0.938271 0)
(0.0411277 -0.98657 0)
(0.0409657 -1.05536 0)
(0.0279973 -1.1466 0)
(-0.00205613 -1.27605 0)
(-0.0507745 -1.46488 0)
(-0.155403 -1.6589 0)
(-0.295948 -1.71187 0)
(-0.477684 -1.57947 0)
(-0.552774 -1.31324 0)
(-0.576823 -0.92834 0)
(-0.486801 -0.4953 0)
(-0.534364 -0.170789 0)
(-0.662155 0.162581 0)
(-0.759649 0.317488 0)
(-0.611878 0.145114 0)
(-0.50466 -0.0459472 0)
(-0.462758 -0.192339 0)
(-0.441555 -0.359785 0)
(-0.462415 -0.550952 0)
(-0.533732 -0.741208 0)
(0.00495164 -0.878806 0)
(0.00313766 -0.914908 0)
(-0.00424074 -0.938133 0)
(-0.0135856 -0.978887 0)
(-0.0340846 -1.03467 0)
(-0.0711005 -1.10696 0)
(-0.129323 -1.20792 0)
(-0.227997 -1.34993 0)
(-0.39629 -1.49162 0)
(-0.599404 -1.54179 0)
(-0.79349 -1.45569 0)
(-0.939124 -1.21627 0)
(-1.02791 -0.839681 0)
(-1.09083 -0.436795 0)
(-1.12372 -0.0975426 0)
(-1.04144 0.159816 0)
(-0.905444 0.170984 0)
(-0.722176 -0.0121677 0)
(-0.640993 -0.108628 0)
(-0.601808 -0.215863 0)
(-0.598979 -0.340511 0)
(-0.646748 -0.481857 0)
(-0.757165 -0.642577 0)
(-0.00338851 -0.875009 0)
(-0.0160618 -0.903314 0)
(-0.0333914 -0.923174 0)
(-0.0567172 -0.954849 0)
(-0.0908329 -0.996599 0)
(-0.141212 -1.04731 0)
(-0.213369 -1.11141 0)
(-0.328026 -1.19999 0)
(-0.508293 -1.29472 0)
(-0.7286 -1.33324 0)
(-0.948151 -1.27068 0)
(-1.14537 -1.09258 0)
(-1.27631 -0.790972 0)
(-1.31742 -0.431422 0)
(-1.25727 -0.143197 0)
(-1.10379 -0.0156635 0)
(-0.914691 -0.0507493 0)
(-0.781657 -0.128194 0)
(-0.725068 -0.158182 0)
(-0.696839 -0.228666 0)
(-0.709136 -0.308507 0)
(-0.767855 -0.396003 0)
(-0.885713 -0.493992 0)
(-0.00889362 -0.859557 0)
(-0.030455 -0.882594 0)
(-0.0559843 -0.897783 0)
(-0.087962 -0.920602 0)
(-0.129741 -0.94946 0)
(-0.185349 -0.981311 0)
(-0.258133 -1.01482 0)
(-0.361497 -1.05694 0)
(-0.516953 -1.10339 0)
(-0.716959 -1.11637 0)
(-0.923523 -1.05475 0)
(-1.09804 -0.90629 0)
(-1.20439 -0.695136 0)
(-1.21382 -0.476306 0)
(-1.12861 -0.303025 0)
(-0.989482 -0.21638 0)
(-0.865119 -0.201188 0)
(-0.79792 -0.192822 0)
(-0.763539 -0.192914 0)
(-0.749826 -0.229395 0)
(-0.772769 -0.270027 0)
(-0.834192 -0.31193 0)
(-0.941933 -0.348176 0)
(-0.0125577 -0.835906 0)
(-0.0405924 -0.854842 0)
(-0.0718972 -0.865384 0)
(-0.108877 -0.880598 0)
(-0.153974 -0.898816 0)
(-0.209859 -0.916975 0)
(-0.277325 -0.93114 0)
(-0.361649 -0.941967 0)
(-0.477305 -0.950386 0)
(-0.6259 -0.942403 0)
(-0.78069 -0.895794 0)
(-0.907154 -0.801534 0)
(-0.980923 -0.668199 0)
(-0.989724 -0.520339 0)
(-0.941408 -0.394206 0)
(-0.870786 -0.312928 0)
(-0.817277 -0.263567 0)
(-0.787307 -0.226853 0)
(-0.76822 -0.212741 0)
(-0.767961 -0.220074 0)
(-0.79626 -0.229441 0)
(-0.853528 -0.235635 0)
(-0.94226 -0.226603 0)
(-0.0149027 -0.806442 0)
(-0.0471898 -0.822458 0)
(-0.082083 -0.828915 0)
(-0.121551 -0.837991 0)
(-0.167334 -0.84798 0)
(-0.221152 -0.856603 0)
(-0.28295 -0.860151 0)
(-0.352751 -0.855949 0)
(-0.435299 -0.844258 0)
(-0.534145 -0.823366 0)
(-0.639319 -0.78392 0)
(-0.730528 -0.715782 0)
(-0.790917 -0.621444 0)
(-0.813939 -0.516063 0)
(-0.806761 -0.41867 0)
(-0.788042 -0.342046 0)
(-0.771481 -0.284931 0)
(-0.758289 -0.243056 0)
(-0.751574 -0.218469 0)
(-0.760483 -0.204289 0)
(-0.7891 -0.190808 0)
(-0.837888 -0.171627 0)
(-0.906464 -0.134531 0)
(-0.016287 -0.773543 0)
(-0.0509995 -0.787238 0)
(-0.0877458 -0.790458 0)
(-0.12799 -0.794805 0)
(-0.172959 -0.798659 0)
(-0.223753 -0.800387 0)
(-0.280433 -0.797575 0)
(-0.341877 -0.7875 0)
(-0.407724 -0.768128 0)
(-0.478941 -0.738645 0)
(-0.553371 -0.697932 0)
(-0.622146 -0.643212 0)
(-0.674645 -0.573091 0)
(-0.706122 -0.492681 0)
(-0.719791 -0.413604 0)
(-0.723068 -0.345645 0)
(-0.721495 -0.2907 0)
(-0.719043 -0.247503 0)
(-0.721847 -0.214137 0)
(-0.735336 -0.18551 0)
(-0.761457 -0.156746 0)
(-0.800691 -0.121214 0)
(-0.850478 -0.0689037 0)
(-0.0169632 -0.738841 0)
(-0.0526733 -0.750716 0)
(-0.0899277 -0.75147 0)
(-0.129777 -0.752284 0)
(-0.173069 -0.751718 0)
(-0.220454 -0.748492 0)
(-0.272044 -0.741026 0)
(-0.327265 -0.72757 0)
(-0.384888 -0.706162 0)
(-0.443346 -0.675497 0)
(-0.500919 -0.63568 0)
(-0.554718 -0.586817 0)
(-0.600077 -0.52874 0)
(-0.632938 -0.463977 0)
(-0.653098 -0.398857 0)
(-0.664009 -0.3396 0)
(-0.669915 -0.288213 0)
(-0.675176 -0.243592 0)
(-0.683867 -0.203868 0)
(-0.698671 -0.166637 0)
(-0.72115 -0.128325 0)
(-0.751109 -0.0833207 0)
(-0.785564 -0.023888 0)
(-0.0170783 -0.703605 0)
(-0.0527391 -0.714026 0)
(-0.0895107 -0.712983 0)
(-0.128173 -0.711224 0)
(-0.169273 -0.707559 0)
(-0.21318 -0.70097 0)
(-0.259829 -0.690286 0)
(-0.308851 -0.674438 0)
(-0.359468 -0.652377 0)
(-0.410077 -0.622983 0)
(-0.458554 -0.585835 0)
(-0.50301 -0.541603 0)
(-0.541516 -0.49131 0)
(-0.572015 -0.436669 0)
(-0.593775 -0.381121 0)
(-0.608476 -0.328286 0)
(-0.61926 -0.279553 0)
(-0.629315 -0.234339 0)
(-0.641018 -0.19131 0)
(-0.655543 -0.149327 0)
(-0.674036 -0.105497 0)
(-0.695984 -0.0556412 0)
(-0.718657 0.00521584 0)
(-0.0167674 -0.668768 0)
(-0.051641 -0.678022 0)
(-0.0872426 -0.675713 0)
(-0.124204 -0.672135 0)
(-0.162831 -0.666347 0)
(-0.203328 -0.657586 0)
(-0.245518 -0.645014 0)
(-0.28897 -0.627831 0)
(-0.333122 -0.605342 0)
(-0.377005 -0.576972 0)
(-0.419011 -0.542541 0)
(-0.457426 -0.502558 0)
(-0.490983 -0.458046 0)
(-0.518771 -0.410395 0)
(-0.540535 -0.361565 0)
(-0.557324 -0.313518 0)
(-0.571049 -0.267152 0)
(-0.58339 -0.222321 0)
(-0.595719 -0.178262 0)
(-0.608863 -0.133963 0)
(-0.623545 -0.0878365 0)
(-0.639561 -0.0366249 0)
(-0.654082 0.0228759 0)
(-0.0161592 -0.634956 0)
(-0.049723 -0.643286 0)
(-0.0837061 -0.64011 0)
(-0.118642 -0.635294 0)
(-0.154681 -0.628102 0)
(-0.191907 -0.617975 0)
(-0.230151 -0.604331 0)
(-0.269035 -0.586614 0)
(-0.308017 -0.564338 0)
(-0.346309 -0.537154 0)
(-0.382848 -0.505081 0)
(-0.416502 -0.468631 0)
(-0.44635 -0.4286 0)
(-0.471854 -0.385925 0)
(-0.492983 -0.341798 0)
(-0.510316 -0.297399 0)
(-0.524905 -0.25329 0)
(-0.537766 -0.209469 0)
(-0.54978 -0.16565 0)
(-0.5616 -0.121013 0)
(-0.57331 -0.0745924 0)
(-0.584345 -0.024297 0)
(-0.592876 0.0325899 0)
(-0.0153629 -0.602602 0)
(-0.0472454 -0.610226 0)
(-0.0793306 -0.606471 0)
(-0.112046 -0.600851 0)
(-0.145468 -0.592772 0)
(-0.17959 -0.581841 0)
(-0.214248 -0.567647 0)
(-0.249123 -0.549826 0)
(-0.283769 -0.528102 0)
(-0.317544 -0.502281 0)
(-0.349649 -0.472378 0)
(-0.379343 -0.438754 0)
(-0.40608 -0.402066 0)
(-0.429501 -0.363093 0)
(-0.449521 -0.322594 0)
(-0.466449 -0.281187 0)
(-0.480931 -0.239261 0)
(-0.493592 -0.196924 0)
(-0.504784 -0.154122 0)
(-0.514892 -0.110395 0)
(-0.524036 -0.0647121 0)
(-0.531566 -0.0161225 0)
(-0.536059 0.0371716 0)
(-0.0144572 -0.572015 0)
(-0.0444016 -0.579111 0)
(-0.0744242 -0.574988 0)
(-0.104825 -0.568876 0)
(-0.135649 -0.560278 0)
(-0.166833 -0.54894 0)
(-0.19822 -0.53458 0)
(-0.22953 -0.516952 0)
(-0.260405 -0.495871 0)
(-0.290381 -0.471243 0)
(-0.31888 -0.443159 0)
(-0.345326 -0.411939 0)
(-0.369305 -0.378048 0)
(-0.390614 -0.342005 0)
(-0.409225 -0.304342 0)
(-0.425267 -0.265506 0)
(-0.439025 -0.225768 0)
(-0.450911 -0.185181 0)
(-0.46122 -0.143725 0)
(-0.469842 -0.101291 0)
(-0.476809 -0.0573743 0)
(-0.481821 -0.0111413 0)
(-0.483662 0.038424 0)
(-0.0134891 -0.543395 0)
(-0.0413283 -0.550093 0)
(-0.0691953 -0.545753 0)
(-0.0972565 -0.539368 0)
(-0.125534 -0.530511 0)
(-0.153946 -0.519033 0)
(-0.18234 -0.504737 0)
(-0.210486 -0.487477 0)
(-0.238084 -0.467153 0)
(-0.264762 -0.443734 0)
(-0.290099 -0.417293 0)
(-0.313701 -0.388061 0)
(-0.335259 -0.356409 0)
(-0.354583 -0.322761 0)
(-0.371629 -0.287498 0)
(-0.386487 -0.250914 0)
(-0.399298 -0.213208 0)
(-0.410209 -0.174498 0)
(-0.419313 -0.134803 0)
(-0.426677 -0.094004 0)
(-0.432126 -0.0520366 0)
(-0.435266 -0.00836477 0)
(-0.435409 0.0376244 0)
(-0.0124831 -0.516883 0)
(-0.0381254 -0.523256 0)
(-0.0637895 -0.518813 0)
(-0.0895281 -0.512301 0)
(-0.115331 -0.503366 0)
(-0.141121 -0.491923 0)
(-0.166747 -0.477846 0)
(-0.192017 -0.461048 0)
(-0.216687 -0.441477 0)
(-0.24047 -0.419139 0)
(-0.263051 -0.394129 0)
(-0.284126 -0.366634 0)
(-0.30346 -0.336921 0)
(-0.320899 -0.305301 0)
(-0.336377 -0.272092 0)
(-0.349918 -0.237534 0)
(-0.361585 -0.20176 0)
(-0.371436 -0.164865 0)
(-0.379481 -0.126934 0)
(-0.385617 -0.0880509 0)
(-0.389788 -0.0481312 0)
(-0.391755 -0.00704316 0)
(-0.390892 0.0356489 0)
(-0.0114527 -0.492546 0)
(-0.0348678 -0.498629 0)
(-0.0583136 -0.494162 0)
(-0.0817681 -0.487621 0)
(-0.105175 -0.478729 0)
(-0.128478 -0.467434 0)
(-0.151528 -0.453665 0)
(-0.174166 -0.437377 0)
(-0.196188 -0.418555 0)
(-0.217368 -0.397227 0)
(-0.237464 -0.37348 0)
(-0.256246 -0.347472 0)
(-0.273527 -0.319416 0)
(-0.289172 -0.289553 0)
(-0.303106 -0.258129 0)
(-0.315311 -0.225348 0)
(-0.325798 -0.191347 0)
(-0.334545 -0.156242 0)
(-0.341528 -0.120135 0)
(-0.346737 -0.0831318 0)
(-0.350053 -0.0453553 0)
(-0.351174 -0.00667869 0)
(-0.349708 0.0330696 0)
(-0.0104099 -0.470393 0)
(-0.0316123 -0.476202 0)
(-0.052849 -0.471764 0)
(-0.0740651 -0.465261 0)
(-0.0951577 -0.456489 0)
(-0.116091 -0.445414 0)
(-0.136722 -0.432004 0)
(-0.156917 -0.416241 0)
(-0.17651 -0.398132 0)
(-0.195317 -0.377722 0)
(-0.213148 -0.355096 0)
(-0.229825 -0.33039 0)
(-0.245196 -0.303777 0)
(-0.259145 -0.275454 0)
(-0.27159 -0.245628 0)
(-0.282479 -0.214478 0)
(-0.291809 -0.182127 0)
(-0.299555 -0.148685 0)
(-0.305626 -0.114322 0)
(-0.309982 -0.0792133 0)
(-0.312545 -0.0433938 0)
(-0.313122 -0.00691042 0)
(-0.311418 0.0302623 0)
(-0.00936801 -0.450391 0)
(-0.0283993 -0.455943 0)
(-0.0474547 -0.451567 0)
(-0.0664795 -0.445144 0)
(-0.0853353 -0.436539 0)
(-0.104 -0.425726 0)
(-0.122342 -0.412697 0)
(-0.140249 -0.397453 0)
(-0.157583 -0.380017 0)
(-0.174195 -0.360442 0)
(-0.189934 -0.338811 0)
(-0.204656 -0.315243 0)
(-0.218238 -0.289888 0)
(-0.230577 -0.262915 0)
(-0.2416 -0.234501 0)
(-0.251242 -0.204814 0)
(-0.259459 -0.173984 0)
(-0.266223 -0.142103 0)
(-0.271484 -0.109323 0)
(-0.275159 -0.0758869 0)
(-0.277191 -0.0419122 0)
(-0.277442 -0.00745572 0)
(-0.275668 0.0274759 0)
(-0.00833765 -0.432515 0)
(-0.0252499 -0.437837 0)
(-0.0421645 -0.43354 0)
(-0.059045 -0.42722 0)
(-0.0757366 -0.418802 0)
(-0.0922206 -0.408265 0)
(-0.108383 -0.395616 0)
(-0.124128 -0.380867 0)
(-0.13934 -0.364054 0)
(-0.153898 -0.345231 0)
(-0.16768 -0.324482 0)
(-0.180571 -0.301913 0)
(-0.192466 -0.277657 0)
(-0.20328 -0.251864 0)
(-0.212944 -0.224694 0)
(-0.221399 -0.196303 0)
(-0.228594 -0.166826 0)
(-0.234476 -0.136367 0)
(-0.238989 -0.105064 0)
(-0.242088 -0.0731469 0)
(-0.243736 -0.0408191 0)
(-0.243793 -0.008109 0)
(-0.242102 0.0248649 0)
(-0.00732098 -0.416742 0)
(-0.022164 -0.421872 0)
(-0.0369852 -0.417661 0)
(-0.0517683 -0.411456 0)
(-0.0663629 -0.40323 0)
(-0.0807455 -0.392964 0)
(-0.0948214 -0.380676 0)
(-0.108508 -0.366385 0)
(-0.121709 -0.350133 0)
(-0.134327 -0.331979 0)
(-0.146263 -0.312002 0)
(-0.157424 -0.290303 0)
(-0.167724 -0.267002 0)
(-0.177088 -0.242235 0)
(-0.185457 -0.216148 0)
(-0.19278 -0.188898 0)
(-0.199004 -0.160624 0)
(-0.204077 -0.131431 0)
(-0.207949 -0.101433 0)
(-0.210565 -0.0708627 0)
(-0.211907 -0.0399744 0)
(-0.211935 -0.00881441 0)
(-0.21045 0.0225064 0)
(-0.00630656 -0.402978 0)
(-0.0191205 -0.407955 0)
(-0.0319062 -0.403834 0)
(-0.0446385 -0.397753 0)
(-0.0571995 -0.389721 0)
(-0.0695515 -0.37972 0)
(-0.0816199 -0.367772 0)
(-0.093333 -0.353902 0)
(-0.104614 -0.338154 0)
(-0.115384 -0.320588 0)
(-0.125565 -0.301282 0)
(-0.135081 -0.280332 0)
(-0.143862 -0.257851 0)
(-0.151846 -0.233964 0)
(-0.15898 -0.208809 0)
(-0.165223 -0.182534 0)
(-0.170535 -0.155289 0)
(-0.174866 -0.127196 0)
(-0.178163 -0.0983538 0)
(-0.18039 -0.0689439 0)
(-0.181529 -0.0392697 0)
(-0.181564 -0.00947863 0)
(-0.180332 0.0204656 0)
(-0.00526419 -0.391152 0)
(-0.0160726 -0.395979 0)
(-0.0268996 -0.391945 0)
(-0.0376287 -0.385988 0)
(-0.0482184 -0.378142 0)
(-0.0586071 -0.368393 0)
(-0.0687409 -0.356761 0)
(-0.0785578 -0.343275 0)
(-0.0879961 -0.327978 0)
(-0.0969937 -0.310931 0)
(-0.10549 -0.292209 0)
(-0.113426 -0.271905 0)
(-0.120749 -0.250124 0)
(-0.127407 -0.226986 0)
(-0.133359 -0.202621 0)
(-0.13857 -0.177171 0)
(-0.14301 -0.150786 0)
(-0.146645 -0.123604 0)
(-0.149431 -0.0957308 0)
(-0.151321 -0.0673087 0)
(-0.152342 -0.038636 0)
(-0.152473 -0.00994738 0)
(-0.151522 0.0188117 0)
(-0.00415481 -0.381413 0)
(-0.0129479 -0.38599 0)
(-0.0218957 -0.382027 0)
(-0.03066 -0.376181 0)
(-0.0393274 -0.368494 0)
(-0.0478125 -0.358959 0)
(-0.0560811 -0.347596 0)
(-0.0640803 -0.334435 0)
(-0.071759 -0.319522 0)
(-0.0790658 -0.302915 0)
(-0.0859514 -0.284686 0)
(-0.0923706 -0.264924 0)
(-0.0982837 -0.243731 0)
(-0.103657 -0.221219 0)
(-0.10846 -0.197512 0)
(-0.112671 -0.172746 0)
(-0.11627 -0.147065 0)
(-0.119238 -0.120621 0)
(-0.121548 -0.0935332 0)
(-0.123177 -0.0659166 0)
(-0.124111 -0.0380424 0)
(-0.124362 -0.0102064 0)
(-0.123763 0.0175828 0)
(-0.00297997 -0.373971 0)
(-0.00971658 -0.378034 0)
(-0.0168209 -0.374138 0)
(-0.0236328 -0.368397 0)
(-0.0303893 -0.360841 0)
(-0.0369957 -0.351476 0)
(-0.0434375 -0.340324 0)
(-0.0496751 -0.32742 0)
(-0.0556677 -0.31281 0)
(-0.0613709 -0.296552 0)
(-0.0667401 -0.278717 0)
(-0.0717343 -0.259387 0)
(-0.0763191 -0.238659 0)
(-0.0804679 -0.216641 0)
(-0.0841631 -0.193451 0)
(-0.0873951 -0.169218 0)
(-0.0901622 -0.144084 0)
(-0.0924672 -0.118199 0)
(-0.0943147 -0.0917003 0)
(-0.0957026 -0.0646914 0)
(-0.0966034 -0.0373785 0)
(-0.0970338 -0.0101885 0)
(-0.0968346 0.0168294 0)
(-0.00182786 -0.369305 0)
(-0.00650158 -0.372437 0)
(-0.0117462 -0.368634 0)
(-0.0166122 -0.363008 0)
(-0.0214439 -0.355561 0)
(-0.026159 -0.346317 0)
(-0.0307614 -0.335306 0)
(-0.0352312 -0.32257 0)
(-0.0395433 -0.308161 0)
(-0.0436666 -0.292139 0)
(-0.0475656 -0.274574 0)
(-0.0512036 -0.255547 0)
(-0.0545462 -0.235146 0)
(-0.0575638 -0.213471 0)
(-0.0602356 -0.190632 0)
(-0.062553 -0.16675 0)
(-0.0645227 -0.141959 0)
(-0.0661686 -0.116409 0)
(-0.0675365 -0.090257 0)
(-0.0686777 -0.0636139 0)
(-0.0695929 -0.0366412 0)
(-0.0702669 -0.00986042 0)
(-0.0705292 0.0165861 0)
(-0.000832603 -0.367602 0)
(-0.0035359 -0.369446 0)
(-0.00687371 -0.365791 0)
(-0.00982063 -0.360298 0)
(-0.0127292 -0.352946 0)
(-0.0155518 -0.343783 0)
(-0.0183018 -0.33285 0)
(-0.0209752 -0.320199 0)
(-0.0235631 -0.305887 0)
(-0.0260514 -0.289979 0)
(-0.0284227 -0.27255 0)
(-0.0306563 -0.253679 0)
(-0.0327294 -0.233454 0)
(-0.0346185 -0.211971 0)
(-0.0363016 -0.189329 0)
(-0.0377635 -0.165635 0)
(-0.0390024 -0.141001 0)
(-0.0400407 -0.115547 0)
(-0.0409414 -0.0894064 0)
(-0.0418368 -0.0627058 0)
(-0.0428239 -0.0356738 0)
(-0.0438957 -0.00901518 0)
(-0.0447938 0.0170597 0)
(-0.000127428 -0.364178 0)
(-0.000998951 -0.364944 0)
(-0.00225517 -0.36147 0)
(-0.00326443 -0.356106 0)
(-0.0042432 -0.348853 0)
(-0.00518515 -0.339781 0)
(-0.00609845 -0.328945 0)
(-0.00698341 -0.316405 0)
(-0.00783823 -0.302221 0)
(-0.0086598 -0.286463 0)
(-0.00944427 -0.269208 0)
(-0.0101873 -0.25054 0)
(-0.0108841 -0.23055 0)
(-0.011529 -0.209335 0)
(-0.012116 -0.186996 0)
(-0.0126392 -0.163634 0)
(-0.013097 -0.139346 0)
(-0.0134965 -0.114213 0)
(-0.0138724 -0.0882792 0)
(-0.0144189 -0.061579 0)
(-0.0150866 -0.0343403 0)
(-0.0158017 -0.0076267 0)
(-0.016587 0.0182782 0)
(0.990717 1.22811 0)
(0.39232 0.567645 0)
(-0.194447 -0.110686 0)
(0.028593 -0.466487 0)
(1.7527 1.6103 0)
(1.58475 1.48171 0)
(1.29009 1.20919 0)
(0.845625 0.717244 0)
(1.9652 1.41792 0)
(2.01974 1.56223 0)
(1.98731 1.62028 0)
(1.78168 1.50738 0)
(1.93639 1.27075 0)
(2.00599 1.4371 0)
(2.08128 1.61256 0)
(2.09216 1.74651 0)
(1.87392 1.19997 0)
(1.90322 1.28388 0)
(1.97905 1.4814 0)
(2.06861 1.73265 0)
(1.82968 1.17647 0)
(1.82843 1.19502 0)
(1.88813 1.28259 0)
(1.98559 1.66694 0)
(1.83224 1.1607 0)
(1.78146 1.21858 0)
(1.78416 1.07874 0)
(1.89141 1.57865 0)
(1.66539 1.18231 0)
(1.64848 1.3321 0)
(1.61585 1.03284 0)
(1.81255 1.3169 0)
(1.31141 1.06121 0)
(1.38837 1.24956 0)
(1.3985 0.963519 0)
(1.66209 1.01827 0)
(1.03551 0.732064 0)
(1.19907 0.937754 0)
(1.24975 0.757014 0)
(1.46599 0.769275 0)
(0.865027 0.31982 0)
(1.07096 0.55727 0)
(1.15641 0.568706 0)
(1.31249 0.605389 0)
(0.667395 -0.0502741 0)
(0.875681 0.190881 0)
(0.947187 0.355264 0)
(1.08673 0.450378 0)
(0.487611 -0.376809 0)
(0.629068 -0.133853 0)
(0.684252 0.159631 0)
(0.616497 0.411185 0)
(0.230854 -0.613422 0)
(0.341582 -0.324114 0)
(0.388889 0.187567 0)
(0.215378 0.619571 0)
(-0.193206 -0.697577 0)
(-0.0948508 -0.350214 0)
(-0.011346 0.212393 0)
(0.0795739 0.744209 0)
(-0.579896 -0.780199 0)
(-0.516946 -0.603803 0)
(-0.353104 -0.241116 0)
(-0.161227 0.2619 0)
(-0.861364 -0.741099 0)
(-0.883928 -0.707787 0)
(-0.825859 -0.548435 0)
(-0.70656 -0.256759 0)
(-1.01216 -0.578908 0)
(-1.09454 -0.619398 0)
(-1.156 -0.60292 0)
(-1.17873 -0.480873 0)
(-1.05908 -0.375439 0)
(-1.15279 -0.399043 0)
(-1.26784 -0.416806 0)
(-1.39723 -0.380105 0)
(-1.03252 -0.206892 0)
(-1.10347 -0.19223 0)
(-1.19569 -0.179174 0)
(-1.31376 -0.14566 0)
(-0.970748 -0.0903842 0)
(-1.01717 -0.0564105 0)
(-1.07344 -0.0193794 0)
(-1.14415 0.0297442 0)
(-0.893724 -0.0143523 0)
(-0.922633 0.02561 0)
(-0.9545 0.0697931 0)
(-0.991781 0.120976 0)
(-0.813106 0.0331043 0)
(-0.829884 0.0732174 0)
(-0.846588 0.116983 0)
(-0.864599 0.164374 0)
(-0.735114 0.0606151 0)
(-0.74386 0.0982985 0)
(-0.751269 0.138684 0)
(-0.758233 0.180748 0)
(-0.662746 0.0747778 0)
(-0.666317 0.109131 0)
(-0.668191 0.145323 0)
(-0.668973 0.182135 0)
(-0.596627 0.0803665 0)
(-0.597068 0.111303 0)
(-0.595813 0.143419 0)
(-0.593315 0.175616 0)
(-0.536705 0.0807129 0)
(-0.535333 0.108475 0)
(-0.532418 0.136964 0)
(-0.52832 0.165285 0)
(-0.482442 0.0779783 0)
(-0.480103 0.102951 0)
(-0.476415 0.128348 0)
(-0.471682 0.153476 0)
(-0.433148 0.0736 0)
(-0.430371 0.0961861 0)
(-0.426442 0.118993 0)
(-0.421619 0.141506 0)
(-0.388136 0.0685108 0)
(-0.385248 0.0890743 0)
(-0.381388 0.109726 0)
(-0.376774 0.130091 0)
(-0.34679 0.0632809 0)
(-0.343985 0.0821378 0)
(-0.340365 0.100997 0)
(-0.336113 0.119586 0)
(-0.30856 0.0582455 0)
(-0.305955 0.0756654 0)
(-0.302664 0.0930307 0)
(-0.298847 0.110144 0)
(-0.27299 0.0535947 0)
(-0.270644 0.0698065 0)
(-0.267721 0.0859275 0)
(-0.264361 0.101808 0)
(-0.239685 0.0494237 0)
(-0.237623 0.0646243 0)
(-0.235077 0.0797122 0)
(-0.232172 0.0945633 0)
(-0.208309 0.0457666 0)
(-0.206533 0.0601304 0)
(-0.204355 0.0743691 0)
(-0.201889 0.0883681 0)
(-0.17853 0.0426416 0)
(-0.177045 0.0563195 0)
(-0.175228 0.0698673 0)
(-0.173182 0.0831708 0)
(-0.150079 0.0400703 0)
(-0.148886 0.0531875 0)
(-0.147422 0.066177 0)
(-0.145777 0.0789219 0)
(-0.122706 0.0380716 0)
(-0.121812 0.0507345 0)
(-0.120697 0.0632742 0)
(-0.119441 0.075578 0)
(-0.0961944 0.0366811 0)
(-0.0956085 0.04898 0)
(-0.0948473 0.0611558 0)
(-0.0939732 0.073114 0)
(-0.0703422 0.0359155 0)
(-0.0700814 0.0479258 0)
(-0.0696836 0.0598024 0)
(-0.069191 0.0714868 0)
(-0.0451781 0.035967 0)
(-0.0453004 0.0477491 0)
(-0.0453151 0.0593741 0)
(-0.0452396 0.0708276 0)
(-0.0171035 0.0368272 0)
(-0.0173767 0.0484275 0)
(-0.0176044 0.059821 0)
(-0.0177817 0.0710297 0)
(-0.589978 -0.0121278 0)
(-0.142311 -0.0256199 0)
(-0.11968 -0.0589029 0)
(-0.0473287 -0.0711205 0)
(0.00988895 -0.0740264 0)
(0.0438239 -0.0687414 0)
(0.0708069 -0.0547059 0)
(0.0867442 -0.0371169 0)
(0.0944136 -0.0196697 0)
(0.0962468 -0.00411103 0)
(0.093276 0.00866399 0)
(0.0872132 0.0190117 0)
(0.0788263 0.0271937 0)
(0.0687857 0.0335415 0)
(0.0576033 0.0383812 0)
(0.0455553 0.0419367 0)
(0.0328856 0.0445062 0)
(0.0197971 0.0461007 0)
(0.00652323 0.0463601 0)
(0.114592 0.198476 0)
(-0.159211 -0.0767292 0)
(-0.272792 -0.159632 0)
(-0.114643 -0.162484 0)
(-0.00486488 -0.126541 0)
(0.0517264 -0.103955 0)
(0.0867049 -0.0765492 0)
(0.104459 -0.0485197 0)
(0.110965 -0.0230144 0)
(0.110261 -0.00252342 0)
(0.10473 0.0137708 0)
(0.0963245 0.0264797 0)
(0.0859584 0.0362642 0)
(0.0742882 0.0437431 0)
(0.0616893 0.0493779 0)
(0.0485481 0.0535282 0)
(0.0349729 0.0564546 0)
(0.0210027 0.0582633 0)
(0.0068879 0.0585102 0)
(1.25458 1.08302 0)
(0.432314 0.418812 0)
(-0.265719 -0.196644 0)
(-0.202578 -0.366165 0)
(-0.0143457 -0.237135 0)
(0.0762921 -0.154774 0)
(0.11618 -0.101311 0)
(0.131586 -0.0576601 0)
(0.133626 -0.0231951 0)
(0.128057 0.00246264 0)
(0.118591 0.021844 0)
(0.106971 0.0363726 0)
(0.0940638 0.0472588 0)
(0.0804003 0.0554 0)
(0.06629 0.0616607 0)
(0.0518503 0.066204 0)
(0.0371318 0.0693135 0)
(0.0222668 0.0713296 0)
(0.0073465 0.0714706 0)
(1.83186 1.60514 0)
(1.35039 1.21763 0)
(0.523126 0.548244 0)
(-0.115351 -0.417835 0)
(0.0280901 -0.390179 0)
(0.1335 -0.217307 0)
(0.166697 -0.119361 0)
(0.17071 -0.059324 0)
(0.162357 -0.0173991 0)
(0.149196 0.0122479 0)
(0.134274 0.0336024 0)
(0.118566 0.0490435 0)
(0.102682 0.0602549 0)
(0.0869654 0.0687066 0)
(0.0712222 0.0750718 0)
(0.0553054 0.0797603 0)
(0.0395091 0.0830902 0)
(0.023699 0.0853053 0)
(0.00778554 0.0852767 0)
(1.98839 1.84779 0)
(1.71293 1.64537 0)
(1.19341 1.13523 0)
(0.461429 0.0765933 0)
(0.138475 -0.465344 0)
(0.221183 -0.273248 0)
(0.23752 -0.120327 0)
(0.218632 -0.0467332 0)
(0.194939 -0.00141901 0)
(0.171979 0.0292025 0)
(0.150522 0.0498983 0)
(0.130239 0.0646017 0)
(0.111305 0.0754789 0)
(0.0934235 0.0837144 0)
(0.0760214 0.0898598 0)
(0.0589193 0.0945387 0)
(0.0420268 0.0979202 0)
(0.0251319 0.100049 0)
(0.00824471 0.0998861 0)
(1.96881 1.96854 0)
(1.79196 1.91346 0)
(1.4714 1.56753 0)
(0.889621 0.70978 0)
(0.40073 -0.300864 0)
(0.335081 -0.276422 0)
(0.315413 -0.0981265 0)
(0.268592 -0.0147857 0)
(0.227187 0.0277135 0)
(0.193014 0.0536579 0)
(0.164729 0.0707778 0)
(0.140743 0.0831634 0)
(0.11933 0.0927174 0)
(0.0995341 0.100195 0)
(0.0807089 0.106008 0)
(0.0624013 0.110513 0)
(0.0443588 0.113693 0)
(0.0264956 0.1157 0)
(0.00870771 0.115348 0)
(1.88327 2.06521 0)
(1.75035 2.11956 0)
(1.52879 1.88341 0)
(1.06233 1.10144 0)
(0.690785 0.0190897 0)
(0.473553 -0.181274 0)
(0.386358 -0.03207 0)
(0.311957 0.0413667 0)
(0.251713 0.0683616 0)
(0.207904 0.0840574 0)
(0.175397 0.0952567 0)
(0.14899 0.10426 0)
(0.125999 0.111819 0)
(0.104979 0.118174 0)
(0.0850414 0.123356 0)
(0.0656614 0.127347 0)
(0.0465678 0.130299 0)
(0.0277885 0.1323 0)
(0.00914463 0.131713 0)
(1.75657 2.17187 0)
(1.65444 2.29166 0)
(1.49558 2.11895 0)
(1.1179 1.34475 0)
(0.870382 0.345511 0)
(0.56867 0.0116061 0)
(0.425872 0.0770544 0)
(0.327012 0.113078 0)
(0.258748 0.115108 0)
(0.21378 0.116949 0)
(0.180929 0.12104 0)
(0.154517 0.126323 0)
(0.13119 0.13188 0)
(0.109507 0.137094 0)
(0.0886908 0.141528 0)
(0.0684624 0.145124 0)
(0.0486798 0.147771 0)
(0.0290796 0.149578 0)
(0.00954659 0.148719 0)
(1.61523 2.26535 0)
(1.5351 2.46379 0)
(1.39003 2.2942 0)
(1.10864 1.49253 0)
(0.898303 0.651214 0)
(0.496742 0.251435 0)
(0.379903 0.187919 0)
(0.30205 0.177536 0)
(0.245411 0.158509 0)
(0.209367 0.147107 0)
(0.181636 0.145227 0)
(0.157525 0.147806 0)
(0.134988 0.151975 0)
(0.113225 0.156384 0)
(0.0919894 0.160323 0)
(0.0710915 0.16359 0)
(0.0504241 0.166043 0)
(0.0300982 0.167652 0)
(0.00989494 0.166529 0)
(1.47834 2.27683 0)
(1.42254 2.64119 0)
(1.26155 2.44131 0)
(1.01875 1.49087 0)
(0.690767 1.01132 0)
(0.276574 0.465188 0)
(0.247156 0.247889 0)
(0.239161 0.208623 0)
(0.216568 0.183868 0)
(0.197587 0.168679 0)
(0.179323 0.165033 0)
(0.159325 0.167327 0)
(0.138194 0.171584 0)
(0.116589 0.175939 0)
(0.0949019 0.179801 0)
(0.0734188 0.182789 0)
(0.0521662 0.185031 0)
(0.0311215 0.186524 0)
(0.0102214 0.185128 0)
(1.35493 2.24674 0)
(1.32781 2.8172 0)
(1.15593 2.6175 0)
(0.850963 1.6789 0)
(0.354926 1.46929 0)
(0.0316795 0.604432 0)
(0.0744545 0.217604 0)
(0.158046 0.183795 0)
(0.184885 0.181107 0)
(0.187333 0.17761 0)
(0.178349 0.179498 0)
(0.162211 0.185057 0)
(0.142054 0.191051 0)
(0.12022 0.19607 0)
(0.0978896 0.199948 0)
(0.0756011 0.202761 0)
(0.0536135 0.204654 0)
(0.03195 0.205863 0)
(0.0104898 0.204135 0)
(1.20354 2.19333 0)
(1.25771 2.9622 0)
(1.11314 2.82714 0)
(0.732016 2.03466 0)
(0.107476 1.91788 0)
(-0.0615048 0.662363 0)
(-0.0587395 0.117415 0)
(0.0975542 0.0977542 0)
(0.170575 0.150106 0)
(0.188996 0.176032 0)
(0.184366 0.191238 0)
(0.168744 0.202985 0)
(0.14751 0.211454 0)
(0.124223 0.217191 0)
(0.100658 0.220924 0)
(0.0774425 0.223306 0)
(0.0547531 0.224762 0)
(0.0325686 0.225632 0)
(0.0106863 0.223527 0)
(0.964149 1.98458 0)
(1.20543 2.99703 0)
(1.12234 3.03391 0)
(0.72048 2.46873 0)
(0.0593408 2.2187 0)
(0.0207747 0.714626 0)
(-0.0205496 0.000753314 0)
(0.104062 -0.0124517 0)
(0.197128 0.108745 0)
(0.213836 0.174993 0)
(0.201252 0.206009 0)
(0.179597 0.223598 0)
(0.15426 0.233889 0)
(0.128335 0.239726 0)
(0.103079 0.24291 0)
(0.0788106 0.244557 0)
(0.0554816 0.245356 0)
(0.0329131 0.245751 0)
(0.0107876 0.243199 0)
(0.667899 1.43079 0)
(1.10842 2.86954 0)
(1.18214 3.22874 0)
(0.932335 3.07193 0)
(0.363229 2.58729 0)
(0.371318 0.875942 0)
(0.275642 -0.0750885 0)
(0.228746 -0.081172 0)
(0.26903 0.0966482 0)
(0.259147 0.190445 0)
(0.226101 0.230518 0)
(0.192972 0.250083 0)
(0.16135 0.25989 0)
(0.131872 0.264411 0)
(0.104658 0.266146 0)
(0.0793732 0.26651 0)
(0.0555804 0.266307 0)
(0.0328645 0.266029 0)
(0.010757 0.262942 0)
(0.222982 0.78126 0)
(0.906922 2.53467 0)
(1.18679 3.21666 0)
(1.18217 3.25616 0)
(0.934403 2.83517 0)
(0.969356 1.15636 0)
(0.713034 0.0415358 0)
(0.460989 -0.0203137 0)
(0.375965 0.148976 0)
(0.311564 0.235956 0)
(0.251799 0.270352 0)
(0.204968 0.284864 0)
(0.166412 0.290336 0)
(0.133448 0.291418 0)
(0.104586 0.290517 0)
(0.07866 0.288924 0)
(0.0547837 0.287344 0)
(0.0322876 0.286188 0)
(0.0105532 0.282478 0)
(-0.0924266 0.744651 0)
(0.594194 1.97942 0)
(1.06782 3.00631 0)
(1.25126 3.18421 0)
(1.29754 2.7503 0)
(1.37033 1.34975 0)
(1.04702 0.275364 0)
(0.652238 0.176778 0)
(0.457094 0.273152 0)
(0.34574 0.313594 0)
(0.266475 0.325531 0)
(0.209716 0.327187 0)
(0.166435 0.324433 0)
(0.131474 0.320057 0)
(0.102003 0.315447 0)
(0.0762021 0.311321 0)
(0.0528392 0.308052 0)
(0.0310584 0.305856 0)
(0.0101389 0.301458 0)
(-0.505392 0.372075 0)
(-0.0749632 1.3228 0)
(0.794844 2.65821 0)
(1.10567 3.01247 0)
(1.26814 2.63921 0)
(1.3381 1.4072 0)
(1.05984 0.59828 0)
(0.681064 0.438752 0)
(0.466552 0.425776 0)
(0.343895 0.4066 0)
(0.260978 0.388316 0)
(0.202632 0.372871 0)
(0.159136 0.359762 0)
(0.124773 0.348829 0)
(0.0962944 0.339942 0)
(0.071676 0.332993 0)
(0.0495803 0.327888 0)
(0.0290982 0.324582 0)
(0.00949105 0.319473 0)
(-1.09017 -0.00632213 0)
(-0.721824 1.08359 0)
(0.0827067 2.05938 0)
(0.531523 2.60753 0)
(0.916485 2.4212 0)
(1.00035 1.53771 0)
(0.807255 0.89162 0)
(0.562556 0.667867 0)
(0.403828 0.561227 0)
(0.30373 0.492751 0)
(0.233633 0.447505 0)
(0.182681 0.416042 0)
(0.143941 0.393039 0)
(0.113045 0.375788 0)
(0.0873147 0.362774 0)
(0.0650203 0.353107 0)
(0.0449855 0.346244 0)
(0.0264019 0.341876 0)
(0.00860908 0.336089 0)
(-1.52293 -0.122657 0)
(-1.4157 0.586736 0)
(-0.904939 1.48645 0)
(-0.2835 2.10902 0)
(0.125449 2.01536 0)
(0.427321 1.47469 0)
(0.443097 1.04148 0)
(0.369041 0.794737 0)
(0.295922 0.648589 0)
(0.237022 0.55541 0)
(0.189858 0.493893 0)
(0.152369 0.451522 0)
(0.122089 0.421234 0)
(0.096956 0.399083 0)
(0.0754512 0.382756 0)
(0.0564703 0.370858 0)
(0.0391975 0.362532 0)
(0.023047 0.357272 0)
(0.00751742 0.350895 0)
(-1.47152 0.00773787 0)
(-1.56783 0.425651 0)
(-1.33289 1.05831 0)
(-0.826387 1.59222 0)
(-0.341137 1.61577 0)
(0.015614 1.31742 0)
(0.154307 1.02678 0)
(0.187476 0.822497 0)
(0.18128 0.684095 0)
(0.16145 0.589252 0)
(0.138391 0.523298 0)
(0.11618 0.476411 0)
(0.0959881 0.442399 0)
(0.0778655 0.417405 0)
(0.0615001 0.398989 0)
(0.0465039 0.385608 0)
(0.0324993 0.376274 0)
(0.0191826 0.370384 0)
(0.00626189 0.363545 0)
(-1.23584 0.163239 0)
(-1.30546 0.46508 0)
(-1.18471 0.848009 0)
(-0.858121 1.17189 0)
(-0.472173 1.23909 0)
(-0.181879 1.10312 0)
(-0.0235986 0.935012 0)
(0.051814 0.791894 0)
(0.0821865 0.68149 0)
(0.0901341 0.598161 0)
(0.0869028 0.536303 0)
(0.0786074 0.490278 0)
(0.0683028 0.455895 0)
(0.0573823 0.430164 0)
(0.0464495 0.41099 0)
(0.0357318 0.396969 0)
(0.0252584 0.387153 0)
(0.0150031 0.380947 0)
(0.00490153 0.373791 0)
(-1.03121 0.233216 0)
(-1.04418 0.458384 0)
(-0.949122 0.707599 0)
(-0.738886 0.905005 0)
(-0.482365 0.968854 0)
(-0.270191 0.920726 0)
(-0.128684 0.831294 0)
(-0.0429895 0.737933 0)
(0.00486999 0.656359 0)
(0.0292857 0.589177 0)
(0.0402215 0.536027 0)
(0.0430214 0.494355 0)
(0.0412947 0.462127 0)
(0.0369999 0.43742 0)
(0.0312761 0.41868 0)
(0.024783 0.40482 0)
(0.0178697 0.395038 0)
(0.0107144 0.388838 0)
(0.00348916 0.381506 0)
(-0.876749 0.255791 0)
(-0.861256 0.423008 0)
(-0.779978 0.595169 0)
(-0.635827 0.729611 0)
(-0.463323 0.788485 0)
(-0.307826 0.779849 0)
(-0.189371 0.735109 0)
(-0.106782 0.677633 0)
(-0.0528236 0.620208 0)
(-0.0191807 0.56921 0)
(0.000750511 0.526008 0)
(0.0114599 0.490581 0)
(0.0165657 0.462107 0)
(0.0178901 0.439703 0)
(0.0168037 0.422312 0)
(0.0142169 0.409273 0)
(0.0106997 0.399971 0)
(0.00650892 0.394097 0)
(0.00207283 0.386657 0)
(-0.756626 0.255611 0)
(-0.730668 0.383052 0)
(-0.663067 0.507683 0)
(-0.558401 0.606123 0)
(-0.435818 0.659323 0)
(-0.318963 0.669387 0)
(-0.221782 0.650956 0)
(-0.147386 0.618035 0)
(-0.0935908 0.580094 0)
(-0.0562136 0.543236 0)
(-0.031143 0.509736 0)
(-0.0149897 0.481079 0)
(-0.0048997 0.457157 0)
(0.000856982 0.437709 0)
(0.0036277 0.422337 0)
(0.00447262 0.410611 0)
(0.00404091 0.402137 0)
(0.00256087 0.396891 0)
(0.000718215 0.389318 0)
(-0.660594 0.244323 0)
(-0.631805 0.344487 0)
(-0.576081 0.439385 0)
(-0.496966 0.515687 0)
(-0.405732 0.563312 0)
(-0.315712 0.582201 0)
(-0.236295 0.579325 0)
(-0.171294 0.56292 0)
(-0.120814 0.539718 0)
(-0.0830839 0.514489 0)
(-0.0556848 0.489954 0)
(-0.0362664 0.467764 0)
(-0.0227958 0.448533 0)
(-0.013715 0.432365 0)
(-0.00779904 0.419355 0)
(-0.0041334 0.40924 0)
(-0.00189348 0.401842 0)
(-0.000988643 0.397407 0)
(-0.000515976 0.389695 0)
(-0.581996 0.228229 0)
(-0.553737 0.309419 0)
(-0.507543 0.384973 0)
(-0.445851 0.447046 0)
(-0.375577 0.489847 0)
(-0.304689 0.512714 0)
(-0.239545 0.519044 0)
(-0.183534 0.51369 0)
(-0.137675 0.501233 0)
(-0.101458 0.485292 0)
(-0.0735887 0.468388 0)
(-0.0525986 0.452117 0)
(-0.037032 0.437362 0)
(-0.0256259 0.424588 0)
(-0.0173633 0.413994 0)
(-0.0114328 0.405619 0)
(-0.00701398 0.399425 0)
(-0.00405895 0.396012 0)
(-0.00155064 0.387986 0)
(-0.516129 0.210653 0)
(-0.489869 0.278415 0)
(-0.451266 0.340878 0)
(-0.40195 0.393288 0)
(-0.346357 0.432108 0)
(-0.289468 0.456579 0)
(-0.235649 0.468386 0)
(-0.187651 0.470422 0)
(-0.146724 0.465743 0)
(-0.11298 0.457049 0)
(-0.0858438 0.446405 0)
(-0.0644506 0.43527 0)
(-0.0477923 0.424617 0)
(-0.0349276 0.415037 0)
(-0.0250177 0.406832 0)
(-0.0173729 0.400209 0)
(-0.0112436 0.395258 0)
(-0.0065812 0.392956 0)
(-0.00237845 0.384586 0)
(-0.4597 0.193305 0)
(-0.435979 0.251339 0)
(-0.403482 0.304623 0)
(-0.363297 0.350188 0)
(-0.318394 0.385764 0)
(-0.272016 0.410668 0)
(-0.227206 0.425733 0)
(-0.186115 0.432705 0)
(-0.149948 0.433635 0)
(-0.119101 0.430484 0)
(-0.0934143 0.424881 0)
(-0.0724063 0.418092 0)
(-0.0554128 0.411042 0)
(-0.0417769 0.404345 0)
(-0.0308245 0.398399 0)
(-0.0219689 0.393454 0)
(-0.0145713 0.389732 0)
(-0.00856013 0.388506 0)
(-0.00300343 0.379847 0)
(-0.410394 0.177025 0)
(-0.389306 0.227841 0)
(-0.36179 0.274471 0)
(-0.328576 0.315012 0)
(-0.291728 0.347945 0)
(-0.253436 0.372702 0)
(-0.215859 0.389688 0)
(-0.180651 0.399966 0)
(-0.148873 0.404919 0)
(-0.121022 0.405962 0)
(-0.097158 0.404364 0)
(-0.0770538 0.401173 0)
(-0.0602945 0.397208 0)
(-0.0464187 0.39305 0)
(-0.0349083 0.389151 0)
(-0.0252912 0.385763 0)
(-0.017026 0.383197 0)
(-0.0100162 0.382965 0)
(-0.00344624 0.374108 0)
(-0.366558 0.162183 0)
(-0.348003 0.207518 0)
(-0.324612 0.24918 0)
(-0.29688 0.28592 0)
(-0.266287 0.316685 0)
(-0.23436 0.341018 0)
(-0.202661 0.359102 0)
(-0.172456 0.371596 0)
(-0.144637 0.379432 0)
(-0.119705 0.383635 0)
(-0.0978342 0.385177 0)
(-0.0789528 0.38491 0)
(-0.062821 0.383533 0)
(-0.0491142 0.381579 0)
(-0.0374478 0.379479 0)
(-0.0274476 0.377494 0)
(-0.0186702 0.375981 0)
(-0.0109871 0.376633 0)
(-0.00372132 0.367672 0)
(-0.327 0.148905 0)
(-0.310799 0.189989 0)
(-0.290875 0.227841 0)
(-0.267567 0.261632 0)
(-0.241962 0.290602 0)
(-0.215155 0.314389 0)
(-0.188297 0.333062 0)
(-0.162359 0.347031 0)
(-0.138076 0.356933 0)
(-0.11591 0.363506 0)
(-0.0960789 0.367493 0)
(-0.0786045 0.369574 0)
(-0.0633608 0.370335 0)
(-0.0501297 0.370251 0)
(-0.0386307 0.369702 0)
(-0.0285642 0.368954 0)
(-0.0195816 0.368372 0)
(-0.0115181 0.369787 0)
(-0.0038492 0.360822 0)
(-0.29084 0.137189 0)
(-0.276796 0.174913 0)
(-0.259829 0.20978 0)
(-0.240169 0.24123 0)
(-0.218635 0.268701 0)
(-0.196031 0.291903 0)
(-0.173218 0.310846 0)
(-0.150946 0.325786 0)
(-0.129812 0.337161 0)
(-0.110224 0.345506 0)
(-0.0924085 0.351384 0)
(-0.0764366 0.355336 0)
(-0.0622554 0.357842 0)
(-0.0497246 0.359313 0)
(-0.038642 0.360084 0)
(-0.0287724 0.360404 0)
(-0.0198435 0.360628 0)
(-0.0116595 0.362664 0)
(-0.00385231 0.353818 0)
(-0.257419 0.126976 0)
(-0.245342 0.161999 0)
(-0.230927 0.194483 0)
(-0.214335 0.224042 0)
(-0.196194 0.25025 0)
(-0.177105 0.272872 0)
(-0.15772 0.291885 0)
(-0.138626 0.30745 0)
(-0.120304 0.319868 0)
(-0.103103 0.32953 0)
(-0.0872401 0.336863 0)
(-0.0728093 0.342291 0)
(-0.0598027 0.346207 0)
(-0.0481345 0.348958 0)
(-0.0376608 0.350833 0)
(-0.028201 0.352057 0)
(-0.0195423 0.352969 0)
(-0.0114646 0.355481 0)
(-0.00374932 0.346875 0)
(-0.226232 0.118178 0)
(-0.215946 0.151003 0)
(-0.203761 0.181557 0)
(-0.189794 0.209567 0)
(-0.174533 0.234702 0)
(-0.158436 0.256769 0)
(-0.142002 0.275729 0)
(-0.125692 0.291679 0)
(-0.109892 0.30483 0)
(-0.0948993 0.315465 0)
(-0.0809088 0.323908 0)
(-0.0680221 0.330492 0)
(-0.056258 0.335536 0)
(-0.0455678 0.339327 0)
(-0.0358509 0.342114 0)
(-0.0269706 0.344094 0)
(-0.0187618 0.34558 0)
(-0.0109855 0.348436 0)
(-0.00355765 0.340171 0)
(-0.196881 0.110701 0)
(-0.188228 0.141718 0)
(-0.178015 0.170693 0)
(-0.166332 0.197421 0)
(-0.15356 0.221641 0)
(-0.140051 0.243191 0)
(-0.126195 0.262022 0)
(-0.11235 0.278194 0)
(-0.0988315 0.291848 0)
(-0.0858843 0.303195 0)
(-0.0736812 0.312478 0)
(-0.0623214 0.31996 0)
(-0.0518376 0.325896 0)
(-0.0422062 0.330525 0)
(-0.0333581 0.334055 0)
(-0.0251914 0.336657 0)
(-0.0175802 0.338615 0)
(-0.0102695 0.3417 0)
(-0.00329294 0.333856 0)
(-0.169043 0.104451 0)
(-0.16189 0.133975 0)
(-0.153441 0.161648 0)
(-0.143776 0.18731 0)
(-0.133189 0.210747 0)
(-0.121957 0.231821 0)
(-0.110383 0.250483 0)
(-0.0987498 0.266761 0)
(-0.0873103 0.280754 0)
(-0.0762674 0.292613 0)
(-0.0657694 0.302527 0)
(-0.0559081 0.310698 0)
(-0.0467225 0.317333 0)
(-0.0382052 0.322626 0)
(-0.0303099 0.326754 0)
(-0.0229619 0.329862 0)
(-0.0160679 0.3322 0)
(-0.00935871 0.335414 0)
(-0.00296858 0.328054 0)
(-0.142454 0.0993473 0)
(-0.136688 0.127635 0)
(-0.129839 0.154233 0)
(-0.121981 0.179003 0)
(-0.113346 0.20177 0)
(-0.104147 0.222415 0)
(-0.0946224 0.240886 0)
(-0.0849962 0.257193 0)
(-0.0754699 0.271402 0)
(-0.0662098 0.283625 0)
(-0.0573411 0.294004 0)
(-0.0489455 0.302698 0)
(-0.0410631 0.309872 0)
(-0.0336967 0.315686 0)
(-0.0268164 0.320288 0)
(-0.0203683 0.323799 0)
(-0.0142873 0.326439 0)
(-0.0082903 0.329696 0)
(-0.00259627 0.322867 0)
(-0.116892 0.0953184 0)
(-0.112419 0.122585 0)
(-0.107041 0.148294 0)
(-0.100829 0.17232 0)
(-0.0939606 0.194515 0)
(-0.0866052 0.214776 0)
(-0.0789473 0.23305 0)
(-0.071164 0.249335 0)
(-0.0634153 0.263673 0)
(-0.0558358 0.276146 0)
(-0.0485289 0.286861 0)
(-0.0415654 0.295943 0)
(-0.0349835 0.303526 0)
(-0.0287917 0.309741 0)
(-0.0229718 0.314711 0)
(-0.0174854 0.31854 0)
(-0.0122929 0.321412 0)
(-0.00709699 0.32464 0)
(-0.00218654 0.318374 0)
(-0.0921699 0.0923154 0)
(-0.0889198 0.118744 0)
(-0.0849118 0.143719 0)
(-0.0802183 0.167126 0)
(-0.0749748 0.188837 0)
(-0.069314 0.208759 0)
(-0.0633794 0.226841 0)
(-0.0573088 0.24307 0)
(-0.051228 0.257474 0)
(-0.045244 0.270109 0)
(-0.0394408 0.281059 0)
(-0.0338775 0.290422 0)
(-0.0285885 0.298307 0)
(-0.0235852 0.304823 0)
(-0.0188575 0.310071 0)
(-0.0143789 0.314143 0)
(-0.0101331 0.317188 0)
(-0.00580819 0.320328 0)
(-0.00174884 0.314639 0)
(-0.0681112 0.0902747 0)
(-0.0660213 0.116017 0)
(-0.0633009 0.140391 0)
(-0.0600235 0.163285 0)
(-0.0562918 0.184589 0)
(-0.0522093 0.204217 0)
(-0.0478858 0.222118 0)
(-0.0434268 0.238274 0)
(-0.0389288 0.252698 0)
(-0.0344744 0.26543 0)
(-0.0301293 0.276536 0)
(-0.0259412 0.286095 0)
(-0.0219392 0.294195 0)
(-0.0181352 0.300927 0)
(-0.0145252 0.30638 0)
(-0.0110911 0.310631 0)
(-0.00783869 0.313801 0)
(-0.00444653 0.316799 0)
(-0.00129356 0.311697 0)
(-0.0449206 0.0892987 0)
(-0.0440016 0.114488 0)
(-0.0425412 0.138377 0)
(-0.0406185 0.160857 0)
(-0.0383142 0.181828 0)
(-0.0357109 0.201208 0)
(-0.032893 0.218946 0)
(-0.029941 0.235017 0)
(-0.0269278 0.249425 0)
(-0.0239159 0.262201 0)
(-0.0209556 0.273394 0)
(-0.018084 0.283071 0)
(-0.0153249 0.291305 0)
(-0.0126901 0.298177 0)
(-0.0101798 0.303764 0)
(-0.00778226 0.308134 0)
(-0.0055272 0.311386 0)
(-0.0030786 0.31423 0)
(-0.00083762 0.309632 0)
(-0.0179971 0.0892357 0)
(-0.0180547 0.113898 0)
(-0.0178035 0.137314 0)
(-0.0172854 0.159383 0)
(-0.0165364 0.180013 0)
(-0.0155978 0.199129 0)
(-0.0145133 0.216678 0)
(-0.0133253 0.232631 0)
(-0.012073 0.246984 0)
(-0.0107905 0.259757 0)
(-0.0095061 0.270989 0)
(-0.00824142 0.280734 0)
(-0.00701158 0.289056 0)
(-0.00582554 0.296023 0)
(-0.00468687 0.301703 0)
(-0.00358931 0.306161 0)
(-0.00256999 0.30946 0)
(-0.00139876 0.312072 0)
(-0.000342209 0.308094 0)
)
;

boundaryField
{
    leftWall
    {
        type            noSlip;
    }
    rightWall
    {
        type            noSlip;
    }
    lowerWall
    {
        type            noSlip;
    }
    atmosphere
    {
        type            pressureInletOutletVelocity;
        value           nonuniform List<vector> 
46
(
(0 -0.364178 0)
(0 -0.364944 0)
(0 -0.36147 0)
(0 -0.356106 0)
(0 -0.348853 0)
(0 -0.339781 0)
(0 -0.328945 0)
(0 -0.316405 0)
(0 -0.302221 0)
(0 -0.286463 0)
(0 -0.269208 0)
(0 -0.25054 0)
(0 -0.23055 0)
(0 -0.209335 0)
(0 -0.186996 0)
(0 -0.163634 0)
(0 -0.139346 0)
(0 -0.114213 0)
(0 -0.0882792 0)
(0 -0.061579 0)
(0 -0.0343403 0)
(0 -0.0076267 0)
(-0.016587 0.0182782 0)
(-0.0171035 0.0368272 0)
(-0.0173767 0.0484275 0)
(-0.0176044 0.059821 0)
(-0.0177817 0.0710297 0)
(-0.0179971 0.0892357 0)
(-0.0180547 0.113898 0)
(-0.0178035 0.137314 0)
(-0.0172854 0.159383 0)
(-0.0165364 0.180013 0)
(-0.0155978 0.199129 0)
(-0.0145133 0.216678 0)
(-0.0133253 0.232631 0)
(-0.012073 0.246984 0)
(-0.0107905 0.259757 0)
(-0.0095061 0.270989 0)
(-0.00824142 0.280734 0)
(-0.00701158 0.289056 0)
(-0.00582554 0.296023 0)
(-0.00468687 0.301703 0)
(-0.00358931 0.306161 0)
(-0.00256999 0.30946 0)
(-0.00139876 0.312072 0)
(-0.000342209 0.308094 0)
)
;
    }
    defaultFaces
    {
        type            empty;
    }
}


// ************************************************************************* //
