/*--------------------------------*- C++ -*----------------------------------*\
  =========                 |
  \\      /  F ield         | OpenFOAM: The Open Source CFD Toolbox
   \\    /   O peration     | Website:  https://openfoam.org
    \\  /    A nd           | Version:  13
     \\/     M anipulation  |
\*---------------------------------------------------------------------------*/
FoamFile
{
    format      ascii;
    class       surfaceScalarField;
    location    "0.05";
    object      phi;
}
// * * * * * * * * * * * * * * * * * * * * * * * * * * * * * * * * * * * * * //

dimensions      [0 3 -1 0 0 0 0];

internalField   nonuniform List<scalar> 
4432
(
3.19236e-06
-3.19236e-06
6.58345e-06
-3.39102e-06
1.00014e-05
-3.41794e-06
1.35629e-05
-3.56159e-06
1.73422e-05
-3.77928e-06
2.14211e-05
-4.07893e-06
2.5908e-05
-4.48692e-06
3.09522e-05
-5.04409e-06
3.67785e-05
-5.82633e-06
4.36761e-05
-6.89751e-06
5.24456e-05
-8.7695e-06
6.31054e-05
-1.06598e-05
7.69934e-05
-1.3888e-05
9.43707e-05
-1.73773e-05
0.000110463
-1.60925e-05
0.000110943
-4.79437e-07
0.000101106
9.83679e-06
7.92744e-05
2.18317e-05
5.54376e-05
2.38374e-05
3.79624e-05
1.74736e-05
2.42148e-05
1.37467e-05
1.1948e-05
1.22672e-05
1.19479e-05
3.18887e-06
-6.38125e-06
6.57234e-06
-6.77446e-06
9.98326e-06
-6.82887e-06
1.35355e-05
-7.11381e-06
1.73016e-05
-7.54545e-06
2.1362e-05
-8.13927e-06
2.58217e-05
-8.94657e-06
3.08259e-05
-1.00483e-05
3.65765e-05
-1.15768e-05
4.34039e-05
-1.37249e-05
5.17848e-05
-1.71505e-05
6.19775e-05
-2.08525e-05
7.60682e-05
-2.79788e-05
9.44412e-05
-3.57503e-05
0.000115365
-3.70163e-05
0.000133879
-1.89936e-05
0.00012909
1.46258e-05
0.000101065
4.9857e-05
6.78641e-05
5.70372e-05
4.35692e-05
4.17681e-05
2.7141e-05
3.0174e-05
1.34588e-05
2.59495e-05
2.54064e-05
3.1712e-06
-9.55247e-06
6.53055e-06
-1.01338e-05
9.91681e-06
-1.02151e-05
1.34399e-05
-1.06369e-05
1.71693e-05
-1.12749e-05
2.11812e-05
-1.21511e-05
2.55738e-05
-1.33391e-05
3.04805e-05
-1.4955e-05
3.60787e-05
-1.7175e-05
4.26738e-05
-2.032e-05
5.05779e-05
-2.50546e-05
6.04523e-05
-3.07269e-05
7.54587e-05
-4.29851e-05
9.36262e-05
-5.39177e-05
0.000103457
-4.68467e-05
0.000110612
-2.61498e-05
0.000101245
2.3993e-05
7.66119e-05
7.44895e-05
5.418e-05
7.94673e-05
3.80669e-05
5.78812e-05
2.51226e-05
4.31183e-05
1.28587e-05
3.82126e-05
3.8265e-05
3.14422e-06
-1.26967e-05
6.46806e-06
-1.34577e-05
9.8175e-06
-1.35645e-05
1.32973e-05
-1.41166e-05
1.69725e-05
-1.49501e-05
2.09131e-05
-1.60918e-05
2.52077e-05
-1.76337e-05
2.99728e-05
-1.97201e-05
3.53582e-05
-2.25604e-05
4.16125e-05
-2.65743e-05
4.89392e-05
-3.23813e-05
5.78866e-05
-3.96743e-05
7.0905e-05
-5.60035e-05
8.53248e-05
-6.83376e-05
9.08743e-05
-5.23963e-05
8.33463e-05
-1.86214e-05
6.48381e-05
4.25006e-05
4.91694e-05
9.01576e-05
4.12508e-05
8.73865e-05
3.31985e-05
6.59335e-05
2.349e-05
5.28257e-05
1.26006e-05
4.91012e-05
5.08659e-05
3.10827e-06
-1.5805e-05
6.38565e-06
-1.67351e-05
9.68675e-06
-1.68656e-05
1.311e-05
-1.75398e-05
1.67147e-05
-1.85549e-05
2.05636e-05
-1.99407e-05
2.47332e-05
-2.18033e-05
2.93204e-05
-2.43074e-05
3.44419e-05
-2.76819e-05
4.02823e-05
-3.24148e-05
4.69245e-05
-3.90235e-05
5.47991e-05
-4.75489e-05
6.51168e-05
-6.63212e-05
7.54034e-05
-7.86241e-05
7.71213e-05
-5.41145e-05
5.90711e-05
-5.71908e-07
3.90161e-05
6.25559e-05
3.37601e-05
9.5414e-05
3.3968e-05
8.71782e-05
2.99149e-05
6.99854e-05
2.2453e-05
6.02872e-05
1.27929e-05
5.87609e-05
6.36589e-05
3.06378e-06
-1.88687e-05
6.28452e-06
-1.99559e-05
9.5266e-06
-2.01076e-05
1.28811e-05
-2.08944e-05
1.64011e-05
-2.20748e-05
2.01406e-05
-2.36802e-05
2.41631e-05
-2.58258e-05
2.85445e-05
-2.86888e-05
3.33642e-05
-3.25016e-05
3.87484e-05
-3.7799e-05
4.46494e-05
-4.49245e-05
5.14131e-05
-5.43125e-05
5.9498e-05
-7.44061e-05
6.65397e-05
-8.56658e-05
6.24207e-05
-4.99954e-05
4.03931e-05
2.14558e-05
2.60743e-05
7.6875e-05
2.76152e-05
9.38722e-05
3.01157e-05
8.46765e-05
2.77344e-05
7.23664e-05
2.19984e-05
6.60234e-05
1.35829e-05
6.71753e-05
7.72418e-05
3.01174e-06
-2.18804e-05
6.16657e-06
-2.31107e-05
9.34033e-06
-2.32814e-05
1.26159e-05
-2.417e-05
1.60391e-05
-2.54981e-05
1.96555e-05
-2.72965e-05
2.35149e-05
-2.96852e-05
2.76723e-05
-3.28462e-05
3.21726e-05
-3.7002e-05
3.70854e-05
-4.27119e-05
4.2223e-05
-5.00621e-05
4.78616e-05
-5.99511e-05
5.41353e-05
-8.06798e-05
5.87306e-05
-9.0261e-05
4.87102e-05
-3.99749e-05
2.82557e-05
4.19102e-05
2.1401e-05
8.37292e-05
2.52677e-05
9.0005e-05
2.77261e-05
8.22177e-05
2.63393e-05
7.37531e-05
2.22177e-05
7.01449e-05
1.54676e-05
7.39243e-05
9.27092e-05
2.95379e-06
-2.48342e-05
6.03343e-06
-2.61904e-05
9.13121e-06
-2.63792e-05
1.23196e-05
-2.73584e-05
1.56374e-05
-2.88158e-05
1.91211e-05
-3.07802e-05
2.28082e-05
-3.33723e-05
2.67342e-05
-3.67723e-05
3.09191e-05
-4.11869e-05
3.54048e-05
-4.71976e-05
3.97754e-05
-5.44326e-05
4.42836e-05
-6.44594e-05
4.87845e-05
-8.51807e-05
5.09399e-05
-9.24163e-05
3.7756e-05
-2.67913e-05
2.20281e-05
5.76377e-05
2.02855e-05
8.54719e-05
2.40229e-05
8.62671e-05
2.60704e-05
8.017e-05
2.55491e-05
7.42738e-05
2.30748e-05
7.26187e-05
1.74627e-05
7.95355e-05
0.000110172
2.75413e-06
-2.75413e-06
5.08866e-06
-2.33455e-06
6.55238e-06
-1.46353e-06
7.28068e-06
-7.28245e-07
7.48075e-06
-2.00129e-07
7.33643e-06
1.44345e-07
6.98017e-06
3.56315e-07
6.50018e-06
4.80084e-07
5.95001e-06
5.50167e-07
5.36321e-06
5.87076e-07
4.75918e-06
6.04163e-07
4.15002e-06
6.0944e-07
3.54187e-06
6.08223e-07
2.93867e-06
6.03387e-07
2.3408e-06
5.97589e-07
1.74927e-06
5.916e-07
1.16218e-06
5.8671e-07
5.79597e-07
5.8272e-07
5.79283e-07
2.89148e-06
-5.64537e-06
5.32993e-06
-4.773e-06
6.8159e-06
-2.94944e-06
7.52892e-06
-1.44116e-06
7.70923e-06
-3.80411e-07
7.55247e-06
3.01189e-07
7.1848e-06
7.24078e-07
6.69024e-06
9.74999e-07
6.12332e-06
1.11733e-06
5.51874e-06
1.19238e-06
4.89648e-06
1.22665e-06
4.26914e-06
1.23699e-06
3.64296e-06
1.2341e-06
3.02222e-06
1.22442e-06
2.40706e-06
1.21222e-06
1.79864e-06
1.20014e-06
1.19482e-06
1.18999e-06
5.95533e-07
1.18268e-06
1.17457e-06
3.06563e-06
-8.71081e-06
5.61971e-06
-7.327e-06
7.07942e-06
-4.40913e-06
7.72034e-06
-2.08196e-06
7.83165e-06
-4.91622e-07
7.62058e-06
5.12367e-07
7.21568e-06
1.12929e-06
6.69891e-06
1.49246e-06
6.11961e-06
1.69684e-06
5.50863e-06
1.80368e-06
4.88366e-06
1.85165e-06
4.25584e-06
1.86515e-06
3.63042e-06
1.85939e-06
3.01117e-06
1.84394e-06
2.39792e-06
1.82487e-06
1.79166e-06
1.80646e-06
1.19011e-06
1.79103e-06
5.93216e-07
1.78019e-06
1.76757e-06
3.343e-06
-1.20537e-05
6.08335e-06
-1.00672e-05
7.48778e-06
-5.81355e-06
8.00758e-06
-2.60165e-06
8.01515e-06
-4.98999e-07
7.73218e-06
7.95554e-07
7.28049e-06
1.58115e-06
6.73459e-06
2.03878e-06
6.13764e-06
2.29393e-06
5.51615e-06
2.42559e-06
4.88513e-06
2.48283e-06
4.25402e-06
2.49657e-06
3.62702e-06
2.48609e-06
3.00726e-06
2.46381e-06
2.39424e-06
2.43739e-06
1.78863e-06
2.41227e-06
1.18799e-06
2.39126e-06
5.92117e-07
2.37656e-06
2.35948e-06
3.73305e-06
-1.57866e-05
6.75476e-06
-1.30888e-05
8.05389e-06
-7.11274e-06
8.39011e-06
-2.93782e-06
8.25255e-06
-3.61403e-07
7.87485e-06
1.17333e-06
7.3631e-06
2.09293e-06
6.78029e-06
2.62193e-06
6.16099e-06
2.9134e-06
5.52612e-06
3.06082e-06
4.88733e-06
3.12168e-06
4.25195e-06
3.13213e-06
3.62288e-06
3.11478e-06
3.00241e-06
3.08438e-06
2.38966e-06
3.0498e-06
1.78481e-06
3.01739e-06
1.18533e-06
2.99039e-06
5.90701e-07
2.97155e-06
2.94999e-06
4.1964e-06
-1.9983e-05
7.6717e-06
-1.6564e-05
8.79022e-06
-8.23142e-06
8.8605e-06
-3.0081e-06
8.53722e-06
-3.81165e-08
8.04208e-06
1.66857e-06
7.45884e-06
2.67622e-06
6.83266e-06
3.24847e-06
6.18725e-06
3.55897e-06
5.53679e-06
3.71149e-06
4.88897e-06
3.76937e-06
4.24864e-06
3.77251e-06
3.61727e-06
3.74583e-06
2.99609e-06
3.70571e-06
2.38376e-06
3.66191e-06
1.77991e-06
3.62146e-06
1.18191e-06
3.58804e-06
5.88889e-07
3.56481e-06
3.53872e-06
5.33668e-06
-2.53198e-05
9.01402e-06
-2.02412e-05
9.71195e-06
-8.92927e-06
9.40462e-06
-2.70074e-06
8.85812e-06
5.0853e-07
8.2255e-06
2.3015e-06
7.5625e-06
3.33946e-06
6.88855e-06
3.92288e-06
6.2145e-06
4.23324e-06
5.54697e-06
4.37915e-06
4.88931e-06
4.42685e-06
4.24365e-06
4.41822e-06
3.6099e-06
4.37937e-06
2.98811e-06
4.32766e-06
2.3764e-06
4.27341e-06
1.77384e-06
4.22416e-06
1.1777e-06
4.18386e-06
5.86673e-07
4.15599e-06
4.12529e-06
1.06355e-05
-3.59554e-05
1.15373e-05
-2.11429e-05
1.08543e-05
-8.24636e-06
1.00023e-05
-1.8488e-06
9.19075e-06
1.3202e-06
8.41525e-06
3.07726e-06
7.66883e-06
4.08611e-06
6.94504e-06
4.64702e-06
6.24104e-06
4.93741e-06
5.55566e-06
5.06462e-06
4.88775e-06
5.09464e-06
4.23661e-06
5.06947e-06
3.60052e-06
5.01539e-06
2.97826e-06
4.95003e-06
2.36746e-06
4.88404e-06
1.76652e-06
4.82516e-06
1.17264e-06
4.77752e-06
5.84036e-07
4.74469e-06
4.70932e-06
6.0575e-06
-3.08917e-05
1.23366e-05
-3.24695e-05
1.86426e-05
-3.26853e-05
2.51044e-05
-3.38202e-05
3.17802e-05
-3.54916e-05
3.87203e-05
-3.77203e-05
4.59686e-05
-4.06206e-05
5.3547e-05
-4.43506e-05
6.14653e-05
-4.91052e-05
6.95199e-05
-5.52522e-05
7.78838e-05
-6.27966e-05
8.56719e-05
-7.22474e-05
9.17904e-05
-9.12993e-05
9.05876e-05
-9.12134e-05
5.79352e-05
5.8606e-06
4.10557e-05
7.45175e-05
4.26397e-05
8.38881e-05
4.81687e-05
8.07377e-05
5.1936e-05
7.64025e-05
5.3716e-05
7.24932e-05
5.59399e-05
7.03944e-05
6.49485e-05
7.05263e-05
7.30076e-05
0.000102113
5.70187e-06
-3.65936e-05
1.15553e-05
-3.83229e-05
1.74241e-05
-3.85541e-05
2.33949e-05
-3.9791e-05
2.94963e-05
-4.1593e-05
3.57455e-05
-4.39695e-05
4.21431e-05
-4.70183e-05
4.86592e-05
-5.08667e-05
5.52191e-05
-5.56651e-05
6.16288e-05
-6.16619e-05
6.7676e-05
-6.88438e-05
7.28641e-05
-7.74355e-05
7.6117e-05
-9.45523e-05
6.83157e-05
-8.34122e-05
4.24446e-05
3.17319e-05
3.72464e-05
7.97151e-05
4.0347e-05
8.07869e-05
4.45833e-05
7.65008e-05
4.84718e-05
7.25133e-05
5.24509e-05
6.8513e-05
5.83575e-05
6.44876e-05
6.87995e-05
6.00842e-05
5.56139e-05
8.61933e-05
5.30928e-06
-4.19029e-05
1.0703e-05
-4.37166e-05
1.61029e-05
-4.3954e-05
2.15569e-05
-4.52451e-05
2.7069e-05
-4.7105e-05
3.26315e-05
-4.9532e-05
3.82163e-05
-5.26031e-05
4.37619e-05
-5.64123e-05
4.91586e-05
-6.10618e-05
5.42103e-05
-6.67136e-05
5.86427e-05
-7.32762e-05
6.21095e-05
-8.09022e-05
6.38617e-05
-9.63044e-05
5.00822e-05
-6.96328e-05
3.25742e-05
4.92397e-05
3.30503e-05
7.92387e-05
3.70157e-05
7.68211e-05
4.09164e-05
7.25993e-05
4.46434e-05
6.87856e-05
4.84563e-05
6.46997e-05
5.27464e-05
6.01975e-05
5.79007e-05
5.49298e-05
4.81216e-05
6.5393e-05
4.89339e-06
-4.67962e-05
9.81207e-06
-4.86352e-05
1.47304e-05
-4.88724e-05
1.96627e-05
-5.01774e-05
2.45945e-05
-5.20369e-05
2.95016e-05
-5.44392e-05
3.43389e-05
-5.74403e-05
3.90307e-05
-6.1104e-05
4.34599e-05
-6.54911e-05
4.74447e-05
-7.06984e-05
5.07493e-05
-7.65808e-05
5.31352e-05
-8.32881e-05
5.41047e-05
-9.72738e-05
3.64326e-05
-5.19615e-05
2.72208e-05
5.84513e-05
2.9796e-05
7.66632e-05
3.36676e-05
7.29487e-05
3.71722e-05
6.9094e-05
4.04735e-05
6.54838e-05
4.36706e-05
6.15025e-05
4.6852e-05
5.70163e-05
5.00352e-05
5.17464e-05
4.52759e-05
5.28813e-05
4.46723e-06
-5.12635e-05
8.91065e-06
-5.30787e-05
1.33498e-05
-5.33116e-05
1.77716e-05
-5.45991e-05
2.21494e-05
-5.64147e-05
2.64488e-05
-5.87386e-05
3.06173e-05
-6.16088e-05
3.45768e-05
-6.50635e-05
3.82178e-05
-6.9132e-05
4.13853e-05
-7.38659e-05
4.38986e-05
-7.90942e-05
4.5607e-05
-8.49965e-05
4.61663e-05
-9.78331e-05
2.82781e-05
-3.40735e-05
2.3725e-05
6.30042e-05
2.69346e-05
7.34532e-05
3.04381e-05
6.94443e-05
3.35396e-05
6.59915e-05
3.64059e-05
6.2617e-05
3.90588e-05
5.88493e-05
4.14742e-05
5.46013e-05
4.3471e-05
4.97493e-05
4.41849e-05
4.45618e-05
4.04156e-06
-5.5305e-05
8.02086e-06
-5.7058e-05
1.19945e-05
-5.72852e-05
1.59279e-05
-5.85325e-05
1.97872e-05
-6.0274e-05
2.35337e-05
-6.24851e-05
2.71133e-05
-6.51885e-05
3.04526e-05
-6.84028e-05
3.34561e-05
-7.21355e-05
3.59982e-05
-7.64079e-05
3.7947e-05
-8.1043e-05
3.9209e-05
-8.62585e-05
3.95244e-05
-9.81484e-05
2.27026e-05
-1.72521e-05
2.08179e-05
6.4889e-05
2.42008e-05
7.00702e-05
2.73713e-05
6.62728e-05
3.01177e-05
6.32443e-05
3.25768e-05
6.01579e-05
3.4739e-05
5.66874e-05
3.6541e-05
5.27996e-05
3.78256e-05
4.8464e-05
4.36828e-05
3.83273e-05
3.62479e-06
-5.89299e-05
7.15891e-06
-6.05921e-05
1.06878e-05
-6.0814e-05
1.41613e-05
-6.20061e-05
1.75424e-05
-6.36551e-05
2.07913e-05
-6.5734e-05
2.38565e-05
-6.82537e-05
2.66727e-05
-7.1219e-05
2.91597e-05
-7.46225e-05
3.12188e-05
-7.8467e-05
3.27563e-05
-8.25806e-05
3.37163e-05
-8.72185e-05
3.38937e-05
-9.83259e-05
1.80021e-05
-1.36032e-06
1.82789e-05
6.46124e-05
2.16972e-05
6.66512e-05
2.45674e-05
6.34019e-05
2.69776e-05
6.08342e-05
2.90561e-05
5.80798e-05
3.07963e-05
5.49471e-05
3.21479e-05
5.14476e-05
3.30118e-05
4.75991e-05
4.34542e-05
3.324e-05
3.22295e-06
-6.21528e-05
6.33562e-06
-6.37048e-05
9.44489e-06
-6.39233e-05
1.24901e-05
-6.50513e-05
1.54338e-05
-6.65987e-05
1.82376e-05
-6.85378e-05
2.08546e-05
-7.08708e-05
2.32285e-05
-7.35928e-05
2.52937e-05
-7.66878e-05
2.69736e-05
-8.01469e-05
2.82028e-05
-8.38098e-05
2.89464e-05
-8.79621e-05
2.9018e-05
-9.83974e-05
1.5237e-05
1.24209e-05
1.65262e-05
6.33234e-05
1.96423e-05
6.35348e-05
2.21299e-05
6.09144e-05
2.41759e-05
5.87887e-05
2.58846e-05
5.63715e-05
2.72567e-05
5.35746e-05
2.82627e-05
5.04412e-05
2.88449e-05
4.70165e-05
4.33747e-05
2.89241e-05
2.83992e-06
-6.49927e-05
5.5572e-06
-6.64221e-05
8.27395e-06
-6.664e-05
1.0923e-05
-6.77004e-05
1.34685e-05
-6.91441e-05
1.58748e-05
-7.0944e-05
1.81005e-05
-7.30966e-05
2.00981e-05
-7.55904e-05
2.18148e-05
-7.84045e-05
2.31914e-05
-8.15235e-05
2.41828e-05
-8.48012e-05
2.47661e-05
-8.85453e-05
2.47512e-05
-9.83823e-05
1.39873e-05
2.31848e-05
1.55419e-05
6.17692e-05
1.80751e-05
6.10016e-05
2.00819e-05
5.8908e-05
2.17221e-05
5.71488e-05
2.30579e-05
5.50354e-05
2.40918e-05
5.254e-05
2.48092e-05
4.97233e-05
2.51807e-05
4.66453e-05
4.33881e-05
2.51669e-05
2.47776e-06
-6.74705e-05
4.82618e-06
-6.87705e-05
7.17763e-06
-6.89914e-05
9.46163e-06
-6.99844e-05
1.16449e-05
-7.13274e-05
1.36957e-05
-7.29948e-05
1.5578e-05
-7.49789e-05
1.72525e-05
-7.72648e-05
1.86772e-05
-7.98292e-05
1.98068e-05
-8.26531e-05
2.06104e-05
-8.56047e-05
2.10715e-05
-8.90064e-05
2.09782e-05
-9.82889e-05
1.37982e-05
3.03646e-05
1.50077e-05
6.05596e-05
1.68703e-05
5.91389e-05
1.83673e-05
5.74111e-05
1.95805e-05
5.59354e-05
2.05388e-05
5.40767e-05
2.1248e-05
5.18302e-05
2.17062e-05
4.92645e-05
2.19009e-05
4.64505e-05
4.34749e-05
2.18142e-05
2.1372e-06
-6.96077e-05
4.14247e-06
-7.07758e-05
6.15475e-06
-7.10037e-05
8.1028e-06
-7.19325e-05
9.95639e-06
-7.31809e-05
1.16878e-05
-7.47263e-05
1.32665e-05
-7.65576e-05
1.46601e-05
-7.86584e-05
1.58357e-05
-8.10048e-05
1.67586e-05
-8.3576e-05
1.74111e-05
-8.62572e-05
1.77789e-05
-8.93743e-05
1.76093e-05
-9.81193e-05
1.33728e-05
3.46009e-05
1.44543e-05
5.94774e-05
1.58534e-05
5.77394e-05
1.69066e-05
5.63579e-05
1.76973e-05
5.51444e-05
1.82723e-05
5.35014e-05
1.86585e-05
5.14437e-05
1.88696e-05
4.90533e-05
1.89031e-05
4.64172e-05
4.36283e-05
1.875e-05
1.818e-06
-7.14257e-05
3.50428e-06
-7.2462e-05
5.2018e-06
-7.27012e-05
6.84058e-06
-7.35712e-05
8.39332e-06
-7.47337e-05
9.83642e-06
-7.61694e-05
1.11441e-05
-7.78653e-05
1.22901e-05
-7.98043e-05
1.32482e-05
-8.19628e-05
1.39903e-05
-8.43182e-05
1.45134e-05
-8.67802e-05
1.48034e-05
-8.96643e-05
1.45246e-05
-9.78405e-05
1.24319e-05
3.66931e-05
1.38646e-05
5.80443e-05
1.50245e-05
5.65795e-05
1.56819e-05
5.57004e-05
1.60316e-05
5.47943e-05
1.61977e-05
5.33354e-05
1.62478e-05
5.13937e-05
1.62127e-05
4.90884e-05
1.60938e-05
4.65359e-05
4.38421e-05
1.58801e-05
1.51828e-06
-7.29439e-05
2.90762e-06
-7.38513e-05
4.31256e-06
-7.41062e-05
5.66493e-06
-7.49236e-05
6.94108e-06
-7.60099e-05
8.12094e-06
-7.73492e-05
9.18363e-06
-7.8928e-05
1.01089e-05
-8.07297e-05
1.08758e-05
-8.27297e-05
1.14617e-05
-8.49039e-05
1.18723e-05
-8.71909e-05
1.20565e-05
-8.98486e-05
1.18537e-05
-9.76373e-05
1.18921e-05
3.6654e-05
1.36994e-05
5.62376e-05
1.45911e-05
5.56882e-05
1.47477e-05
5.5544e-05
1.45556e-05
5.49861e-05
1.42444e-05
5.36468e-05
1.39266e-05
5.17115e-05
1.3641e-05
4.93742e-05
1.33802e-05
4.67966e-05
4.41032e-05
1.31188e-05
1.23756e-06
-7.41815e-05
2.34756e-06
-7.49613e-05
3.47838e-06
-7.5237e-05
4.5628e-06
-7.6008e-05
5.58194e-06
-7.7029e-05
6.51846e-06
-7.82858e-05
7.35527e-06
-7.97648e-05
8.07779e-06
-8.14521e-05
8.66999e-06
-8.3322e-05
9.12926e-06
-8.53632e-05
9.49167e-06
-8.75533e-05
9.44907e-06
-8.9806e-05
1.10906e-05
-9.92786e-05
1.27325e-05
3.50121e-05
1.46199e-05
5.43507e-05
1.48465e-05
5.54619e-05
1.41611e-05
5.62296e-05
1.32085e-05
5.59387e-05
1.23029e-05
5.45525e-05
1.15767e-05
5.24376e-05
1.1044e-05
4.99071e-05
1.06653e-05
4.71754e-05
4.43836e-05
1.03846e-05
9.80069e-07
-7.51615e-05
1.82614e-06
-7.58074e-05
2.70307e-06
-7.61139e-05
3.54181e-06
-7.68468e-05
4.3281e-06
-7.78153e-05
5.04618e-06
-7.90038e-05
5.68047e-06
-8.03991e-05
6.21485e-06
-8.19865e-05
6.62371e-06
-8.37308e-05
6.89165e-06
-8.56312e-05
7.15581e-06
-8.78175e-05
6.47115e-06
-8.91215e-05
9.25783e-06
-0.000102065
1.5634e-05
2.86364e-05
1.73694e-05
5.26156e-05
1.59858e-05
5.68455e-05
1.38682e-05
5.83472e-05
1.18308e-05
5.79761e-05
1.01962e-05
5.61874e-05
9.04149e-06
5.35924e-05
8.29576e-06
5.06531e-05
7.85077e-06
4.76205e-05
4.46323e-05
7.60217e-06
7.41853e-07
-7.59034e-05
1.36469e-06
-7.64302e-05
2.02782e-06
-7.67771e-05
2.65775e-06
-7.74767e-05
3.246e-06
-7.84036e-05
3.78242e-06
-7.95402e-05
4.25518e-06
-8.08719e-05
4.64285e-06
-8.23742e-05
4.91523e-06
-8.40031e-05
4.91163e-06
-8.56275e-05
4.52988e-06
-8.74357e-05
1.82448e-06
-8.64161e-05
-3.14599e-06
-9.70948e-05
1.96925e-05
5.79812e-06
2.2336e-05
4.99722e-05
1.80035e-05
6.11778e-05
1.35978e-05
6.27531e-05
1.00932e-05
6.14808e-05
7.64163e-06
5.86392e-05
6.11132e-06
5.5123e-05
5.24846e-06
5.15161e-05
4.83668e-06
4.80325e-05
4.47641e-05
4.70502e-06
5.54146e-07
-7.64576e-05
9.96549e-07
-7.68726e-05
1.47172e-06
-7.72522e-05
1.92974e-06
-7.79348e-05
2.35503e-06
-7.88289e-05
2.73746e-06
-7.99226e-05
3.06376e-06
-8.11981e-05
3.31393e-06
-8.26244e-05
3.51641e-06
-8.42057e-05
3.57515e-06
-8.56862e-05
3.20749e-06
-8.7068e-05
7.70056e-06
-9.09091e-05
5.14511e-07
-8.99087e-05
3.33576e-05
-2.70449e-05
3.1718e-05
5.16114e-05
2.05501e-05
7.23459e-05
1.2667e-05
7.06368e-05
7.38129e-06
6.67667e-05
4.20059e-06
6.18203e-05
2.52481e-06
5.6799e-05
1.75207e-06
5.22889e-05
1.53979e-06
4.82449e-05
4.46567e-05
1.64731e-06
2.79885e-07
-7.67375e-05
4.81563e-07
-7.70743e-05
7.16827e-07
-7.74875e-05
9.2891e-07
-7.81468e-05
1.11123e-06
-7.90112e-05
1.25103e-06
-8.00625e-05
1.33114e-06
-8.12782e-05
1.36184e-06
-8.2655e-05
1.29177e-06
-8.41356e-05
2.36032e-06
-8.67548e-05
4.50256e-06
-8.92103e-05
2.84317e-05
-0.000114838
4.35458e-05
-0.000105023
6.65273e-05
-5.00263e-05
4.28425e-05
7.52963e-05
2.23775e-05
9.28109e-05
9.47226e-06
8.35425e-05
2.68766e-06
7.35517e-05
-5.36673e-07
6.5045e-05
-1.98406e-06
5.82468e-05
-2.32333e-06
5.26284e-05
-2.08953e-06
4.80113e-05
4.41494e-05
-1.58214e-06
-5.41518e-07
-7.61961e-05
-1.38162e-06
-7.62344e-05
-2.038e-06
-7.68312e-05
-2.78318e-06
-7.74017e-05
-3.55308e-06
-7.82414e-05
-4.33753e-06
-7.92782e-05
-5.01393e-06
-8.06021e-05
-5.2765e-06
-8.23924e-05
-5.67868e-06
-8.37337e-05
-1.37335e-06
-9.10604e-05
1.69124e-05
-0.000107496
2.97004e-05
-0.000127626
8.25091e-05
-0.000157832
5.95348e-05
-2.7052e-05
5.94348e-05
7.53966e-05
2.40888e-05
0.000128157
2.35897e-06
0.000105273
-5.1196e-06
8.10305e-05
-7.48386e-06
6.74094e-05
-7.67577e-06
5.8439e-05
-7.01185e-06
5.19649e-05
-6.01588e-06
4.70155e-05
4.30637e-05
-4.93007e-06
-3.23566e-06
-7.29606e-05
-6.65595e-06
-7.28147e-05
-1.01456e-05
-7.33401e-05
-1.36271e-05
-7.39189e-05
-1.71141e-05
-7.47551e-05
-2.04436e-05
-7.59494e-05
-2.32847e-05
-7.77626e-05
-2.52741e-05
-8.04029e-05
-2.39503e-05
-8.50579e-05
-1.75389e-05
-9.7472e-05
-4.72761e-06
-0.000120308
2.20848e-06
-0.000134562
6.4503e-06
-0.000162074
-2.45e-06
-1.81517e-05
-2.64374e-05
9.93842e-05
-2.64202e-05
0.00012814
-2.14563e-05
0.000100309
-1.89802e-05
7.85545e-05
-1.66471e-05
6.50764e-05
-1.43003e-05
5.60925e-05
-1.2081e-05
4.97458e-05
-1.00616e-05
4.49963e-05
4.12686e-05
-8.26658e-06
-3.60887e-06
-6.93508e-05
-6.76844e-06
-6.96581e-05
-1.02083e-05
-6.99023e-05
-1.37737e-05
-7.03534e-05
-1.75177e-05
-7.10103e-05
-2.14859e-05
-7.19802e-05
-2.58538e-05
-7.33945e-05
-3.07682e-05
-7.54885e-05
-3.63604e-05
-7.94655e-05
-4.8312e-05
-8.55203e-05
-7.52211e-05
-9.33982e-05
-9.91841e-05
-0.000110599
-0.000158835
-0.000102422
-0.000157786
-1.92011e-05
-0.000119322
6.09212e-05
-7.38909e-05
8.27089e-05
-4.78563e-05
7.42746e-05
-3.43984e-05
6.50968e-05
-2.63664e-05
5.70447e-05
-2.09777e-05
5.07041e-05
-1.70114e-05
4.57796e-05
-1.39074e-05
4.18923e-05
3.87512e-05
-1.13903e-05
-3.57929e-06
-6.57697e-05
-7.1153e-06
-6.61221e-05
-1.0753e-05
-6.62653e-05
-1.45775e-05
-6.65303e-05
-1.86587e-05
-6.693e-05
-2.31325e-05
-6.75079e-05
-2.82168e-05
-6.83102e-05
-3.42129e-05
-6.94932e-05
-4.24604e-05
-7.12182e-05
-5.55464e-05
-7.24346e-05
-7.38153e-05
-7.51295e-05
-0.000105865
-7.85491e-05
-0.000147337
-6.09496e-05
-0.000149808
-1.67302e-05
-0.000119598
3.07108e-05
-8.37418e-05
4.68533e-05
-5.93787e-05
4.99116e-05
-4.36029e-05
4.93214e-05
-3.32724e-05
4.67146e-05
-2.61912e-05
4.36232e-05
-2.10602e-05
4.06486e-05
-1.71567e-05
3.79888e-05
3.56673e-05
-1.40731e-05
-3.59998e-06
-6.217e-05
-7.25167e-06
-6.24703e-05
-1.10071e-05
-6.25098e-05
-1.49677e-05
-6.25697e-05
-1.92305e-05
-6.26666e-05
-2.39488e-05
-6.27903e-05
-2.93297e-05
-6.29296e-05
-3.57296e-05
-6.30936e-05
-4.38786e-05
-6.30694e-05
-5.40976e-05
-6.22158e-05
-6.79772e-05
-6.125e-05
-8.98252e-05
-5.67011e-05
-0.00011047
-4.03043e-05
-0.000113181
-1.40187e-05
-9.4334e-05
1.18638e-05
-7.44495e-05
2.69691e-05
-5.84585e-05
3.39209e-05
-4.58964e-05
3.67596e-05
-3.63977e-05
3.72162e-05
-2.92497e-05
3.64754e-05
-2.37967e-05
3.51957e-05
-1.95443e-05
3.37363e-05
3.22729e-05
-1.61501e-05
-3.60773e-06
-5.85628e-05
-7.27448e-06
-5.88042e-05
-1.10673e-05
-5.87172e-05
-1.50568e-05
-5.8581e-05
-1.93461e-05
-5.83778e-05
-2.40586e-05
-5.80774e-05
-2.93734e-05
-5.76155e-05
-3.55687e-05
-5.68981e-05
-4.30022e-05
-5.56358e-05
-5.17191e-05
-5.34989e-05
-6.26922e-05
-5.02768e-05
-7.58211e-05
-4.35721e-05
-8.54392e-05
-3.0686e-05
-8.60951e-05
-1.33628e-05
-7.74218e-05
3.19074e-06
-6.56784e-05
1.5226e-05
-5.45763e-05
2.2819e-05
-4.49379e-05
2.71214e-05
-3.6956e-05
2.92345e-05
-3.04809e-05
3.00004e-05
-2.52588e-05
2.99736e-05
-2.10292e-05
2.95067e-05
2.8813e-05
-1.75693e-05
-3.55959e-06
-5.50031e-05
-7.17894e-06
-5.5185e-05
-1.09154e-05
-5.49808e-05
-1.48292e-05
-5.46671e-05
-1.90033e-05
-5.42041e-05
-2.35377e-05
-5.35431e-05
-2.85493e-05
-5.26045e-05
-3.41902e-05
-5.1257e-05
-4.05603e-05
-4.92661e-05
-4.76909e-05
-4.63683e-05
-5.58359e-05
-4.21316e-05
-6.403e-05
-3.53781e-05
-6.93462e-05
-2.53697e-05
-6.94501e-05
-1.32588e-05
-6.4813e-05
-1.4463e-06
-5.76722e-05
8.08521e-06
-4.9922e-05
1.50687e-05
-4.25697e-05
1.9769e-05
-3.60416e-05
2.27064e-05
-3.04344e-05
2.43931e-05
-2.5696e-05
2.5235e-05
-2.17153e-05
2.55261e-05
2.54664e-05
-1.83685e-05
-3.45415e-06
-5.15491e-05
-6.97193e-06
-5.16674e-05
-1.05806e-05
-5.13727e-05
-1.43391e-05
-5.09092e-05
-1.83057e-05
-5.02372e-05
-2.2545e-05
-4.9304e-05
-2.71225e-05
-4.80268e-05
-3.20978e-05
-4.62816e-05
-3.74714e-05
-4.38927e-05
-4.31948e-05
-4.0645e-05
-4.91195e-05
-3.62068e-05
-5.44202e-05
-3.00776e-05
-5.76541e-05
-2.21357e-05
-5.77988e-05
-1.31142e-05
-5.50365e-05
-4.20878e-06
-5.04464e-05
3.49484e-06
-4.50157e-05
9.63784e-06
-3.94752e-05
1.42283e-05
-3.42471e-05
1.7478e-05
-2.95253e-05
1.96711e-05
-2.53662e-05
2.10758e-05
-2.17522e-05
2.19121e-05
2.23451e-05
-1.86308e-05
-3.30265e-06
-4.82466e-05
-6.66424e-06
-4.83061e-05
-1.00937e-05
-4.79432e-05
-1.36377e-05
-4.73653e-05
-1.73338e-05
-4.65413e-05
-2.12168e-05
-4.54213e-05
-2.53121e-05
-4.3931e-05
-2.9624e-05
-4.19698e-05
-3.41066e-05
-3.941e-05
-3.86538e-05
-3.60978e-05
-4.30215e-05
-3.18392e-05
-4.6648e-05
-2.64513e-05
-4.87869e-05
-1.9997e-05
-4.89667e-05
-1.29346e-05
-4.72462e-05
-5.9296e-06
-4.41786e-05
4.26799e-07
-4.03029e-05
5.76181e-06
-3.61207e-05
1.00457e-05
-3.19736e-05
1.33305e-05
-2.80637e-05
1.5761e-05
-2.44912e-05
1.75032e-05
-2.12897e-05
1.87106e-05
1.95088e-05
-1.84535e-05
-3.11754e-06
-4.51291e-05
-6.27961e-06
-4.51441e-05
-9.49307e-06
-4.47297e-05
-1.27849e-05
-4.40732e-05
-1.61765e-05
-4.31499e-05
-1.96809e-05
-4.19165e-05
-2.32981e-05
-4.03139e-05
-2.70021e-05
-3.82661e-05
-3.07265e-05
-3.56855e-05
-3.43482e-05
-3.2476e-05
-3.7645e-05
-2.85425e-05
-4.02565e-05
-2.38401e-05
-4.17808e-05
-1.84729e-05
-4.19792e-05
-1.27364e-05
-4.08761e-05
-7.0331e-06
-3.87541e-05
-1.69565e-06
-3.59423e-05
2.94967e-06
-3.27656e-05
6.86868e-06
-2.94839e-05
1.00485e-05
-2.62753e-05
1.25522e-05
-2.32484e-05
1.44763e-05
-2.04601e-05
1.59222e-05
1.69799e-05
-1.79314e-05
-2.90774e-06
-4.22216e-05
-5.8443e-06
-4.22076e-05
-8.81692e-06
-4.17569e-05
-1.18367e-05
-4.10534e-05
-1.49117e-05
-4.00747e-05
-1.80413e-05
-3.87866e-05
-2.121e-05
-3.71454e-05
-2.43783e-05
-3.50978e-05
-2.74754e-05
-3.25882e-05
-3.03875e-05
-2.95639e-05
-3.29415e-05
-2.59886e-05
-3.49078e-05
-2.18739e-05
-3.60603e-05
-1.73205e-05
-3.62684e-05
-1.25284e-05
-3.55506e-05
-7.75123e-06
-3.4031e-05
-3.21553e-06
-3.19656e-05
8.84055e-07
-2.9535e-05
4.43789e-06
-2.69355e-05
7.44887e-06
-2.4314e-05
9.93056e-06
-2.17716e-05
1.19338e-05
-1.93716e-05
1.35219e-05
1.47564e-05
-1.71483e-05
-2.68027e-06
-3.95414e-05
-5.37829e-06
-3.95093e-05
-8.09683e-06
-3.90382e-05
-1.08376e-05
-3.83129e-05
-1.3599e-05
-3.7313e-05
-1.63718e-05
-3.60138e-05
-1.91325e-05
-3.43847e-05
-2.18381e-05
-3.23918e-05
-2.44231e-05
-3.00031e-05
-2.67922e-05
-2.71949e-05
-2.88181e-05
-2.39626e-05
-3.03531e-05
-2.03387e-05
-3.12635e-05
-1.641e-05
-3.14748e-05
-1.23172e-05
-3.09973e-05
-8.22882e-06
-2.99039e-05
-4.30905e-06
-2.83651e-05
-6.54747e-07
-2.64842e-05
2.55697e-06
-2.44183e-05
5.3829e-06
-2.22804e-05
7.79242e-06
-2.01567e-05
9.80986e-06
-1.81081e-05
1.14732e-05
1.2822e-05
-1.61739e-05
-2.44216e-06
-3.70993e-05
-4.89612e-06
-3.7055e-05
-7.35666e-06
-3.65777e-05
-9.82016e-06
-3.58491e-05
-1.22799e-05
-3.48531e-05
-1.47207e-05
-3.35729e-05
-1.71163e-05
-3.19889e-05
-1.94262e-05
-3.00816e-05
-2.15933e-05
-2.78359e-05
-2.35422e-05
-2.52461e-05
-2.51812e-05
-2.23233e-05
-2.64136e-05
-1.91061e-05
-2.71575e-05
-1.5666e-05
-2.7369e-05
-1.21057e-05
-2.70541e-05
-8.5436e-06
-2.62678e-05
-5.09523e-06
-2.50747e-05
-1.84773e-06
-2.36235e-05
1.10572e-06
-2.19795e-05
3.73865e-06
-2.02372e-05
6.04992e-06
-1.84699e-05
8.04235e-06
-1.67325e-05
9.73557e-06
1.11532e-05
-1.50639e-05
-2.20001e-06
-3.48991e-05
-4.40911e-06
-3.48457e-05
-6.61388e-06
-3.43728e-05
-8.80848e-06
-3.36542e-05
-1.09825e-05
-3.26791e-05
-1.31182e-05
-3.1437e-05
-1.51899e-05
-2.99169e-05
-1.71613e-05
-2.81101e-05
-1.89849e-05
-2.60122e-05
-2.06025e-05
-2.36282e-05
-2.19486e-05
-2.09768e-05
-2.29585e-05
-1.8096e-05
-2.358e-05
-1.50444e-05
-2.3786e-05
-1.18996e-05
-2.35812e-05
-8.74824e-06
-2.30009e-05
-5.67534e-06
-2.20942e-05
-2.75446e-06
-2.09598e-05
-2.89036e-08
-1.96428e-05
2.42134e-06
-1.82224e-05
4.62928e-06
-1.67559e-05
6.57564e-06
-1.52902e-05
8.26965e-06
9.72411e-06
-1.38611e-05
-1.95961e-06
-3.29392e-05
-3.92648e-06
-3.28789e-05
-5.8821e-06
-3.24169e-05
-7.8193e-06
-3.1717e-05
-9.72527e-06
-3.0773e-05
-1.15821e-05
-2.95797e-05
-1.33663e-05
-2.81327e-05
-1.50464e-05
-2.643e-05
-1.65838e-05
-2.44746e-05
-1.79344e-05
-2.22773e-05
-1.90512e-05
-1.98599e-05
-1.98898e-05
-1.72572e-05
-2.04162e-05
-1.4518e-05
-2.06133e-05
-1.17023e-05
-2.04853e-05
-8.87611e-06
-2.00565e-05
-6.10415e-06
-1.9367e-05
-3.44423e-06
-1.84621e-05
-9.34113e-07
-1.7412e-05
1.37094e-06
-1.62561e-05
3.47308e-06
-1.50431e-05
5.3625e-06
-1.3813e-05
7.03941e-06
8.50879e-06
-1.25977e-05
-1.72506e-06
-3.12141e-05
-3.45518e-06
-3.11486e-05
-5.17084e-06
-3.07011e-05
-6.86321e-06
-3.00246e-05
-8.51885e-06
-2.91171e-05
-1.01211e-05
-2.79772e-05
-1.16488e-05
-2.66051e-05
-1.30755e-05
-2.50033e-05
-1.43705e-05
-2.31792e-05
-1.55005e-05
-2.1147e-05
-1.64314e-05
-1.89288e-05
-1.71325e-05
-1.65561e-05
-1.75808e-05
-1.40696e-05
-1.77657e-05
-1.15174e-05
-1.76907e-05
-8.95119e-06
-1.73731e-05
-6.42193e-06
-1.6842e-05
-3.97563e-06
-1.61284e-05
-1.64798e-06
-1.52883e-05
5.3052e-07
-1.43483e-05
2.53289e-06
-1.33489e-05
4.36286e-06
-1.23227e-05
6.0131e-06
7.48326e-06
-1.12972e-05
-1.49839e-06
-2.97157e-05
-2.99965e-06
-2.96472e-05
-4.48537e-06
-2.92152e-05
-5.94567e-06
-2.85642e-05
-7.3678e-06
-2.76949e-05
-8.73657e-06
-2.66085e-05
-1.00336e-05
-2.53082e-05
-1.1237e-05
-2.37997e-05
-1.23229e-05
-2.2093e-05
-1.3266e-05
-2.02038e-05
-1.40415e-05
-1.81534e-05
-1.46276e-05
-1.59701e-05
-1.50088e-05
-1.36885e-05
-1.51782e-05
-1.1348e-05
-1.5139e-05
-8.99057e-06
-1.49039e-05
-6.65736e-06
-1.44935e-05
-4.38628e-06
-1.39314e-05
-2.21033e-06
-1.3265e-05
-1.36059e-07
-1.25012e-05
1.7689e-06
-1.16824e-05
3.54384e-06
-1.08331e-05
5.16371e-06
6.62619e-06
-9.976e-06
-1.28036e-06
-2.84352e-05
-2.5617e-06
-2.83658e-05
-3.82752e-06
-2.79493e-05
-5.06809e-06
-2.73237e-05
-6.2718e-06
-2.64913e-05
-7.42512e-06
-2.54553e-05
-8.5125e-06
-2.42207e-05
-9.51652e-06
-2.27954e-05
-1.04185e-05
-2.11909e-05
-1.11993e-05
-1.94229e-05
-1.18407e-05
-1.75121e-05
-1.23273e-05
-1.54836e-05
-1.26484e-05
-1.33674e-05
-1.27997e-05
-1.11968e-05
-1.2784e-05
-9.0065e-06
-1.26109e-05
-6.83068e-06
-1.22962e-05
-4.70111e-06
-1.18614e-05
-2.64526e-06
-1.13175e-05
-6.80136e-07
-1.07097e-05
1.16085e-06
-1.0047e-05
2.88102e-06
-9.35246e-06
4.46908e-06
5.91915e-06
-8.64535e-06
-1.0708e-06
-2.73644e-05
-2.14096e-06
-2.72956e-05
-3.19655e-06
-2.68937e-05
-4.22866e-06
-2.62917e-05
-5.22699e-06
-2.54931e-05
-6.17997e-06
-2.45022e-05
-7.07498e-06
-2.33254e-05
-7.8983e-06
-2.19718e-05
-8.63546e-06
-2.04537e-05
-9.27201e-06
-1.87865e-05
-9.79458e-06
-1.69895e-05
-1.01923e-05
-1.50859e-05
-1.04579e-05
-1.31019e-05
-1.05886e-05
-1.10662e-05
-1.05867e-05
-9.00846e-06
-1.04596e-05
-6.95786e-06
-1.02191e-05
-4.94175e-06
-9.88018e-06
-2.9843e-06
-9.45608e-06
-1.10442e-06
-8.97328e-06
6.77824e-07
-8.44401e-06
2.35157e-06
-7.88528e-06
3.91031e-06
5.34643e-06
-7.31246e-06
-8.68739e-07
-2.64957e-05
-1.73572e-06
-2.64286e-05
-2.58988e-06
-2.60396e-05
-3.4233e-06
-2.54584e-05
-4.2273e-06
-2.4689e-05
-4.99248e-06
-2.37367e-05
-5.70895e-06
-2.26086e-05
-6.36604e-06
-2.13147e-05
-6.95269e-06
-1.9867e-05
-7.45816e-06
-1.8281e-05
-7.87284e-06
-1.65747e-05
-8.18914e-06
-1.47694e-05
-8.40212e-06
-1.28889e-05
-8.5101e-06
-1.09583e-05
-8.51499e-06
-9.00364e-06
-8.42234e-06
-7.05056e-06
-8.24091e-06
-5.12324e-06
-7.98183e-06
-3.2435e-06
-7.6568e-06
-1.42966e-06
-7.28323e-06
3.04048e-07
-6.8707e-06
1.93891e-06
-6.43295e-06
3.47254e-06
4.89541e-06
-5.98183e-06
-6.72885e-07
-2.58229e-05
-1.34383e-06
-2.57577e-05
-2.00412e-06
-2.53793e-05
-2.6471e-06
-2.48153e-05
-3.26594e-06
-2.40699e-05
-3.85347e-06
-2.31488e-05
-4.40213e-06
-2.20599e-05
-4.90388e-06
-2.08129e-05
-5.35057e-06
-1.94203e-05
-5.73453e-06
-1.78968e-05
-6.04911e-06
-1.62598e-05
-6.28913e-06
-1.45293e-05
-6.45133e-06
-1.27267e-05
-6.53473e-06
-1.0875e-05
-6.54093e-06
-8.9975e-06
-6.47411e-06
-7.11741e-06
-6.34073e-06
-5.25667e-06
-6.14898e-06
-3.43538e-06
-5.90785e-06
-1.67098e-06
-5.63107e-06
2.70852e-08
-5.32267e-06
1.63041e-06
-4.99458e-06
3.14446e-06
4.55618e-06
-4.65525e-06
-4.81751e-07
-2.53411e-05
-9.63235e-07
-2.52763e-05
-1.43631e-06
-2.49062e-05
-1.89595e-06
-2.43555e-05
-2.33727e-06
-2.36283e-05
-2.75512e-06
-2.27308e-05
-3.14409e-06
-2.16708e-05
-3.49852e-06
-2.04584e-05
-3.81283e-06
-1.91057e-05
-4.08195e-06
-1.76273e-05
-4.30159e-06
-1.604e-05
-4.46845e-06
-1.43624e-05
-4.58055e-06
-1.26147e-05
-4.63749e-06
-1.08181e-05
-4.64062e-06
-8.99441e-06
-4.59304e-06
-7.16502e-06
-4.49938e-06
-5.35039e-06
-4.36548e-06
-3.5694e-06
-4.1975e-06
-1.83911e-06
-4.00755e-06
-1.63006e-07
-3.79431e-06
1.4171e-06
-3.56796e-06
2.91811e-06
4.32158e-06
-3.33326e-06
-2.91189e-07
-2.505e-05
-5.87336e-07
-2.49803e-05
-8.76979e-07
-2.46165e-05
-1.15734e-06
-2.40749e-05
-1.42568e-06
-2.33599e-05
-1.67886e-06
-2.24776e-05
-1.91353e-06
-2.14361e-05
-2.12627e-06
-2.02454e-05
-2.3138e-06
-1.89179e-05
-2.47321e-06
-1.74677e-05
-2.60209e-06
-1.5911e-05
-2.69864e-06
-1.42659e-05
-2.76188e-06
-1.25515e-05
-2.79183e-06
-1.07882e-05
-2.78956e-06
-8.99669e-06
-2.75723e-06
-7.19736e-06
-2.69801e-06
-5.40966e-06
-2.616e-06
-3.65151e-06
-2.51658e-06
-1.93863e-06
-2.39948e-06
-2.8019e-07
-2.27883e-06
1.29643e-06
-2.15013e-06
2.78944e-06
4.18718e-06
-2.01565e-06
-9.28747e-08
-1.96569e-07
-2.95411e-07
-3.90446e-07
-4.81238e-07
-5.6682e-07
-6.46039e-07
-7.17715e-07
-7.80723e-07
-8.34055e-07
-8.76864e-07
-9.08531e-07
-9.28732e-07
-9.37502e-07
-9.35269e-07
-9.22857e-07
-9.01495e-07
-8.72902e-07
-8.39611e-07
-8.01426e-07
-7.65796e-07
-7.26535e-07
-6.84688e-07
8.18928e-05
2.02199e-05
7.39779e-05
7.91479e-06
7.17673e-05
2.21067e-06
6.01518e-07
7.11657e-05
8.62828e-05
2.01308e-05
8.0711e-05
1.3487e-05
7.37636e-05
9.15836e-06
6.71524e-06
6.76502e-05
6.66461e-05
1.88773e-05
6.44512e-05
1.56818e-05
6.06776e-05
1.29318e-05
1.07603e-05
5.66325e-05
5.30684e-05
1.86902e-05
5.20902e-05
1.66601e-05
5.02893e-05
1.47327e-05
1.30382e-05
4.80114e-05
4.45052e-05
1.87463e-05
4.39231e-05
1.72419e-05
4.28567e-05
1.5799e-05
1.44722e-05
4.14227e-05
3.81958e-05
1.88774e-05
3.77522e-05
1.76856e-05
3.7013e-05
1.65383e-05
1.54548e-05
3.60304e-05
3.30826e-05
1.90346e-05
3.27263e-05
1.80417e-05
3.21814e-05
1.70829e-05
1.61638e-05
3.14723e-05
2.87691e-05
1.919e-05
2.84786e-05
1.83321e-05
2.80596e-05
1.75016e-05
1.66979e-05
2.75251e-05
2.50193e-05
1.93375e-05
2.4776e-05
1.85753e-05
2.44422e-05
1.78354e-05
1.71144e-05
2.40256e-05
2.16719e-05
1.94794e-05
2.14617e-05
1.87853e-05
2.11878e-05
1.81092e-05
1.74474e-05
2.08548e-05
1.861e-05
1.96191e-05
1.84237e-05
1.89713e-05
1.81942e-05
1.83386e-05
1.77175e-05
1.79241e-05
1.57413e-05
1.97579e-05
1.55748e-05
1.91378e-05
1.5382e-05
1.85314e-05
1.79357e-05
1.51637e-05
1.29848e-05
1.98919e-05
1.28398e-05
1.92829e-05
1.26832e-05
1.86881e-05
1.81048e-05
1.2514e-05
1.0267e-05
2.00094e-05
1.01529e-05
1.93969e-05
1.00399e-05
1.8801e-05
1.82197e-05
9.92499e-06
7.52209e-06
2.00894e-05
7.45746e-06
1.94613e-05
7.4037e-06
1.88546e-05
1.82675e-05
7.35586e-06
4.69574e-06
2.00987e-05
4.70955e-06
1.94475e-05
4.73956e-06
1.88247e-05
1.82283e-05
4.77896e-06
1.75491e-06
1.99912e-05
1.88595e-06
1.93166e-05
2.03167e-06
1.86791e-05
1.80757e-05
2.18433e-06
-1.30112e-06
1.97103e-05
-1.00782e-06
1.90234e-05
-7.10629e-07
1.8382e-05
1.77802e-05
-4.15157e-07
-4.41939e-06
1.91996e-05
-3.92102e-06
1.8525e-05
-3.43978e-06
1.79006e-05
1.73173e-05
-2.97712e-06
-7.49016e-06
1.8423e-05
-6.76145e-06
1.7796e-05
-6.07862e-06
1.72175e-05
1.66768e-05
-5.43833e-06
-1.03506e-05
1.7383e-05
-9.3967e-06
1.68417e-05
-8.51892e-06
1.63394e-05
1.58669e-05
-7.70911e-06
-1.28222e-05
1.61319e-05
-1.1685e-05
1.57043e-05
-1.06469e-05
1.53012e-05
1.49167e-05
-9.69678e-06
-1.47719e-05
1.47537e-05
-1.35182e-05
1.44507e-05
-1.23741e-05
1.41571e-05
1.38707e-05
-1.1328e-05
-1.61492e-05
1.33337e-05
-1.48495e-05
1.31512e-05
-1.36579e-05
1.29655e-05
1.27775e-05
-1.25647e-05
-1.69747e-05
1.194e-05
-1.56884e-05
1.18649e-05
-1.45005e-05
1.17777e-05
1.1681e-05
-1.34041e-05
-1.73104e-05
1.06195e-05
-1.60805e-05
1.0635e-05
-1.49356e-05
1.06326e-05
1.06162e-05
-1.38708e-05
-1.72349e-05
9.40072e-06
-1.60894e-05
9.48941e-06
-1.50139e-05
9.55693e-06
9.60807e-06
-1.40059e-05
-1.68286e-05
8.29767e-06
-1.57827e-05
8.4434e-06
-1.47927e-05
8.56675e-06
8.67274e-06
-1.38574e-05
-1.61651e-05
7.31426e-06
-1.52249e-05
7.50313e-06
-1.43279e-05
7.6697e-06
7.81895e-06
-1.34741e-05
-1.53076e-05
6.44781e-06
-1.44728e-05
6.66835e-06
-1.36706e-05
6.86748e-06
7.04995e-06
-1.29016e-05
-1.43078e-05
5.6917e-06
-1.35743e-05
5.93482e-06
-1.28646e-05
6.15786e-06
6.36523e-06
-1.21798e-05
-1.32069e-05
5.03744e-06
-1.25682e-05
5.29614e-06
-1.19465e-05
5.53625e-06
5.76183e-06
-1.13429e-05
-1.20362e-05
4.4759e-06
-1.14849e-05
4.74492e-06
-1.09454e-05
4.99687e-06
5.23542e-06
-1.04188e-05
-1.08194e-05
3.99815e-06
-1.0348e-05
4.27366e-06
-9.88451e-06
4.53354e-06
4.78104e-06
-9.42995e-06
-9.57368e-06
3.59594e-06
-9.17509e-06
3.87522e-06
-8.78154e-06
4.14016e-06
4.39361e-06
-8.39393e-06
-8.31122e-06
3.26196e-06
-7.97898e-06
3.54315e-06
-7.64976e-06
3.81111e-06
4.06831e-06
-7.32431e-06
-7.04023e-06
2.98989e-06
-6.76873e-06
3.27181e-06
-6.49888e-06
3.54141e-06
3.80081e-06
-6.23124e-06
-5.76633e-06
2.77454e-06
-5.55084e-06
3.05646e-06
-5.3361e-06
3.32681e-06
3.58734e-06
-5.1225e-06
-4.49238e-06
2.61181e-06
-4.32917e-06
2.89338e-06
-4.16617e-06
3.16394e-06
3.42484e-06
-4.00354e-06
-3.21999e-06
2.49865e-06
-3.10621e-06
2.77972e-06
-2.99231e-06
3.05017e-06
3.31094e-06
-2.87831e-06
-1.94997e-06
2.43306e-06
-1.88376e-06
2.7136e-06
-1.81723e-06
2.98372e-06
3.24395e-06
-1.75017e-06
-6.63828e-07
-6.42651e-07
-6.21238e-07
-5.99454e-07
4.63854e-05
-1.1175e-05
3.35175e-05
-8.27492e-06
2.69356e-05
-1.66443e-06
2.32584e-05
1.82837e-06
2.06611e-05
3.91746e-06
1.85355e-05
5.20298e-06
1.66708e-05
5.95084e-06
1.49646e-05
6.35325e-06
1.33655e-05
6.53655e-06
1.18458e-05
6.58426e-06
1.03889e-05
6.5514e-06
8.98399e-06
6.47437e-06
7.62233e-06
6.37703e-06
6.29706e-06
6.27537e-06
5.00127e-06
6.17971e-06
3.72931e-06
6.09714e-06
2.47471e-06
6.03202e-06
1.23211e-06
5.98739e-06
5.94146e-06
4.89743e-05
7.50093e-06
3.65268e-05
4.17262e-06
2.95812e-05
5.28127e-06
2.50324e-05
6.37718e-06
2.17423e-05
7.20775e-06
1.91641e-05
7.78156e-06
1.70086e-05
8.10669e-06
1.51193e-05
8.24281e-06
1.34074e-05
8.24853e-06
1.18208e-05
8.17085e-06
1.03271e-05
8.04498e-06
8.90525e-06
7.89631e-06
7.53976e-06
7.74253e-06
6.2192e-06
7.59594e-06
4.93396e-06
7.46485e-06
3.67618e-06
7.35497e-06
2.43827e-06
7.26994e-06
1.21357e-06
7.2122e-06
7.15507e-06
4.56863e-05
1.84472e-05
3.65804e-05
1.32784e-05
3.02872e-05
1.15744e-05
2.5702e-05
1.09623e-05
2.22086e-05
1.07012e-05
1.94316e-05
1.05587e-05
1.71222e-05
1.04163e-05
1.51255e-05
1.02396e-05
1.33447e-05
1.00293e-05
1.17183e-05
9.79724e-06
1.02058e-05
9.55753e-06
8.77954e-06
9.32261e-06
7.41985e-06
9.10229e-06
6.11192e-06
8.90392e-06
4.84401e-06
8.73276e-06
3.60655e-06
8.59249e-06
2.39098e-06
8.48556e-06
1.18968e-06
8.41357e-06
8.34479e-06
4.14009e-05
2.50578e-05
3.49057e-05
1.97734e-05
2.96347e-05
1.68452e-05
2.54464e-05
1.51504e-05
2.20752e-05
1.40723e-05
1.93081e-05
1.33259e-05
1.69748e-05
1.27497e-05
1.49522e-05
1.22623e-05
1.31543e-05
1.18271e-05
1.15218e-05
1.14297e-05
1.00133e-05
1.10661e-05
8.59904e-06
1.0737e-05
7.25734e-06
1.04441e-05
5.97169e-06
1.01897e-05
4.72908e-06
9.9754e-06
3.51892e-06
9.80271e-06
2.33197e-06
9.67256e-06
1.16005e-06
9.58557e-06
9.5049e-06
3.70718e-05
2.94086e-05
3.23854e-05
2.44596e-05
2.81485e-05
2.10818e-05
2.45188e-05
1.87801e-05
2.14421e-05
1.71493e-05
1.8825e-05
1.59431e-05
1.65699e-05
1.50049e-05
1.45927e-05
1.42395e-05
1.28272e-05
1.35926e-05
1.12232e-05
1.30337e-05
9.74314e-06
1.25463e-05
8.35884e-06
1.21215e-05
7.0487e-06
1.17544e-05
5.79603e-06
1.14424e-05
4.58752e-06
1.11839e-05
3.41222e-06
1.0978e-05
2.26066e-06
1.08242e-05
1.1244e-06
1.0722e-05
1.06294e-05
3.30064e-05
3.24324e-05
2.95623e-05
2.79032e-05
2.62053e-05
2.44386e-05
2.3147e-05
2.18385e-05
2.04328e-05
1.98637e-05
1.80439e-05
1.83322e-05
1.59357e-05
1.7113e-05
1.40585e-05
1.61166e-05
1.23668e-05
1.52842e-05
1.08224e-05
1.45783e-05
9.39423e-06
1.39748e-05
8.05755e-06
1.34585e-05
6.79271e-06
1.30194e-05
5.58403e-06
1.26511e-05
4.41871e-06
1.23492e-05
3.28607e-06
1.21107e-05
2.17681e-06
1.19336e-05
1.08263e-06
1.18164e-05
1.17122e-05
2.92827e-05
3.46217e-05
2.66976e-05
3.0488e-05
2.4042e-05
2.70941e-05
2.15031e-05
2.43774e-05
1.91601e-05
2.22067e-05
1.70331e-05
2.0459e-05
1.51117e-05
1.90342e-05
1.33718e-05
1.78564e-05
1.17855e-05
1.68706e-05
1.03261e-05
1.60379e-05
8.97005e-06
1.53312e-05
7.69709e-06
1.47316e-05
6.49049e-06
1.42261e-05
5.33636e-06
1.38052e-05
4.22311e-06
1.34625e-05
3.14079e-06
1.31932e-05
2.08065e-06
1.2994e-05
1.03484e-06
1.28625e-05
1.27472e-05
2.58834e-05
3.62632e-05
2.39044e-05
3.24669e-05
2.17969e-05
2.92019e-05
1.97064e-05
2.64681e-05
1.77138e-05
2.41993e-05
1.58554e-05
2.23172e-05
1.41396e-05
2.07499e-05
1.25593e-05
1.94367e-05
1.11001e-05
1.83299e-05
9.7451e-06
1.73931e-05
8.47751e-06
1.6599e-05
7.28201e-06
1.59273e-05
6.1451e-06
1.5363e-05
5.05517e-06
1.48951e-05
4.0022e-06
1.45155e-05
2.97737e-06
1.42183e-05
1.9728e-06
1.39989e-05
9.8132e-07
1.38543e-05
1.37287e-05
2.27613e-05
3.75273e-05
2.12233e-05
3.40049e-05
1.95455e-05
3.08798e-05
1.78347e-05
2.8179e-05
1.61606e-05
2.58732e-05
1.45624e-05
2.39152e-05
1.30573e-05
2.22549e-05
1.16481e-05
2.08459e-05
1.03296e-05
1.96486e-05
9.09241e-06
1.86305e-05
7.92578e-06
1.77657e-05
6.81876e-06
1.70343e-05
5.76114e-06
1.64205e-05
4.74375e-06
1.59125e-05
3.75832e-06
1.55011e-05
2.7974e-06
1.51794e-05
1.85422e-06
1.49424e-05
9.22529e-07
1.47863e-05
1.46514e-05
1.98647e-05
3.85175e-05
1.866e-05
3.52098e-05
1.73255e-05
3.22144e-05
1.59364e-05
2.95681e-05
1.45478e-05
2.72617e-05
1.3195e-05
2.52679e-05
1.18974e-05
2.35525e-05
1.06631e-05
2.20803e-05
9.49263e-06
2.08192e-05
8.38204e-06
1.97411e-05
7.32518e-06
1.88226e-05
6.31497e-06
1.80445e-05
5.34426e-06
1.73912e-05
4.40622e-06
1.68506e-05
3.49444e-06
1.6413e-05
2.60295e-06
1.60712e-05
1.72622e-06
1.58194e-05
8.59088e-07
1.56537e-05
1.55105e-05
1.71451e-05
3.92967e-05
1.62042e-05
3.61508e-05
1.51525e-05
3.32661e-05
1.40401e-05
3.06803e-05
1.29076e-05
2.83941e-05
1.17837e-05
2.63918e-05
1.06868e-05
2.46495e-05
9.62656e-06
2.31406e-05
8.60696e-06
2.18389e-05
7.6278e-06
2.07203e-05
6.68642e-06
1.97639e-05
5.77889e-06
1.89519e-05
4.90073e-06
1.82693e-05
4.0473e-06
1.7704e-05
3.21401e-06
1.72465e-05
2.39642e-06
1.68889e-05
1.59032e-06
1.66256e-05
7.91744e-07
1.64524e-05
1.63023e-05
1.45593e-05
3.99011e-05
1.38396e-05
3.68705e-05
1.30304e-05
3.40753e-05
1.2162e-05
3.15487e-05
1.12618e-05
2.92943e-05
1.03516e-05
2.73021e-05
9.44683e-06
2.55544e-05
8.55729e-06
2.40302e-05
7.68854e-06
2.27076e-05
6.8428e-06
2.1566e-05
6.02006e-06
2.05866e-05
5.21889e-06
1.97529e-05
4.43709e-06
1.9051e-05
3.67201e-06
1.84692e-05
2.92077e-06
1.79978e-05
2.18045e-06
1.76293e-05
1.44822e-06
1.73579e-05
7.21333e-07
1.71792e-05
1.70235e-05
1.20693e-05
4.03458e-05
1.15484e-05
3.73914e-05
1.09573e-05
3.46664e-05
1.03108e-05
3.21952e-05
9.62542e-06
2.99799e-05
8.91609e-06
2.80116e-05
8.19507e-06
2.62755e-05
7.4715e-06
2.47537e-05
6.75163e-06
2.34274e-05
6.03923e-06
2.22782e-05
5.33622e-06
2.12894e-05
4.64321e-06
2.04458e-05
3.95992e-06
1.97343e-05
3.28547e-06
1.91437e-05
2.61859e-06
1.86648e-05
1.95785e-06
1.82901e-05
1.30173e-06
1.80139e-05
6.48748e-07
1.78321e-05
1.76722e-05
9.643e-06
4.06278e-05
9.31449e-06
3.77199e-05
8.93003e-06
3.50509e-05
8.49234e-06
3.26331e-05
8.00936e-06
3.04631e-05
7.49073e-06
2.85304e-05
6.9459e-06
2.68203e-05
6.38312e-06
2.53164e-05
5.80894e-06
2.40014e-05
5.22824e-06
2.28588e-05
4.64443e-06
2.18732e-05
4.05978e-06
2.10305e-05
3.47567e-06
2.03185e-05
2.89279e-06
1.97266e-05
2.31138e-06
1.92461e-05
1.73142e-06
1.887e-05
1.1527e-06
1.85925e-05
5.74903e-07
1.84098e-05
1.82471e-05
7.25557e-06
4.07281e-05
7.12593e-06
3.78497e-05
6.9464e-06
3.52306e-05
6.71135e-06
3.28685e-05
6.42293e-06
3.07518e-05
6.08724e-06
2.88661e-05
5.71186e-06
2.71956e-05
5.30446e-06
2.57236e-05
4.87194e-06
2.44338e-05
4.42008e-06
2.33106e-05
3.95356e-06
2.23396e-05
3.47609e-06
2.1508e-05
2.9905e-06
2.08041e-05
2.49891e-06
2.02182e-05
2.00298e-06
1.9742e-05
1.50398e-06
1.93688e-05
1.00295e-06
1.90934e-05
5.00706e-07
1.8912e-05
1.87478e-05
4.89241e-06
4.06148e-05
4.9775e-06
3.77647e-05
5.00808e-06
3.52003e-05
4.97415e-06
3.29026e-05
4.87545e-06
3.08505e-05
4.71657e-06
2.90249e-05
4.5044e-06
2.74076e-05
4.24675e-06
2.59811e-05
3.9511e-06
2.47294e-05
3.62417e-06
2.36375e-05
3.27187e-06
2.2692e-05
2.89918e-06
2.18807e-05
2.51027e-06
2.1193e-05
2.10859e-06
2.06197e-05
1.69709e-06
2.01533e-05
1.27826e-06
1.97874e-05
8.54282e-07
1.95173e-05
4.27041e-07
1.93393e-05
1.9175e-05
2.55196e-06
4.02473e-05
2.87274e-06
3.74441e-05
3.12217e-06
3.4951e-05
3.28985e-06
3.2735e-05
3.37735e-06
3.07629e-05
3.3898e-06
2.90123e-05
3.33454e-06
2.74627e-05
3.2205e-06
2.60951e-05
3.05613e-06
2.48938e-05
2.84924e-06
2.38445e-05
2.60699e-06
2.29343e-05
2.33561e-06
2.2152e-05
2.04049e-06
2.1488e-05
1.72632e-06
2.09337e-05
1.39724e-06
2.04821e-05
1.05686e-06
2.01276e-05
7.08406e-07
1.98658e-05
3.54751e-07
1.96931e-05
1.95298e-05
2.463e-07
3.95858e-05
8.24428e-07
3.6866e-05
1.30191e-06
3.44735e-05
1.67079e-06
3.23659e-05
1.94065e-06
3.04928e-05
2.11866e-06
2.88341e-05
2.21309e-06
2.73683e-05
2.23571e-06
2.60727e-05
2.19616e-06
2.49335e-05
2.10339e-06
2.39374e-05
1.96602e-06
2.30717e-05
1.79148e-06
2.23265e-05
1.58628e-06
2.1693e-05
1.3563e-06
2.11634e-05
1.10674e-06
2.07315e-05
8.42228e-07
2.03921e-05
5.66925e-07
2.01411e-05
2.84621e-07
1.99756e-05
1.98146e-05
-1.98903e-06
3.85976e-05
-1.14519e-06
3.6022e-05
-4.45785e-07
3.37739e-05
1.29414e-07
3.17905e-05
5.78011e-07
3.00441e-05
9.15356e-07
2.84968e-05
1.1505e-06
2.71333e-05
1.30188e-06
2.59215e-05
1.3798e-06
2.48558e-05
1.39406e-06
2.39233e-05
1.35544e-06
2.31104e-05
1.27239e-06
2.24094e-05
1.15236e-06
2.18128e-05
1.00238e-06
2.13131e-05
8.28619e-07
2.0905e-05
6.366e-07
2.05841e-05
4.3131e-07
2.03466e-05
2.17371e-07
2.01898e-05
2.00322e-05
-4.10791e-06
3.7267e-05
-2.98951e-06
3.49034e-05
-2.06015e-06
3.28443e-05
-1.30345e-06
3.10336e-05
-6.95043e-07
2.94356e-05
-2.18475e-07
2.80204e-05
1.54988e-07
2.67601e-05
4.27265e-07
2.56496e-05
6.15031e-07
2.46684e-05
7.27792e-07
2.38107e-05
7.81052e-07
2.30571e-05
7.83462e-07
2.24069e-05
7.42927e-07
2.1853e-05
6.68013e-07
2.13878e-05
5.65609e-07
2.10074e-05
4.41994e-07
2.07078e-05
3.02884e-07
2.0486e-05
1.5364e-07
2.03394e-05
2.0186e-05
-6.05466e-06
3.56124e-05
-4.68279e-06
3.35313e-05
-3.54795e-06
3.17093e-05
-2.61481e-06
3.01004e-05
-1.85364e-06
2.86746e-05
-1.23961e-06
2.74066e-05
-7.55884e-07
2.62767e-05
-3.81154e-07
2.52752e-05
-1.0036e-07
2.43878e-05
1.08819e-07
2.36016e-05
2.47511e-07
2.29184e-05
3.29196e-07
2.23251e-05
3.6155e-07
2.18205e-05
3.5619e-07
2.1393e-05
3.20068e-07
2.10435e-05
2.60172e-07
2.07679e-05
1.82806e-07
2.05636e-05
9.39631e-08
2.04285e-05
2.02801e-05
-7.76971e-06
3.36853e-05
-6.18156e-06
3.1943e-05
-4.86908e-06
3.03967e-05
-3.78586e-06
2.90172e-05
-2.89447e-06
2.77833e-05
-2.16578e-06
2.66781e-05
-1.57627e-06
2.56875e-05
-1.10466e-06
2.48038e-05
-7.33627e-07
2.4017e-05
-4.5121e-07
2.33194e-05
-2.40941e-07
2.27082e-05
-9.26633e-08
2.21767e-05
9.92343e-09
2.17179e-05
6.88963e-08
2.13341e-05
9.37794e-08
2.10188e-05
9.25392e-08
2.07693e-05
7.2045e-08
2.05844e-05
3.86995e-08
2.04621e-05
2.03189e-05
-9.2042e-06
3.15614e-05
-7.45316e-06
3.01919e-05
-6.00267e-06
2.89461e-05
-4.79928e-06
2.78138e-05
-3.80169e-06
2.67858e-05
-2.97737e-06
2.5854e-05
-2.301e-06
2.50113e-05
-1.74941e-06
2.42524e-05
-1.30438e-06
2.35721e-05
-9.50825e-07
2.29659e-05
-6.73774e-07
2.24312e-05
-4.61063e-07
2.1964e-05
-3.03635e-07
2.15605e-05
-1.90008e-07
2.12206e-05
-1.11461e-07
2.09404e-05
-6.06172e-08
2.07187e-05
-2.96067e-08
2.05536e-05
-1.25384e-08
2.04453e-05
2.03064e-05
-1.03301e-05
2.93268e-05
-8.47662e-06
2.83383e-05
-6.93234e-06
2.74018e-05
-5.64299e-06
2.65245e-05
-4.56634e-06
2.57092e-05
-3.66895e-06
2.49566e-05
-2.92324e-06
2.42657e-05
-2.30686e-06
2.36362e-05
-1.80071e-06
2.30661e-05
-1.38872e-06
2.25541e-05
-1.05618e-06
2.20987e-05
-7.9058e-07
2.16986e-05
-5.81506e-07
2.13516e-05
-4.18199e-07
2.10575e-05
-2.91921e-07
2.08144e-05
-1.94316e-07
2.06214e-05
-1.17827e-07
2.04773e-05
-5.71917e-08
2.03848e-05
2.02493e-05
-1.11407e-05
2.70633e-05
-9.24487e-06
2.64423e-05
-7.65205e-06
2.58089e-05
-6.31167e-06
2.5184e-05
-5.18344e-06
2.45809e-05
-4.23477e-06
2.40079e-05
-3.43917e-06
2.34701e-05
-2.77395e-06
2.2971e-05
-2.22017e-06
2.25124e-05
-1.76156e-06
2.20956e-05
-1.38376e-06
2.17211e-05
-1.07432e-06
2.13893e-05
-8.222e-07
2.10997e-05
-6.17033e-07
2.08526e-05
-4.49825e-07
2.06474e-05
-3.12055e-07
2.04838e-05
-1.95968e-07
2.03614e-05
-9.61479e-08
2.02851e-05
2.01532e-05
-1.16479e-05
2.48403e-05
-9.76331e-06
2.45577e-05
-8.16385e-06
2.42094e-05
-6.80573e-06
2.38259e-05
-5.65287e-06
2.3428e-05
-4.67529e-06
2.30303e-05
-3.84792e-06
2.26427e-05
-3.14936e-06
2.22725e-05
-2.56138e-06
2.19245e-05
-2.06812e-06
2.16024e-05
-1.65567e-06
2.13088e-05
-1.31129e-06
2.10451e-05
-1.02443e-06
2.0813e-05
-7.84868e-07
2.06132e-05
-5.83607e-07
2.04463e-05
-4.12127e-07
2.03124e-05
-2.62582e-07
2.02119e-05
-1.29121e-07
2.01517e-05
2.00241e-05
-1.18764e-05
2.27107e-05
-1.0047e-05
2.27283e-05
-8.47709e-06
2.26395e-05
-7.13102e-06
2.24798e-05
-5.9782e-06
2.22752e-05
-4.99235e-06
2.20445e-05
-4.15085e-06
2.18013e-05
-3.43407e-06
2.15558e-05
-2.82492e-06
2.13154e-05
-2.30836e-06
2.10859e-05
-1.87102e-06
2.08715e-05
-1.50113e-06
2.06754e-05
-1.18789e-06
2.05e-05
-9.21618e-07
2.03471e-05
-6.93142e-07
2.02179e-05
-4.94363e-07
2.01137e-05
-3.17445e-07
2.0035e-05
-1.56196e-07
1.99905e-05
1.98679e-05
-1.18584e-05
2.07116e-05
-1.01176e-05
2.09876e-05
-8.60638e-06
2.11283e-05
-7.29751e-06
2.11711e-05
-6.16637e-06
2.11442e-05
-5.19088e-06
2.10691e-05
-4.3514e-06
2.09619e-05
-3.63045e-06
2.08348e-05
-3.01249e-06
2.06975e-05
-2.48363e-06
2.05571e-05
-2.03137e-06
2.04193e-05
-1.64453e-06
2.02886e-05
-1.31286e-06
2.01684e-05
-1.02699e-06
2.00613e-05
-7.78329e-07
1.99693e-05
-5.58726e-07
1.98941e-05
-3.60544e-07
1.98369e-05
-1.77437e-07
1.98074e-05
1.96905e-05
-1.16287e-05
1.88663e-05
-1e-05
1.93591e-05
-8.56958e-06
1.96982e-05
-7.31814e-06
1.99199e-05
-6.22683e-06
2.00532e-05
-5.27785e-06
2.01203e-05
-4.45474e-06
2.01388e-05
-3.74239e-06
2.01225e-05
-3.127e-06
2.0082e-05
-2.59605e-06
2.00261e-05
-2.13809e-06
1.99613e-05
-1.74272e-06
1.98932e-05
-1.40034e-06
1.9826e-05
-1.10209e-06
1.9763e-05
-8.39756e-07
1.9707e-05
-6.05541e-07
1.96599e-05
-3.9208e-07
1.96234e-05
-1.92965e-07
1.96083e-05
1.94975e-05
-1.12217e-05
1.71866e-05
-9.71997e-06
1.78576e-05
-8.38609e-06
1.83647e-05
-7.20752e-06
1.87418e-05
-6.17064e-06
1.90166e-05
-5.2617e-06
1.92116e-05
-4.46735e-06
1.93446e-05
-3.77486e-06
1.943e-05
-3.17231e-06
1.94794e-05
-2.64862e-06
1.95023e-05
-2.19351e-06
1.95062e-05
-1.79747e-06
1.94971e-05
-1.45165e-06
1.94801e-05
-1.14779e-06
1.94591e-05
-8.78145e-07
1.94373e-05
-6.35355e-07
1.94171e-05
-4.12426e-07
1.94005e-05
-2.02956e-07
1.93988e-05
1.92945e-05
-1.06694e-05
1.56765e-05
-9.30258e-06
1.64911e-05
-8.07547e-06
1.7138e-05
-6.98092e-06
1.76477e-05
-6.00975e-06
1.80458e-05
-5.15179e-06
1.83539e-05
-4.39657e-06
1.85895e-05
-3.73367e-06
1.87671e-05
-3.15302e-06
1.88987e-05
-2.645e-06
1.89942e-05
-2.20054e-06
1.90616e-05
-1.81109e-06
1.91076e-05
-1.4686e-06
1.91375e-05
-1.16547e-06
1.91559e-05
-8.94523e-07
1.91663e-05
-6.48904e-07
1.91714e-05
-4.22049e-07
1.91736e-05
-2.07654e-07
1.91844e-05
1.90868e-05
-1.00001e-05
1.43339e-05
-8.771e-06
1.52625e-05
-7.6565e-06
1.6024e-05
-6.65346e-06
1.66451e-05
-5.7563e-06
1.71491e-05
-4.95789e-06
1.75557e-05
-4.25029e-06
1.7882e-05
-3.62519e-06
1.8142e-05
-3.07427e-06
1.83478e-05
-2.58934e-06
1.85092e-05
-2.16252e-06
1.86347e-05
-1.78624e-06
1.87312e-05
-1.45329e-06
1.88045e-05
-1.15678e-06
1.88594e-05
-8.9015e-07
1.88996e-05
-6.47097e-07
1.89283e-05
-4.21534e-07
1.89479e-05
-2.07352e-07
1.89701e-05
1.88793e-05
-9.23795e-06
1.31532e-05
-8.14593e-06
1.41709e-05
-7.14652e-06
1.5025e-05
-6.23956e-06
1.57386e-05
-5.4222e-06
1.63321e-05
-4.68981e-06
1.68236e-05
-4.03657e-06
1.72289e-05
-3.45606e-06
1.75616e-05
-2.94153e-06
1.78332e-05
-2.48613e-06
1.80537e-05
-2.08312e-06
1.82316e-05
-1.72591e-06
1.83739e-05
-1.40812e-06
1.84866e-05
-1.12362e-06
1.85748e-05
-8.66479e-07
1.86424e-05
-6.30986e-07
1.86927e-05
-4.11567e-07
1.87284e-05
-2.02386e-07
1.87608e-05
1.86769e-05
-8.40348e-06
1.21271e-05
-7.44538e-06
1.32132e-05
-6.56112e-06
1.41412e-05
-5.75254e-06
1.49303e-05
-5.01877e-06
1.55986e-05
-4.35708e-06
1.61622e-05
-3.76346e-06
1.66355e-05
-3.23303e-06
1.70312e-05
-2.76043e-06
1.73606e-05
-2.34007e-06
1.76334e-05
-1.96624e-06
1.78577e-05
-1.6333e-06
1.80409e-05
-1.33571e-06
1.8189e-05
-1.06806e-06
1.83071e-05
-8.25109e-07
1.83994e-05
-6.0173e-07
1.84692e-05
-3.92907e-07
1.85194e-05
-1.93121e-07
1.85608e-05
1.84837e-05
-7.51341e-06
1.12468e-05
-6.68469e-06
1.23848e-05
-5.91406e-06
1.33708e-05
-5.20449e-06
1.42211e-05
-4.55652e-06
1.4951e-05
-3.96882e-06
1.55747e-05
-3.43876e-06
1.61056e-05
-2.96276e-06
1.65554e-05
-2.53667e-06
1.69346e-05
-2.15595e-06
1.72526e-05
-1.8159e-06
1.75177e-05
-1.51176e-06
1.77368e-05
-1.23879e-06
1.7916e-05
-9.92313e-07
1.80606e-05
-7.67749e-07
1.81747e-05
-5.6058e-07
1.8262e-05
-3.66367e-07
1.83251e-05
-1.79961e-07
1.83743e-05
1.83036e-05
-6.58123e-06
1.05039e-05
-5.87675e-06
1.16805e-05
-5.21723e-06
1.27116e-05
-4.60623e-06
1.36104e-05
-4.04512e-06
1.43901e-05
-3.53356e-06
1.50634e-05
-3.06995e-06
1.56422e-05
-2.65176e-06
1.61373e-05
-2.27583e-06
1.65587e-05
-1.93858e-06
1.69154e-05
-1.63619e-06
1.72153e-05
-1.36472e-06
1.74653e-05
-1.1202e-06
1.76715e-05
-8.98667e-07
1.7839e-05
-6.96182e-07
1.79722e-05
-5.08847e-07
1.80745e-05
-3.32806e-07
1.81489e-05
-1.63329e-07
1.82047e-05
1.81403e-05
-5.61766e-06
9.89045e-06
-5.03221e-06
1.10953e-05
-4.48087e-06
1.21605e-05
-3.96732e-06
1.30971e-05
-3.49333e-06
1.39164e-05
-3.05921e-06
1.46295e-05
-2.66411e-06
1.52472e-05
-2.30628e-06
1.57796e-05
-1.98341e-06
1.62359e-05
-1.69272e-06
1.66248e-05
-1.43119e-06
1.69539e-05
-1.19565e-06
1.72299e-05
-9.82841e-07
1.74588e-05
-7.89471e-07
1.76457e-05
-6.12246e-07
1.77949e-05
-4.47886e-07
1.79101e-05
-2.93115e-07
1.79941e-05
-1.43667e-07
1.80552e-05
1.79966e-05
-4.63125e-06
9.39935e-06
-4.15992e-06
1.06241e-05
-3.71376e-06
1.17146e-05
-3.29618e-06
1.26798e-05
-2.90908e-06
1.35295e-05
-2.55309e-06
1.42737e-05
-2.22786e-06
1.49221e-05
-1.93229e-06
1.54841e-05
-1.6647e-06
1.59684e-05
-1.42303e-06
1.63832e-05
-1.20496e-06
1.67359e-05
-1.00802e-06
1.7033e-05
-8.29609e-07
1.72804e-05
-6.67095e-07
1.74832e-05
-5.17808e-07
1.76456e-05
-3.79074e-07
1.77714e-05
-2.48211e-07
1.78632e-05
-1.2143e-07
1.79284e-05
1.78752e-05
-3.62865e-06
9.0246e-06
-3.26717e-06
1.02628e-05
-2.92339e-06
1.1371e-05
-2.60025e-06
1.23568e-05
-2.29951e-06
1.32289e-05
-2.02192e-06
1.39962e-05
-1.76746e-06
1.46678e-05
-1.53547e-06
1.52522e-05
-1.32482e-06
1.57578e-05
-1.13406e-06
1.61925e-05
-9.61483e-07
1.65634e-05
-8.0525e-07
1.68768e-05
-6.63405e-07
1.71386e-05
-5.33924e-07
1.73537e-05
-4.14753e-07
1.75265e-05
-3.03813e-07
1.76604e-05
-1.99023e-07
1.77584e-05
-9.70923e-08
1.78265e-05
1.77782e-05
-2.61514e-06
8.76156e-06
-2.36003e-06
1.00079e-05
-2.11626e-06
1.11274e-05
-1.88613e-06
1.21268e-05
-1.67111e-06
1.3014e-05
-1.47193e-06
1.37971e-05
-1.28874e-06
1.44846e-05
-1.12123e-06
1.50847e-05
-9.68705e-07
1.56054e-05
-8.30227e-07
1.60541e-05
-7.04663e-07
1.64379e-05
-5.90745e-07
1.67629e-05
-4.87109e-07
1.7035e-05
-3.92334e-07
1.7259e-05
-3.04961e-07
1.74391e-05
-2.2351e-07
1.7579e-05
-1.46491e-07
1.76815e-05
-7.1146e-08
1.77512e-05
1.7707e-05
-1.59524e-06
8.60671e-06
-1.44387e-06
9.8566e-06
-1.29824e-06
1.09818e-05
-1.15993e-06
1.19886e-05
-1.03001e-06
1.28841e-05
-9.09094e-07
1.36762e-05
-7.97417e-07
1.4373e-05
-6.9491e-07
1.49822e-05
-6.01262e-07
1.55118e-05
-5.15985e-07
1.59689e-05
-4.38453e-07
1.63604e-05
-3.67944e-07
1.66924e-05
-3.03662e-07
1.69707e-05
-2.44765e-07
1.72001e-05
-1.90373e-07
1.73848e-05
-1.39608e-07
1.75283e-05
-9.15813e-08
1.76335e-05
-4.41402e-08
1.77038e-05
1.76629e-05
-5.49011e-07
-4.99078e-07
-4.50515e-07
-4.03965e-07
-3.59882e-07
-3.18559e-07
-2.80152e-07
-2.447e-07
-2.12153e-07
-1.82386e-07
-1.55221e-07
-1.30433e-07
-1.07768e-07
-8.69482e-08
-6.76809e-08
-4.967e-08
-3.26143e-08
-1.55838e-08
)
;

boundaryField
{
    leftWall
    {
        type            calculated;
        value           uniform 0;
    }
    rightWall
    {
        type            calculated;
        value           uniform 0;
    }
    lowerWall
    {
        type            calculated;
        value           uniform 0;
    }
    atmosphere
    {
        type            calculated;
        value           nonuniform List<scalar> 
46
(
-2.49572e-05
-2.48766e-05
-2.45175e-05
-2.39798e-05
-2.3269e-05
-2.23919e-05
-2.13567e-05
-2.01736e-05
-1.88548e-05
-1.74143e-05
-1.58683e-05
-1.42343e-05
-1.25313e-05
-1.07795e-05
-8.99892e-06
-7.20978e-06
-5.43107e-06
-3.68016e-06
-1.97198e-06
-3.18409e-07
1.2608e-06
2.75021e-06
4.1454e-06
2.41225e-06
2.69248e-06
2.96236e-06
3.2222e-06
8.55632e-06
9.80671e-06
1.09333e-05
1.1942e-05
1.284e-05
1.36349e-05
1.43346e-05
1.49468e-05
1.54793e-05
1.59391e-05
1.63332e-05
1.66677e-05
1.69481e-05
1.71793e-05
1.73655e-05
1.75103e-05
1.76164e-05
1.76868e-05
1.76473e-05
)
;
    }
    defaultFaces
    {
        type            empty;
    }
}


// ************************************************************************* //
