/*--------------------------------*- C++ -*----------------------------------*\
  =========                 |
  \\      /  F ield         | OpenFOAM: The Open Source CFD Toolbox
   \\    /   O peration     | Website:  https://openfoam.org
    \\  /    A nd           | Version:  13
     \\/     M anipulation  |
\*---------------------------------------------------------------------------*/
FoamFile
{
    format      ascii;
    class       volScalarField;
    location    "0.05";
    object      rho;
}
// * * * * * * * * * * * * * * * * * * * * * * * * * * * * * * * * * * * * * //

dimensions      [1 -3 0 0 0 0 0];

internalField   nonuniform List<scalar> 
2268
(
1000
1000
1000
1000
1000
1000
1000
1000
1000
1000
1000
1000
1000
944.637
483.801
34.7421
8.70606
2.59876
1.24202
1.02707
1.00211
1.00019
1.00015
999.999
1000
1000
1000
1000
999.999
999.999
1000
1000
1000
1000
1000
999.082
746.078
223.196
26.1577
8.35895
2.61534
1.26742
1.03206
1.00261
1.00019
1.00009
1000
1000
1000
1000
1000
1000
1000
1000
1000
1000
1000
1000
986.957
481.459
44.1746
11.8147
5.41785
2.40194
1.24176
1.02429
1.0022
1.00015
1.00004
1000
1000
1000
1000
1000
1000
1000
1000
1000
1000
1000
1000
955.37
317.996
16.4969
5.68346
2.47255
1.43446
1.08701
1.00878
1.00078
1.00005
1.00002
1000
1000
1000
1000
1000
1000
1000
1000
1000
1000
1000
1000
905.079
218.155
9.72297
3.07124
1.54763
1.11976
1.0201
1.00268
1.00026
1.00002
1.00001
1000
1000
1000
1000
1000
1000
1000
1000
1000
1000
1000
1000
849.277
146.279
6.39452
1.95346
1.21383
1.04284
1.00737
1.00105
1.00011
1.00001
1
1000
1000
1000
1000
1000
1000
1000
1000
1000
1000
1000
1000
796.82
100.512
3.8337
1.42954
1.07821
1.015
1.00255
1.00038
1.00005
1
1
1000
1000
1000
1000
1000
1000
1000
1000
1000
1000
1000
1000
752.171
73.4589
2.53149
1.20927
1.03072
1.00527
1.00088
1.00013
1.00002
1
1
1
1
1
1
1
1
1
1
1
1
1
1
1
1
1
1
1
1
1
1
1
1
1
1
1
1
1
1
1
1
1
1
1
1
1
1
1
1
1
1
1
1
1
1
1
1
1
1
1
1
1
1
1
1
1
1
1
1
1
1
1
1
1
1
1
1
1
1
1
1
1
1
1
1
1
1
1
1
1
1
1
1
1
1
1
1
1
1
1
1
1
1
1
1
1
1
1
1
1
1
1
1
1
1
1
1
1
1
1
1
1
1
1
1
1
1
1
1
1
1
1
1
1
1
1
1
1
1
1
1
1
1
1
1
1
1
1
1
1
1
1
1
1
1
1
1
1
1
1
1
1
1
1000
1000
1000
1000
1000
1000
1000
1000
1000
1000
1000
1000
688.276
45.879
1.8559
1.10481
1.01253
1.00143
1.00021
1.00003
1
1
1
1000
1000
1000
1000
1000
1000
1000
1000
1000
1000
1000
1000
592.674
19.4635
1.4272
1.04887
1.00381
1.00041
1.00005
1.00001
1
1
1
1000
1000
1000
1000
1000
1000
1000
1000
1000
1000
1000
1000
512.262
8.14479
1.21507
1.02621
1.00201
1.00015
1.00002
1
1
1
1
1000
1000
1000
1000
1000
1000
1000
1000
1000
1000
1000
1000
442.509
3.82799
1.13606
1.01299
1.00093
1.00006
1
1
1
1
1
1000
1000
1000
1000
1000
1000
1000
1000
1000
1000
1000
1000
382.22
2.07041
1.09469
1.00679
1.00042
1.00003
1
1
1
1
1
1000
1000
1000
1000
1000
1000
1000
1000
1000
1000
1000
1000
330.003
1.69436
1.06402
1.00374
1.00021
1.00001
1
1
1
1
1
1000
1000
1000
1000
1000
1000
1000
1000
1000
1000
1000
1000
285.136
1.46265
1.04108
1.00204
1.0001
1.00001
1
1
1
1
1
1000
1000
1000
1000
1000
1000
1000
1000
1000
1000
1000
1000
246.258
1.31948
1.02577
1.00112
1.00005
1
1
1
1
1
1
1000
1000
1000
1000
1000
1000
1000
1000
1000
1000
1000
1000
212.395
1.22864
1.01666
1.00064
1.00003
1
1
1
1
1
1
1000
1000
1000
1000
1000
1000
1000
1000
1000
1000
1000
1000
182.795
1.17774
1.01161
1.00041
1.00002
1
1
1
1
1
1
1000
1000
1000
1000
1000
1000
1000
1000
1000
1000
1000
1000
156.848
1.15894
1.00826
1.00026
1.00001
1
1
1
1
1
1
1000
1000
1000
1000
1000
1000
1000
1000
1000
1000
1000
1000
134.081
1.13036
1.00478
1.00013
1
1
1
1
1
1
1
1000
1000
1000
1000
1000
1000
1000
1000
1000
999.999
999.999
999.999
114.187
1.09841
1.00342
1.00006
1
1
1
1
1
1
1
999.998
999.998
999.998
999.998
999.997
999.997
999.997
999.997
999.996
999.996
999.995
999.99
96.7643
1.07297
1.00085
1.00002
1
1
1
1
1
1
1
999.983
999.983
999.982
999.981
999.98
999.978
999.976
999.973
999.97
999.965
999.964
999.933
78.6373
1.04716
1.00073
1.00002
1
1
1
1
1
1
1
999.859
999.856
999.852
999.846
999.836
999.825
999.81
999.791
999.77
999.736
999.738
999.53
64.9733
1.0444
1.00198
1.00002
1
1
1
1
1
1
1
998.833
998.812
998.786
998.743
998.683
998.607
998.512
998.395
998.262
998.04
997.929
996.725
139.55
1.10009
1.003
1.00028
1
1
1
1
1
1
1
941.386
940.566
939.141
937.006
934.024
930.205
925.472
919.556
913.152
898.912
884.656
743.08
225.611
3.24412
1.01799
1.00085
1.00009
1
1
1
1
1
1
285.265
283.601
280.438
275.932
269.99
262.703
254.023
243.631
233.289
209.199
188.9
50.8851
61.2263
22.1567
1.25572
1.00861
1.00023
1
1
1
1
1
1
1
1
1
1
1
1
1
1
1
1
1.00001
1.00015
1.00164
6.16465
2.56231
1.04015
1.00036
1
1
1
1
1
1
1
1
1
1
1
1
1
1
1
1
1.00002
1.00022
1.07891
1.21485
1.38075
1.01236
1.00007
1
1
1
1
1
1
1
1
1
1
1
1
1
1
1
1
1
1.00001
1.00041
1.00434
1.00105
1.00012
1.00002
1
1
1
1
1
1
1
1
1
1
1
1
1
1
1
1
1
1
1.00003
1.00014
1.00003
1.00001
1
1
1
1
1
1
1
1
1
1
1
1
1
1
1
1
1
1
1
1
1
1
1
1
1
1
1
1
1
1
1
1
1
1
1
1
1
1
1
1
1
1
1
1
1
1
1
1
1
1
1
1
1
1
1
1
1
1
1
1
1
1
1
1
1
1
1
1
1
1
1
1
1
1
1
1
1
1
1
1
1
1
1
1
1
1
1
1
1
1
1
1
1
1
1
1
1
1
1
1
1
1
1
1
1
1
1
1
1
1
1
1
1
1
1
1
1
1
1
1
1
1
1
1
1
1
1
1
1
1
1
1
1
1
1
1
1
1
1
1
1
1
1
1
1
1
1
1
1
1
1
1
1
1
1
1
1
1
1
1
1
1
1
1
1
1
1
1
1
1
1
1
1
1
1
1
1
1
1
1
1
1
1
1
1
1
1
1
1
1
1
1
1
1
1
1
1
1
1
1
1
1
1
1
1
1
1
1
1
1
1
1
1
1
1
1
1
1
1
1
1
1
1
1
1
1
1
1
1
1
1
1
1
1
1
1
1
1
1
1
1
1
1
1
1
1
1
1
1
1
1
1
1
1
1
1
1
1
1
1
1
1
1
1
1
1
1
1
1
1
1
1
1
1
1
1
1
1
1
1
1
1
1
1
1
1
1
1
1
1
1
1
1
1
1
1
1
1
1
1
1
1
1
1
1
1
1
1
1
1
1
1
1
1
1
1
1
1
1
1
1
1
1
1
1
1
1
1
1
1
1
1
1
1
1
1
1
1
1
1
1
1
1
1
1
1
1
1
1
1
1
1
1
1
1
1
1
1
1
1
1
1
1
1
1
1
1
1
1
1
1
1
1
1
1
1
1
1
1
1
1
1
1
1
1
1
1
1
1
1
1
1
1
1
1
1
1
1
1
1
1
1
1
1
1
1
1
1
1
1
1
1
1
1
1
1
1
1
1
1
1
1
1
1
1
1
1
1
1
1
1
1
1
1
1
1
1
1
1
1
1
1
1
1
1
1
1
1
1
1
1
1
1
1
1
1
1
1
1
1
1
1
1
1
1
1
1
1
1
1
1
1
1
1
1
1
1
1
1
1
1
1
1
1
1
1
1
1
1
1
1
1
1
1
1
1
1
1
1
1
1
1
1
1
1
1
1
1
1
1
1
1
1
1
1
1
1
1
1
1
1
1
1
1
1
1
1
1
1
1
1
1
1
1
1
1
1
1
1
1
1
1
1
1
1
1
1
1
1
1
1
1
1
1
1
1
1
1
1
1
1
1
1
1
1
1
1
1
1
1
1
1
1
1
1
1
1
1
1
1
1
1
1
1
1
1
1
1
1
1
1
1
1
1
1
1
1
1
1
1
1
1
1
1
1
1
1
1
1
1
1
1
1
1
1
1
1
1
1
1
1
1
1
1
1
1
1
1
1
1
1
1
1
1
1
1
1
1
1
1
1
1
1
1
1
1
1
1
1
1
1
1
1
1
1
1
1
1
1
1
1
1
1
1
1
1
1
1
1
1
1
1
1
1
1
1
1
1
1
1
1
1
1
1
1
1
1
1
1
1
1
1
1
1
1
1
1
1
1
1
1
1
1
1
1
1
1
1
1
1
1
1
1
1
1
1
1
1
1
1
1
1
1
1
1
1
1
1
1
1
1
1
1
1
1
1
1
1
1
1
1
1
1
1
1
1
1
1
1
1
1
1
1
1
1
1
1
1
1
1
1
1
1
1
1
1
1
1
1
1
1
1
1
1
1
1
1
1
1
1
1
1
1
1
1
1
1
1
1
1
1
1
1
1
1
1
1
1
1
1
1
1
1
1
1
1
1
1
1
1
1
1
1
1
1
1
1
1
1
1
1
1
1
1
1
1
1
1
1
1
1
1
1
1
1
1
1
1
1
1
1
1
1
1
1
1
1
1
1
1
1
1
1
1
1
1
1
1
1
1
1
1
1
1
1
1
1
1
1
1
1
1
1
1
1
1
1
1
1
1
1
1
1
1
1
1
1
1
1
1
1
1
1
1
1
1
1
1
1
1
1
1
1
1
1
1
1
1
1
1
1
1
1
1
1
1
1
1
1
1
1
1
1
1
1
1
1
1
1
1
1
1
1
1
1
1
1
1
1
1
1
1
1
1
1
1
1
1
1
1
1
1
1
1
1
1
1
1
1
1
1
1
1
1
1
1
1
1
1
1
1
1
1
1
1
1
1
1
1
1
1
1
1
1
1
1
1
1
1
1
1
1
1
1
1
1
1
1
1
1
1
1
1
1
1
1
1
1
1
1
1
1
1
1
1
1
1
1
1
1
1
1
1
1
1
1
1
1
1
1
1
1
1
1
1
1
1
1
1
1
1
1
1
1
1
1
1
1
1
1
1
1
1
1
1
1
1
1
1
1
1
1
1
1
1
1
1
1
1
1
1
1
1
1
1
1
1
1
1
1
1
1
1
1
1
1
1
1
1
1
1
1
1
1
1
1
1
1
1
1
1
1
1
1
1
1
1
1
1
1
1
1
1
1
1
1
1
1
1
1
1
1
1
1
1
1
1
1
1
1
1
1
1
1
1
1
1
1
1
1
1
1
1
1
1
1
1
1
1
1
1
1
1
1
1
1
1
1
1
1
1
1
1
1
1
1
1
1
1
1
1
1
1
1
1
1
1
1
1
1
1
1
1
1
1
1
1
1
1
1
1
1
1
1
1
1
1
1
1
1
1
1
1
1
1
1
1
1
1
1
1
1
1
1
1
1
1
1
1
1
1
1
1
1
1
1
1
1
1
1
1
1
1
1
1
1
1
1
1
1
1
1
1
1
1
1
1
1
1
1
1
1
1
1
1
1
1
1
1
1
1
1
1
1
1
1
1
1
1
1
1
1
1
1
1
1
1
1
1
1
1
1
1
1
1
1
1
1
1
1
1
1
1
1
1
1
1
1
1
1
1
1
1
1
1
1
1
1
1
1
1
1
1
1
1
1
1
1
1
1
1
1
1
1
1
1
1
1
1
1
1
1
1
1
1
1
1
1
1
1
1
1
1
1
1
1
1
1
1
1
1
1
1
1
1
1
1
1
1
1
1
1
1
1
1
1
1
1
1
1
1
1
1
1
1
1
1
1
1
1
1
1
1
1
1
1
1
1
1
1
1
1
1
1
1
1
1
1
1
1
1
1
1
1
1
1
1
1
1
1
)
;

boundaryField
{
    leftWall
    {
        type            calculated;
        value           nonuniform List<scalar> 
50
(
1000
999.999
1000
1000
1000
1000
1000
1000
1000
1000
1000
1000
1000
1000
1000
1000
1000
1000
1000
1000
1000
999.998
999.983
999.859
998.833
941.386
285.265
1
1
1
1
1
1
1
1
1
1
1
1
1
1
1
1
1
1
1
1
1
1
1
)
;
    }
    rightWall
    {
        type            calculated;
        value           uniform 1;
    }
    lowerWall
    {
        type            calculated;
        value           nonuniform List<scalar> 
62
(
1000
1000
1000
1000
1000
1000
1000
1000
1000
1000
1000
1000
1000
944.637
483.801
34.7421
8.70606
2.59876
1.24202
1.02707
1.00211
1.00019
1.00015
1.00015
1.00009
1.00004
1.00002
1.00001
1
1
1
1
1
1
1
1
1
1
1
1
1
1
1
1
1
1
1
1
1
1
1
1
1
1
1
1
1
1
1
1
1
1
)
;
    }
    atmosphere
    {
        type            calculated;
        value           uniform 1;
    }
    defaultFaces
    {
        type            empty;
    }
}


// ************************************************************************* //
