/*--------------------------------*- C++ -*----------------------------------*\
  =========                 |
  \\      /  F ield         | OpenFOAM: The Open Source CFD Toolbox
   \\    /   O peration     | Website:  https://openfoam.org
    \\  /    A nd           | Version:  13
     \\/     M anipulation  |
\*---------------------------------------------------------------------------*/
FoamFile
{
    format      ascii;
    class       volVectorField;
    location    "0.05";
    object      U;
}
// * * * * * * * * * * * * * * * * * * * * * * * * * * * * * * * * * * * * * //

dimensions      [0 1 -1 0 0 0 0];

internalField   nonuniform List<vector> 
2268
(
(0.0182415 -0.00862207 0)
(0.055754 -0.00915868 0)
(0.0946069 -0.0092303 0)
(0.134452 -0.00961834 0)
(0.176311 -0.010208 0)
(0.221112 -0.0110211 0)
(0.26997 -0.0121297 0)
(0.323983 -0.0136448 0)
(0.387476 -0.0157785 0)
(0.452975 -0.0186885 0)
(0.556226 -0.0238304 0)
(0.64431 -0.0295554 0)
(0.731468 -0.040302 0)
(0.880337 -0.0545665 0)
(1.10404 -0.0506261 0)
(1.39394 -0.00916522 0)
(1.35725 0.0225561 0)
(1.03045 0.0557237 0)
(0.739772 0.0634998 0)
(0.52641 0.045107 0)
(0.351437 0.0358867 0)
(0.205061 0.0327216 0)
(0.0686548 0.0322746 0)
(0.0182081 -0.0258104 0)
(0.0556581 -0.0274141 0)
(0.0944294 -0.0276335 0)
(0.134168 -0.0287905 0)
(0.175887 -0.0305447 0)
(0.220492 -0.0329604 0)
(0.26907 -0.0362487 0)
(0.32265 -0.0407425 0)
(0.385539 -0.0470139 0)
(0.449546 -0.0557747 0)
(0.553095 -0.0703985 0)
(0.632662 -0.0862377 0)
(0.711297 -0.116124 0)
(0.895213 -0.149093 0)
(1.2059 -0.13708 0)
(1.56633 -0.0377869 0)
(1.63422 0.0496749 0)
(1.34964 0.165495 0)
(0.92361 0.211081 0)
(0.60296 0.160948 0)
(0.392784 0.118688 0)
(0.229971 0.102954 0)
(0.0777931 0.100629 0)
(0.0180976 -0.0429708 0)
(0.0553084 -0.0456095 0)
(0.093804 -0.0459758 0)
(0.133225 -0.047886 0)
(0.17456 -0.0507785 0)
(0.218671 -0.054756 0)
(0.266581 -0.0601581 0)
(0.319214 -0.0675245 0)
(0.380707 -0.0777026 0)
(0.442287 -0.0921395 0)
(0.544224 -0.114502 0)
(0.613018 -0.140587 0)
(0.684417 -0.193507 0)
(0.877885 -0.242706 0)
(1.17997 -0.239103 0)
(1.34715 -0.135305 0)
(1.31804 0.0912662 0)
(1.02936 0.329099 0)
(0.696908 0.370999 0)
(0.504807 0.271337 0)
(0.356529 0.198646 0)
(0.21683 0.173175 0)
(0.0748368 0.171467 0)
(0.017936 -0.060014 0)
(0.0547901 -0.0636485 0)
(0.0928763 -0.0641567 0)
(0.131832 -0.0667896 0)
(0.172608 -0.0707696 0)
(0.216 -0.0762306 0)
(0.262947 -0.0836236 0)
(0.314235 -0.0936601 0)
(0.37371 -0.107401 0)
(0.432196 -0.126899 0)
(0.530548 -0.155655 0)
(0.586605 -0.191256 0)
(0.641103 -0.270222 0)
(0.82409 -0.333042 0)
(1.07293 -0.274942 0)
(1.12253 -0.139094 0)
(0.902701 0.170203 0)
(0.620064 0.463615 0)
(0.488377 0.464432 0)
(0.422139 0.338552 0)
(0.324565 0.260072 0)
(0.208027 0.235822 0)
(0.0742938 0.24047 0)
(0.0177256 -0.0768907 0)
(0.0541099 -0.0814699 0)
(0.0916584 -0.0821111 0)
(0.13001 -0.0854273 0)
(0.170062 -0.0904277 0)
(0.212533 -0.0972679 0)
(0.258252 -0.106488 0)
(0.307854 -0.118928 0)
(0.364801 -0.135795 0)
(0.419635 -0.159572 0)
(0.513024 -0.193426 0)
(0.554422 -0.236609 0)
(0.595303 -0.332129 0)
(0.76135 -0.399375 0)
(0.945365 -0.292998 0)
(0.906686 -0.0637509 0)
(0.549835 0.293433 0)
(0.375358 0.518847 0)
(0.383454 0.477898 0)
(0.370056 0.36867 0)
(0.30213 0.305976 0)
(0.205292 0.291301 0)
(0.0769701 0.308899 0)
(0.0174687 -0.0935139 0)
(0.0532769 -0.098972 0)
(0.0901685 -0.0997345 0)
(0.127789 -0.103683 0)
(0.166969 -0.109617 0)
(0.20834 -0.117704 0)
(0.25261 -0.128545 0)
(0.300251 -0.143071 0)
(0.354285 -0.162543 0)
(0.405097 -0.189732 0)
(0.492634 -0.227114 0)
(0.518677 -0.275865 0)
(0.550398 -0.380889 0)
(0.701603 -0.44428 0)
(0.829869 -0.288865 0)
(0.678146 0.0538095 0)
(0.327106 0.389343 0)
(0.285236 0.516643 0)
(0.336945 0.464469 0)
(0.336303 0.384654 0)
(0.287836 0.341504 0)
(0.209734 0.340362 0)
(0.0839095 0.380739 0)
(0.0171718 -0.109886 0)
(0.0523079 -0.11615 0)
(0.0884352 -0.117022 0)
(0.125215 -0.12155 0)
(0.1634 -0.12833 0)
(0.203528 -0.137533 0)
(0.24618 -0.149799 0)
(0.291674 -0.166106 0)
(0.342547 -0.187687 0)
(0.38925 -0.217536 0)
(0.47045 -0.256661 0)
(0.481345 -0.309086 0)
(0.506838 -0.419462 0)
(0.643356 -0.475404 0)
(0.724498 -0.244968 0)
(0.472923 0.179248 0)
(0.230353 0.441398 0)
(0.262873 0.496839 0)
(0.310416 0.449837 0)
(0.313409 0.394653 0)
(0.281143 0.368055 0)
(0.224729 0.380823 0)
(0.100796 0.453811 0)
(0.0168447 -0.126199 0)
(0.0512206 -0.13322 0)
(0.0864851 -0.134193 0)
(0.122337 -0.139256 0)
(0.159432 -0.146809 0)
(0.198215 -0.157015 0)
(0.239138 -0.17053 0)
(0.282403 -0.188344 0)
(0.330001 -0.211623 0)
(0.372978 -0.243486 0)
(0.447912 -0.28303 0)
(0.444324 -0.337103 0)
(0.4656 -0.449256 0)
(0.588644 -0.496731 0)
(0.617749 -0.182233 0)
(0.324455 0.278696 0)
(0.207709 0.459877 0)
(0.25655 0.474239 0)
(0.291446 0.437323 0)
(0.298227 0.399876 0)
(0.280762 0.386462 0)
(0.252725 0.416905 0)
(0.101114 0.552507 0)
(0.0158851 -0.00663102 0)
(0.0451233 -0.0055794 0)
(0.0668513 -0.00350074 0)
(0.0792932 -0.00174308 0)
(0.0844957 -0.000481869 0)
(0.0847205 0.00034368 0)
(0.0817832 0.000851845 0)
(0.076981 0.00114846 0)
(0.071083 0.00131661 0)
(0.0645851 0.00140528 0)
(0.0577823 0.00144653 0)
(0.0508546 0.00145953 0)
(0.0439044 0.00145688 0)
(0.0369892 0.00144547 0)
(0.0301329 0.00143166 0)
(0.0233438 0.00141733 0)
(0.0166163 0.00140565 0)
(0.00994162 0.00139615 0)
(0.00330493 0.00139761 0)
(0.0167219 -0.020341 0)
(0.047431 -0.017221 0)
(0.0698342 -0.01072 0)
(0.0822626 -0.00528417 0)
(0.0872021 -0.00142934 0)
(0.0872577 0.00107089 0)
(0.084211 0.00261972 0)
(0.0792526 0.00353278 0)
(0.0731679 0.00405071 0)
(0.0664683 0.0043239 0)
(0.0594569 0.0044495 0)
(0.0523197 0.00448806 0)
(0.0451614 0.00447848 0)
(0.0380428 0.00444346 0)
(0.0309874 0.00439987 0)
(0.0240032 0.00435608 0)
(0.0170838 0.0043196 0)
(0.0102198 0.00429221 0)
(0.00339156 0.00426111 0)
(0.0178549 -0.0347509 0)
(0.0502982 -0.0292742 0)
(0.0731111 -0.017851 0)
(0.0848892 -0.00857258 0)
(0.0890092 -0.00214855 0)
(0.0883405 0.00195741 0)
(0.0847582 0.00449138 0)
(0.0794663 0.00598584 0)
(0.0731896 0.00682955 0)
(0.0663857 0.00727222 0)
(0.059324 0.00747243 0)
(0.0521695 0.00753061 0)
(0.0450135 0.00750983 0)
(0.037908 0.00744895 0)
(0.0308723 0.00737308 0)
(0.0239112 0.00729908 0)
(0.0170172 0.00723699 0)
(0.0101798 0.00719295 0)
(0.00337829 0.00714256 0)
(0.019695 -0.0504142 0)
(0.0549001 -0.0420845 0)
(0.0782591 -0.0248036 0)
(0.0888902 -0.0114063 0)
(0.0916857 -0.00245276 0)
(0.0900074 0.00315342 0)
(0.0857536 0.00656939 0)
(0.0800324 0.00856715 0)
(0.0734919 0.00968541 0)
(0.0665289 0.0102658 0)
(0.0593739 0.0105221 0)
(0.0521667 0.0105887 0)
(0.0449833 0.0105495 0)
(0.0378659 0.010458 0)
(0.0308286 0.0103477 0)
(0.0238727 0.010242 0)
(0.0169877 0.0101536 0)
(0.0101614 0.0100916 0)
(0.00337202 0.0100195 0)
(0.022106 -0.0668431 0)
(0.0616308 -0.0559364 0)
(0.0855706 -0.0313632 0)
(0.0943251 -0.0135089 0)
(0.0951983 -0.00218753 0)
(0.0921488 0.00475079 0)
(0.0870232 0.00890596 0)
(0.0807549 0.0113076 0)
(0.0738803 0.012638 0)
(0.0667157 0.0133174 0)
(0.0594415 0.0136052 0)
(0.0521663 0.0136645 0)
(0.0449471 0.0135973 0)
(0.0378141 0.0134697 0)
(0.0307746 0.0133217 0)
(0.0238246 0.0131821 0)
(0.0169506 0.0130656 0)
(0.0101381 0.0129842 0)
(0.00336392 0.0128904 0)
(0.0246302 -0.0834599 0)
(0.0705857 -0.0711405 0)
(0.0954209 -0.0372699 0)
(0.101216 -0.0145355 0)
(0.0994539 -0.00116705 0)
(0.0946891 0.00686304 0)
(0.088504 0.011562 0)
(0.0815875 0.0142432 0)
(0.0743219 0.0157086 0)
(0.0669222 0.016439 0)
(0.0595092 0.0167285 0)
(0.0521551 0.0167623 0)
(0.0448952 0.0166558 0)
(0.0377454 0.0164849 0)
(0.0307044 0.0162948 0)
(0.0237627 0.016118 0)
(0.016903 0.0159713 0)
(0.0101081 0.0158692 0)
(0.00335356 0.0157535 0)
(0.0413116 -0.116194 0)
(0.0841537 -0.089475 0)
(0.108222 -0.0420246 0)
(0.109543 -0.0140499 0)
(0.104297 0.000968137 0)
(0.0975158 0.00960433 0)
(0.090118 0.0145881 0)
(0.0824834 0.0174022 0)
(0.074788 0.0189139 0)
(0.0671306 0.0196407 0)
(0.0595661 0.0198982 0)
(0.0521267 0.0198855 0)
(0.0448236 0.0197268 0)
(0.0376571 0.0195039 0)
(0.0306165 0.019266 0)
(0.0236859 0.0190482 0)
(0.0168442 0.0188692 0)
(0.0100713 0.0187451 0)
(0.0033409 0.0186072 0)
(0.129401 -0.164021 0)
(0.120373 -0.105999 0)
(0.12513 -0.0428241 0)
(0.119106 -0.0115261 0)
(0.109488 0.004258 0)
(0.100436 0.0130026 0)
(0.0917803 0.018005 0)
(0.083397 0.0207984 0)
(0.0752524 0.0222643 0)
(0.0673259 0.0229307 0)
(0.0596034 0.0231206 0)
(0.0520755 0.0230386 0)
(0.0447286 0.0228127 0)
(0.0375466 0.022528 0)
(0.0305088 0.0222357 0)
(0.0235928 0.0219728 0)
(0.0167734 0.0217591 0)
(0.0100274 0.0216115 0)
(0.00332587 0.021451 0)
(0.0162645 -0.150375 0)
(0.049314 -0.158362 0)
(0.0830909 -0.15945 0)
(0.117351 -0.165178 0)
(0.152592 -0.173662 0)
(0.189125 -0.185037 0)
(0.227221 -0.199944 0)
(0.266927 -0.219302 0)
(0.309474 -0.24421 0)
(0.34732 -0.277223 0)
(0.41305 -0.317388 0)
(0.39224 -0.370012 0)
(0.411029 -0.476499 0)
(0.518453 -0.497312 0)
(0.510279 -0.0588404 0)
(0.225769 0.372112 0)
(0.211044 0.459615 0)
(0.247602 0.449268 0)
(0.270873 0.422904 0)
(0.285151 0.39836 0)
(0.294542 0.390367 0)
(0.337976 0.413896 0)
(0.398225 0.542552 0)
(0.0153143 -0.182188 0)
(0.0462732 -0.191213 0)
(0.0777383 -0.192422 0)
(0.109513 -0.198864 0)
(0.141909 -0.208302 0)
(0.175063 -0.220817 0)
(0.209039 -0.236989 0)
(0.243661 -0.257594 0)
(0.27959 -0.283573 0)
(0.310053 -0.316551 0)
(0.364132 -0.356604 0)
(0.328159 -0.405515 0)
(0.351048 -0.502942 0)
(0.438077 -0.480853 0)
(0.359782 0.116414 0)
(0.1761 0.423263 0)
(0.203909 0.444715 0)
(0.230397 0.424017 0)
(0.250121 0.40249 0)
(0.270513 0.382144 0)
(0.294372 0.366758 0)
(0.334081 0.357405 0)
(0.412187 0.342467 0)
(0.0142657 -0.211907 0)
(0.042944 -0.221557 0)
(0.0719192 -0.222822 0)
(0.101054 -0.229679 0)
(0.130493 -0.239611 0)
(0.160235 -0.252638 0)
(0.190196 -0.269233 0)
(0.220059 -0.289993 0)
(0.250142 -0.315595 0)
(0.274386 -0.34713 0)
(0.319221 -0.38429 0)
(0.274824 -0.428072 0)
(0.302047 -0.515747 0)
(0.372565 -0.422649 0)
(0.235377 0.233609 0)
(0.150521 0.433077 0)
(0.188772 0.425601 0)
(0.210722 0.402185 0)
(0.229497 0.381446 0)
(0.249422 0.359906 0)
(0.27081 0.336586 0)
(0.294552 0.308041 0)
(0.332266 0.263564 0)
(0.0131543 -0.239446 0)
(0.0394482 -0.24938 0)
(0.0658568 -0.25066 0)
(0.0923037 -0.257696 0)
(0.118794 -0.267773 0)
(0.145226 -0.280853 0)
(0.171425 -0.297295 0)
(0.197005 -0.317521 0)
(0.222088 -0.341965 0)
(0.241339 -0.371311 0)
(0.278904 -0.4049 0)
(0.230637 -0.443526 0)
(0.261516 -0.522842 0)
(0.317007 -0.336833 0)
(0.154607 0.298149 0)
(0.137301 0.422031 0)
(0.172739 0.403952 0)
(0.191077 0.382109 0)
(0.208288 0.362153 0)
(0.225729 0.340262 0)
(0.242841 0.315459 0)
(0.259715 0.285819 0)
(0.276745 0.249155 0)
(0.0120145 -0.264707 0)
(0.0358955 -0.27463 0)
(0.0597423 -0.275898 0)
(0.0835378 -0.282918 0)
(0.107175 -0.292865 0)
(0.130493 -0.305652 0)
(0.153265 -0.321531 0)
(0.17509 -0.340773 0)
(0.195993 -0.363615 0)
(0.211344 -0.390447 0)
(0.243176 -0.4204 0)
(0.193971 -0.454357 0)
(0.227309 -0.526738 0)
(0.270992 -0.228653 0)
(0.112743 0.331074 0)
(0.126532 0.405306 0)
(0.156573 0.383864 0)
(0.17229 0.364221 0)
(0.187702 0.345389 0)
(0.20259 0.324396 0)
(0.216182 0.300677 0)
(0.228215 0.273265 0)
(0.236717 0.241068 0)
(0.0108749 -0.287663 0)
(0.0323737 -0.297341 0)
(0.0537239 -0.298581 0)
(0.0749625 -0.30544 0)
(0.0959002 -0.315059 0)
(0.116342 -0.327317 0)
(0.136045 -0.342376 0)
(0.154627 -0.360386 0)
(0.172069 -0.381441 0)
(0.184397 -0.40573 0)
(0.211618 -0.432305 0)
(0.163347 -0.462241 0)
(0.197883 -0.528999 0)
(0.232633 -0.143197 0)
(0.0874986 0.347216 0)
(0.115043 0.387221 0)
(0.140777 0.365845 0)
(0.154687 0.348419 0)
(0.168312 0.330993 0)
(0.1808 0.311435 0)
(0.191456 0.289439 0)
(0.199907 0.26461 0)
(0.204717 0.236646 0)
(0.00975841 -0.308343 0)
(0.0289488 -0.317594 0)
(0.0479083 -0.318805 0)
(0.0667216 -0.325399 0)
(0.0851419 -0.33456 0)
(0.102963 -0.346147 0)
(0.119945 -0.360248 0)
(0.135742 -0.376924 0)
(0.150322 -0.39617 0)
(0.160295 -0.418049 0)
(0.183719 -0.441614 0)
(0.137586 -0.46815 0)
(0.172198 -0.530233 0)
(0.198634 -0.0492203 0)
(0.0681375 0.35098 0)
(0.103685 0.368684 0)
(0.126211 0.349548 0)
(0.138638 0.3345 0)
(0.150491 0.31875 0)
(0.160806 0.300926 0)
(0.169117 0.280981 0)
(0.175165 0.258895 0)
(0.178046 0.234851 0)
(0.00868161 -0.326809 0)
(0.0256662 -0.335506 0)
(0.0423652 -0.336693 0)
(0.0589048 -0.342961 0)
(0.075001 -0.351591 0)
(0.0904508 -0.362436 0)
(0.10503 -0.375529 0)
(0.118436 -0.390868 0)
(0.130637 -0.408386 0)
(0.138753 -0.428066 0)
(0.158971 -0.449011 0)
(0.11575 -0.472689 0)
(0.149495 -0.530846 0)
(0.170808 0.0333223 0)
(0.0589375 0.346132 0)
(0.0948299 0.350889 0)
(0.113769 0.335081 0)
(0.124517 0.32248 0)
(0.134492 0.308546 0)
(0.1428 0.292558 0)
(0.149181 0.274673 0)
(0.153508 0.255075 0)
(0.155213 0.234125 0)
(0.0076551 -0.343156 0)
(0.0225534 -0.351215 0)
(0.0371337 -0.352392 0)
(0.0515579 -0.358301 0)
(0.0655209 -0.366373 0)
(0.0788316 -0.376461 0)
(0.0912879 -0.388559 0)
(0.102633 -0.402622 0)
(0.112839 -0.418549 0)
(0.119467 -0.436272 0)
(0.136918 -0.454966 0)
(0.0971128 -0.476235 0)
(0.129245 -0.530977 0)
(0.148228 0.102244 0)
(0.058945 0.337993 0)
(0.0887275 0.335587 0)
(0.103664 0.322969 0)
(0.112385 0.31255 0)
(0.12033 0.300353 0)
(0.126708 0.286095 0)
(0.131393 0.270064 0)
(0.134355 0.25255 0)
(0.13525 0.233984 0)
(0.00668405 -0.35749 0)
(0.0196224 -0.364864 0)
(0.0322282 -0.366047 0)
(0.0446926 -0.371591 0)
(0.0567027 -0.379109 0)
(0.0680837 -0.388461 0)
(0.0786583 -0.399617 0)
(0.0882134 -0.412503 0)
(0.0967274 -0.427 0)
(0.102138 -0.443013 0)
(0.117164 -0.45979 0)
(0.0811034 -0.479034 0)
(0.111059 -0.5307 0)
(0.129913 0.150981 0)
(0.0627826 0.330229 0)
(0.0845064 0.323813 0)
(0.0954967 0.313561 0)
(0.101995 0.304871 0)
(0.107818 0.294177 0)
(0.112297 0.28141 0)
(0.115404 0.266919 0)
(0.117178 0.251055 0)
(0.117415 0.234279 0)
(0.00576971 -0.369911 0)
(0.0168746 -0.376576 0)
(0.027646 -0.377788 0)
(0.0382978 -0.382974 0)
(0.0485203 -0.389964 0)
(0.0581566 -0.398625 0)
(0.0670534 -0.40891 0)
(0.0750371 -0.420733 0)
(0.0820943 -0.433965 0)
(0.0864853 -0.4485 0)
(0.0993526 -0.463668 0)
(0.0672478 -0.481242 0)
(0.094592 -0.530059 0)
(0.112766 0.176952 0)
(0.064297 0.323959 0)
(0.0806563 0.315117 0)
(0.0886421 0.306724 0)
(0.0929985 0.299464 0)
(0.0966715 0.29003 0)
(0.099247 0.278447 0)
(0.100815 0.265116 0)
(0.101477 0.250453 0)
(0.101114 0.234939 0)
(0.00491073 -0.380599 0)
(0.0143046 -0.386552 0)
(0.0233739 -0.387814 0)
(0.0323488 -0.392665 0)
(0.0409319 -0.399167 0)
(0.0489846 -0.407203 0)
(0.0563751 -0.41671 0)
(0.0629637 -0.427596 0)
(0.0687464 -0.439734 0)
(0.0722516 -0.453 0)
(0.0831407 -0.466833 0)
(0.0551222 -0.483003 0)
(0.0794 -0.529089 0)
(0.0956433 0.193571 0)
(0.0632448 0.317226 0)
(0.0772282 0.308259 0)
(0.0830424 0.302114 0)
(0.08524 0.29636 0)
(0.0866187 0.287999 0)
(0.0871885 0.277247 0)
(0.0871901 0.264629 0)
(0.0867692 0.250681 0)
(0.085841 0.235932 0)
(0.00410235 -0.389819 0)
(0.011898 -0.395058 0)
(0.0193855 -0.396392 0)
(0.0268028 -0.400943 0)
(0.0338715 -0.407008 0)
(0.0404721 -0.414494 0)
(0.0464958 -0.423327 0)
(0.0518298 -0.433414 0)
(0.0564894 -0.444631 0)
(0.0592007 -0.456838 0)
(0.0683113 -0.469601 0)
(0.0444707 -0.48445 0)
(0.0650684 -0.527646 0)
(0.0810335 0.199854 0)
(0.0642143 0.308384 0)
(0.0760434 0.302698 0)
(0.0793568 0.299893 0)
(0.078785 0.295928 0)
(0.0773823 0.288387 0)
(0.0756844 0.277968 0)
(0.0740274 0.265496 0)
(0.0725465 0.251707 0)
(0.0711208 0.237215 0)
(0.00334572 -0.396755 0)
(0.00964514 -0.401285 0)
(0.0156434 -0.402699 0)
(0.0215983 -0.406976 0)
(0.0272582 -0.412639 0)
(0.0325102 -0.419612 0)
(0.0372743 -0.42782 0)
(0.0414565 -0.43718 0)
(0.0451042 -0.44757 0)
(0.0470558 -0.458912 0)
(0.0547674 -0.471029 0)
(0.0352116 -0.48497 0)
(0.0507833 -0.527177 0)
(0.0807201 0.197575 0)
(0.0718526 0.298539 0)
(0.0794756 0.299523 0)
(0.0784773 0.301196 0)
(0.0736246 0.298963 0)
(0.0684867 0.291663 0)
(0.0641041 0.280793 0)
(0.0607021 0.267717 0)
(0.0582482 0.253443 0)
(0.0564722 0.238686 0)
(0.00263227 -0.400725 0)
(0.00755464 -0.404632 0)
(0.0121718 -0.406182 0)
(0.0167625 -0.410215 0)
(0.0211437 -0.415549 0)
(0.0251821 -0.422099 0)
(0.0288094 -0.429796 0)
(0.0319549 -0.438562 0)
(0.0346288 -0.448209 0)
(0.0356548 -0.458803 0)
(0.0417306 -0.470609 0)
(0.0259661 -0.482525 0)
(0.0314937 -0.544703 0)
(0.0875818 0.165553 0)
(0.0878817 0.288341 0)
(0.0896587 0.302342 0)
(0.080776 0.308465 0)
(0.0691338 0.306803 0)
(0.0590273 0.298429 0)
(0.0515289 0.285863 0)
(0.0464416 0.271192 0)
(0.0432669 0.255694 0)
(0.0414261 0.240136 0)
(0.00191598 -0.411235 0)
(0.00566534 -0.414411 0)
(0.00913681 -0.416256 0)
(0.0125765 -0.420207 0)
(0.0158554 -0.425448 0)
(0.0188738 -0.431888 0)
(0.0215644 -0.439459 0)
(0.0239205 -0.448056 0)
(0.0256775 -0.457398 0)
(0.0259707 -0.467254 0)
(0.0291073 -0.478166 0)
(0.0142267 -0.47771 0)
(0.0142402 -0.593507 0)
(-0.00195597 0.123528 0)
(0.119408 0.283029 0)
(0.111493 0.317318 0)
(0.0851871 0.32556 0)
(0.0634345 0.321542 0)
(0.0473197 0.309373 0)
(0.0366178 0.293114 0)
(0.0302718 0.27557 0)
(0.0269298 0.258047 0)
(0.0255326 0.241196 0)
(0.00136141 -0.425483 0)
(0.00427346 -0.427885 0)
(0.00658578 -0.429816 0)
(0.00913597 -0.43353 0)
(0.0115078 -0.438415 0)
(0.013676 -0.444388 0)
(0.0155798 -0.45135 0)
(0.0172329 -0.45913 0)
(0.0180102 -0.46768 0)
(0.0185312 -0.475357 0)
(0.0214493 -0.483699 0)
(0.00793418 -0.467689 0)
(0.0977476 -0.516083 0)
(-0.0120989 -0.0269758 0)
(0.199268 0.268925 0)
(0.149274 0.353362 0)
(0.0879659 0.359134 0)
(0.0527206 0.34534 0)
(0.0302733 0.324653 0)
(0.0174037 0.301845 0)
(0.0110701 0.28005 0)
(0.00860661 0.259789 0)
(0.00844573 0.241303 0)
(0.000556678 -0.379378 0)
(0.00215792 -0.381434 0)
(0.00319703 -0.383169 0)
(0.0044285 -0.386232 0)
(0.00549254 -0.390215 0)
(0.00636045 -0.39504 0)
(0.00700074 -0.400553 0)
(0.00726666 -0.406596 0)
(0.0073154 -0.413352 0)
(0.00556065 -0.419509 0)
(0.0212086 -0.42465 0)
(0.0334162 -0.465634 0)
(0.250602 -0.408569 0)
(0.328733 -0.229384 0)
(0.251106 0.429541 0)
(0.191665 0.45912 0)
(0.0813646 0.408839 0)
(0.0290797 0.377366 0)
(0.00341318 0.342153 0)
(-0.00835924 0.310449 0)
(-0.0121133 0.283191 0)
(-0.0121206 0.259825 0)
(-0.00997816 0.239702 0)
(7.68319e-05 -0.343693 0)
(-0.0058846 -0.344999 0)
(-0.00896349 -0.347646 0)
(-0.0129041 -0.351423 0)
(-0.0169729 -0.356441 0)
(-0.0211562 -0.362658 0)
(-0.0253771 -0.370138 0)
(-0.028572 -0.379096 0)
(-0.027116 -0.389121 0)
(-0.0349892 -0.412329 0)
(0.0247685 -0.439439 0)
(0.131669 -0.684833 0)
(0.201579 -0.612233 0)
(0.497621 -0.400397 0)
(0.401743 0.231838 0)
(0.179047 0.558899 0)
(0.0295094 0.513483 0)
(-0.0143571 0.417989 0)
(-0.0371632 0.357966 0)
(-0.0418746 0.315325 0)
(-0.0399033 0.282563 0)
(-0.0352053 0.256637 0)
(-0.0294909 0.235474 0)
(-0.000767735 -0.524931 0)
(-0.0296907 -0.523857 0)
(-0.0448194 -0.527527 0)
(-0.0636909 -0.530696 0)
(-0.0824183 -0.535648 0)
(-0.100813 -0.54222 0)
(-0.118406 -0.551567 0)
(-0.129307 -0.564586 0)
(-0.12851 -0.579647 0)
(-0.131517 -0.645294 0)
(-0.089843 -0.784004 0)
(0.155696 -0.826725 0)
(-0.244099 -1.15804 0)
(0.238902 0.0586839 0)
(-0.131176 0.483798 0)
(-0.212056 0.72306 0)
(-0.140349 0.565858 0)
(-0.115348 0.435099 0)
(-0.0986055 0.359601 0)
(-0.0841053 0.31016 0)
(-0.0711948 0.275061 0)
(-0.0595734 0.248628 0)
(-0.04926 0.227763 0)
(-0.0102688 -0.355405 0)
(-0.0275739 -0.355349 0)
(-0.045489 -0.357109 0)
(-0.0641719 -0.359656 0)
(-0.0837542 -0.363385 0)
(-0.104449 -0.369048 0)
(-0.126379 -0.377879 0)
(-0.148935 -0.391811 0)
(-0.181602 -0.419417 0)
(-0.219262 -0.47431 0)
(-0.259383 -0.561763 0)
(-0.469552 -0.631629 0)
(-0.79105 -0.555897 0)
(-0.869035 -0.128981 0)
(-0.683452 0.571161 0)
(-0.532568 0.619709 0)
(-0.319675 0.487003 0)
(-0.221383 0.394147 0)
(-0.16309 0.3324 0)
(-0.127071 0.289531 0)
(-0.101898 0.258458 0)
(-0.0829076 0.234836 0)
(-0.0678796 0.21614 0)
(-0.00962854 -0.369802 0)
(-0.0286444 -0.371839 0)
(-0.0477643 -0.372969 0)
(-0.0678178 -0.375104 0)
(-0.0889339 -0.378215 0)
(-0.111761 -0.382678 0)
(-0.136834 -0.38896 0)
(-0.165867 -0.398132 0)
(-0.205066 -0.412422 0)
(-0.252461 -0.428761 0)
(-0.32311 -0.461186 0)
(-0.486124 -0.522478 0)
(-0.716202 -0.483402 0)
(-0.825496 -0.15258 0)
(-0.728984 0.223329 0)
(-0.537936 0.346514 0)
(-0.374393 0.337565 0)
(-0.272601 0.311259 0)
(-0.204426 0.281505 0)
(-0.158715 0.25539 0)
(-0.126334 0.233701 0)
(-0.102287 0.215827 0)
(-0.083716 0.200973 0)
(-0.00963894 -0.344374 0)
(-0.0290315 -0.345971 0)
(-0.0488508 -0.346502 0)
(-0.0695392 -0.347334 0)
(-0.0914968 -0.348605 0)
(-0.115434 -0.350412 0)
(-0.142159 -0.352859 0)
(-0.173526 -0.356306 0)
(-0.212219 -0.360317 0)
(-0.2571 -0.360812 0)
(-0.320649 -0.358649 0)
(-0.428708 -0.3408 0)
(-0.552287 -0.255314 0)
(-0.610954 -0.0909434 0)
(-0.562301 0.0715865 0)
(-0.45086 0.17818 0)
(-0.353859 0.219592 0)
(-0.277749 0.230553 0)
(-0.219276 0.226194 0)
(-0.175222 0.216211 0)
(-0.141768 0.20478 0)
(-0.11595 0.193642 0)
(-0.0956572 0.183398 0)
(-0.00957157 -0.325783 0)
(-0.0291077 -0.327231 0)
(-0.0491442 -0.327125 0)
(-0.0699368 -0.326905 0)
(-0.0920443 -0.326581 0)
(-0.116065 -0.326041 0)
(-0.142811 -0.325065 0)
(-0.173578 -0.323347 0)
(-0.20967 -0.319508 0)
(-0.251927 -0.311341 0)
(-0.306122 -0.29886 0)
(-0.375215 -0.269209 0)
(-0.439036 -0.195067 0)
(-0.465299 -0.0794692 0)
(-0.441155 0.0338787 0)
(-0.383897 0.106711 0)
(-0.321944 0.148849 0)
(-0.266095 0.17026 0)
(-0.2189 0.178392 0)
(-0.180301 0.179006 0)
(-0.14909 0.175707 0)
(-0.123881 0.170598 0)
(-0.103457 0.164809 0)
(-0.00947287 -0.306175 0)
(-0.0287604 -0.307395 0)
(-0.0484813 -0.306584 0)
(-0.0689443 -0.305347 0)
(-0.0905869 -0.303519 0)
(-0.113868 -0.300869 0)
(-0.139412 -0.296987 0)
(-0.167932 -0.291236 0)
(-0.199962 -0.282235 0)
(-0.236108 -0.268206 0)
(-0.278077 -0.246986 0)
(-0.323755 -0.210855 0)
(-0.360984 -0.151644 0)
(-0.374933 -0.0750843 0)
(-0.361673 0.00114183 0)
(-0.329146 0.0602569 0)
(-0.288601 0.100188 0)
(-0.247814 0.125139 0)
(-0.210502 0.13932 0)
(-0.177974 0.146302 0)
(-0.150274 0.148712 0)
(-0.126962 0.148351 0)
(-0.107473 0.146377 0)
(-0.0092633 -0.287353 0)
(-0.0279521 -0.288175 0)
(-0.0470052 -0.286787 0)
(-0.0667715 -0.284659 0)
(-0.0874663 -0.281567 0)
(-0.109433 -0.277223 0)
(-0.133067 -0.27117 0)
(-0.158691 -0.262707 0)
(-0.186441 -0.250749 0)
(-0.216368 -0.233946 0)
(-0.248181 -0.210316 0)
(-0.279076 -0.175917 0)
(-0.302391 -0.128491 0)
(-0.311206 -0.0725614 0)
(-0.303649 -0.0174391 0)
(-0.283515 0.0294553 0)
(-0.256283 0.0652938 0)
(-0.226628 0.0907426 0)
(-0.197627 0.107751 0)
(-0.170898 0.118453 0)
(-0.147069 0.124675 0)
(-0.126248 0.127818 0)
(-0.108313 0.128887 0)
(-0.00887235 -0.269208 0)
(-0.0267161 -0.269638 0)
(-0.0448802 -0.267836 0)
(-0.0636211 -0.264999 0)
(-0.0830338 -0.260929 0)
(-0.103344 -0.255346 0)
(-0.124749 -0.247819 0)
(-0.147331 -0.237738 0)
(-0.170976 -0.22429 0)
(-0.195357 -0.206482 0)
(-0.219586 -0.182991 0)
(-0.241391 -0.152181 0)
(-0.257051 -0.113867 0)
(-0.26316 -0.0709562 0)
(-0.258751 -0.028427 0)
(-0.245699 0.00946283 0)
(-0.226868 0.0406435 0)
(-0.205102 0.0647831 0)
(-0.18266 0.0825961 0)
(-0.160991 0.0952215 0)
(-0.140889 0.103826 0)
(-0.12272 0.109421 0)
(-0.106629 0.112797 0)
(-0.00834161 -0.251835 0)
(-0.0251746 -0.251996 0)
(-0.0422726 -0.249895 0)
(-0.0597502 -0.246551 0)
(-0.0776796 -0.241811 0)
(-0.0961741 -0.235425 0)
(-0.115291 -0.227036 0)
(-0.134968 -0.216169 0)
(-0.154959 -0.202251 0)
(-0.174784 -0.184624 0)
(-0.193521 -0.162562 0)
(-0.209548 -0.135513 0)
(-0.220735 -0.103896 0)
(-0.225305 -0.0696167 0)
(-0.222731 -0.0355287 0)
(-0.213953 -0.00421115 0)
(-0.200605 0.0229006 0)
(-0.18444 0.0451373 0)
(-0.167042 0.0626793 0)
(-0.14958 0.0760838 0)
(-0.132817 0.0860525 0)
(-0.117207 0.0932707 0)
(-0.103028 0.0983213 0)
(-0.00774829 -0.235506 0)
(-0.0234466 -0.235502 0)
(-0.0393281 -0.233174 0)
(-0.0554107 -0.2295 0)
(-0.0717653 -0.224354 0)
(-0.0884146 -0.217529 0)
(-0.105328 -0.208751 0)
(-0.122363 -0.197678 0)
(-0.139226 -0.183928 0)
(-0.155428 -0.167116 0)
(-0.170195 -0.14691 0)
(-0.182414 -0.123238 0)
(-0.190825 -0.0966317 0)
(-0.194457 -0.0683709 0)
(-0.193004 -0.0401989 0)
(-0.186907 -0.0137491 0)
(-0.177239 0.00991808 0)
(-0.16511 0.0301524 0)
(-0.151563 0.0469128 0)
(-0.137516 0.0604183 0)
(-0.123631 0.0710636 0)
(-0.110356 0.0792909 0)
(-0.0980223 0.0855076 0)
(-0.0071387 -0.220424 0)
(-0.0216059 -0.220309 0)
(-0.0361672 -0.217825 0)
(-0.050808 -0.213966 0)
(-0.0655745 -0.208619 0)
(-0.0804304 -0.201626 0)
(-0.0952926 -0.19279 0)
(-0.109987 -0.181882 0)
(-0.124223 -0.168668 0)
(-0.137569 -0.152952 0)
(-0.149421 -0.134633 0)
(-0.159025 -0.113832 0)
(-0.165609 -0.0910432 0)
(-0.168608 -0.0671585 0)
(-0.167843 -0.0432984 0)
(-0.163568 -0.0205608 0)
(-0.156476 0.000206391 0)
(-0.147255 0.0186167 0)
(-0.136631 0.0344019 0)
(-0.125324 0.047631 0)
(-0.113864 0.0585095 0)
(-0.102655 0.0673096 0)
(-0.0920273 0.0743021 0)
(-0.00652401 -0.206651 0)
(-0.0196978 -0.206452 0)
(-0.0328916 -0.203887 0)
(-0.0460967 -0.199957 0)
(-0.0593109 -0.194564 0)
(-0.0724685 -0.187597 0)
(-0.0854604 -0.178922 0)
(-0.0981089 -0.168399 0)
(-0.110152 -0.155904 0)
(-0.121231 -0.141361 0)
(-0.130895 -0.124791 0)
(-0.138627 -0.106386 0)
(-0.143942 -0.0865647 0)
(-0.146496 -0.0659704 0)
(-0.146195 -0.0453707 0)
(-0.143199 -0.0255291 0)
(-0.137853 -0.0070734 0)
(-0.130744 0.00968677 0)
(-0.122412 0.0244475 0)
(-0.113305 0.0372044 0)
(-0.103869 0.0480418 0)
(-0.094452 0.0571154 0)
(-0.0853616 0.0645949 0)
(-0.00590201 -0.194173 0)
(-0.0177586 -0.193908 0)
(-0.0295864 -0.191334 0)
(-0.0413905 -0.18742 0)
(-0.0531176 -0.182094 0)
(-0.0646905 -0.175283 0)
(-0.0759929 -0.166905 0)
(-0.0868592 -0.156886 0)
(-0.0970639 -0.145176 0)
(-0.106322 -0.131774 0)
(-0.114296 -0.116762 0)
(-0.120634 -0.100344 0)
(-0.125018 -0.0828687 0)
(-0.127232 -0.0648133 0)
(-0.127219 -0.0467281 0)
(-0.125086 -0.0291521 0)
(-0.121071 -0.0125508 0)
(-0.115588 0.00270289 0)
(-0.108989 0.0164973 0)
(-0.10163 0.0287037 0)
(-0.0938698 0.0393418 0)
(-0.0859911 0.0484915 0)
(-0.078264 0.0562506 0)
(-0.00527476 -0.182968 0)
(-0.0158249 -0.182654 0)
(-0.0263206 -0.180123 0)
(-0.0367725 -0.176287 0)
(-0.0470904 -0.171103 0)
(-0.0571954 -0.164528 0)
(-0.0669763 -0.156522 0)
(-0.0762854 -0.147057 0)
(-0.0849345 -0.136129 0)
(-0.0927 -0.123783 0)
(-0.0993347 -0.110127 0)
(-0.104591 -0.0953576 0)
(-0.108257 -0.079761 0)
(-0.110194 -0.0637039 0)
(-0.110369 -0.0475966 0)
(-0.108859 -0.0318436 0)
(-0.105839 -0.0168062 0)
(-0.101554 -0.00277727 0)
(-0.0962981 0.0101355 0)
(-0.090367 0.0217767 0)
(-0.0840003 0.0321325 0)
(-0.0774362 0.0412336 0)
(-0.0709077 0.0491284 0)
(-0.00465037 -0.173021 0)
(-0.0139286 -0.172673 0)
(-0.0231427 -0.170212 0)
(-0.0322976 -0.166494 0)
(-0.041287 -0.161496 0)
(-0.050036 -0.1552 0)
(-0.0584434 -0.147595 0)
(-0.0663812 -0.138684 0)
(-0.0736955 -0.128495 0)
(-0.0802134 -0.117096 0)
(-0.0857527 -0.104606 0)
(-0.0901378 -0.0912012 0)
(-0.0932236 -0.0771223 0)
(-0.0949194 -0.0626581 0)
(-0.0952067 -0.0481248 0)
(-0.0941434 -0.0338349 0)
(-0.0918534 -0.02007 0)
(-0.0885051 -0.0070567 0)
(-0.084334 0.00504989 0)
(-0.0795469 0.0161393 0)
(-0.0743355 0.0261788 0)
(-0.0688933 0.035159 0)
(-0.0634147 0.0430935 0)
(-0.00403816 -0.164309 0)
(-0.0120913 -0.16394 0)
(-0.0200795 -0.161564 0)
(-0.0279952 -0.157981 0)
(-0.0357349 -0.153188 0)
(-0.0432297 -0.147183 0)
(-0.0503896 -0.139976 0)
(-0.0571067 -0.131591 0)
(-0.0632575 -0.122074 0)
(-0.0687092 -0.111505 0)
(-0.0733268 -0.100002 0)
(-0.076984 -0.0877261 0)
(-0.0795805 -0.0748778 0)
(-0.0810559 -0.0616921 0)
(-0.0814005 -0.0484207 0)
(-0.0806578 -0.0353122 0)
(-0.0789167 -0.0225935 0)
(-0.0762997 -0.0104589 0)
(-0.0730057 0.000936357 0)
(-0.069158 0.0115548 0)
(-0.0649066 0.0212846 0)
(-0.0604254 0.0301092 0)
(-0.0558675 0.0380233 0)
(-0.0034456 -0.1568 0)
(-0.0103237 -0.156422 0)
(-0.0171398 -0.154133 0)
(-0.0238742 -0.150689 0)
(-0.0304373 -0.146101 0)
(-0.0367666 -0.140378 0)
(-0.0427843 -0.133544 0)
(-0.0484017 -0.125636 0)
(-0.0535217 -0.116712 0)
(-0.0580422 -0.106856 0)
(-0.0618625 -0.0961807 0)
(-0.0648917 -0.0848308 0)
(-0.0670595 -0.0729791 0)
(-0.0683257 -0.0608206 0)
(-0.0686863 -0.0485614 0)
(-0.0681749 -0.0364048 0)
(-0.066861 -0.0245395 0)
(-0.0648441 -0.0131318 0)
(-0.0622181 -0.00232084 0)
(-0.0591235 0.00786187 0)
(-0.0557098 0.0172962 0)
(-0.0520642 0.0259521 0)
(-0.0483187 0.0338108 0)
(-0.00287624 -0.150455 0)
(-0.00862636 -0.150079 0)
(-0.0143192 -0.147871 0)
(-0.0199277 -0.144561 0)
(-0.0253793 -0.140164 0)
(-0.0306187 -0.1347 0)
(-0.0355812 -0.1282 0)
(-0.0401959 -0.12071 0)
(-0.0443871 -0.112294 0)
(-0.0480766 -0.103036 0)
(-0.0511896 -0.093043 0)
(-0.0536607 -0.0824457 0)
(-0.0554409 -0.0713947 0)
(-0.0565034 -0.0600565 0)
(-0.0568472 -0.0486043 0)
(-0.0564984 -0.0372089 0)
(-0.0555087 -0.0260301 0)
(-0.05395 -0.0152083 0)
(-0.0519017 -0.00485723 0)
(-0.0494674 0.00492396 0)
(-0.0467475 0.0140868 0)
(-0.0438253 0.0225773 0)
(-0.0408003 0.030364 0)
(-0.00232926 -0.145223 0)
(-0.00699265 -0.144855 0)
(-0.0116054 -0.142722 0)
(-0.0161377 -0.139533 0)
(-0.0205337 -0.135306 0)
(-0.0247466 -0.130068 0)
(-0.028725 -0.123856 0)
(-0.0324133 -0.11672 0)
(-0.0357533 -0.108727 0)
(-0.0386862 -0.0999591 0)
(-0.0411571 -0.0905172 0)
(-0.0431197 -0.0805206 0)
(-0.0445404 -0.0701036 0)
(-0.0454013 -0.0594114 0)
(-0.045703 -0.0485935 0)
(-0.0454659 -0.0377978 0)
(-0.0447285 -0.0271637 0)
(-0.0435441 -0.0168161 0)
(-0.0419756 -0.00686176 0)
(-0.0401022 0.00261349 0)
(-0.037989 0.0115506 0)
(-0.0357057 0.019894 0)
(-0.033328 0.027607 0)
(-0.00180156 -0.141016 0)
(-0.00541302 -0.140659 0)
(-0.00898292 -0.138591 0)
(-0.012482 -0.135507 0)
(-0.0158692 -0.131427 0)
(-0.0191077 -0.126382 0)
(-0.0221581 -0.120411 0)
(-0.0249784 -0.113568 0)
(-0.027525 -0.105917 0)
(-0.0297555 -0.0975411 0)
(-0.0316311 -0.0885346 0)
(-0.0331202 -0.079008 0)
(-0.0342 -0.0690829 0)
(-0.034859 -0.0588887 0)
(-0.035099 -0.0485585 0)
(-0.0349356 -0.0382236 0)
(-0.0343974 -0.028009 0)
(-0.0335237 -0.0180284 0)
(-0.032361 -0.00838153 0)
(-0.0309737 0.000850919 0)
(-0.0294002 0.00960916 0)
(-0.0276913 0.017832 0)
(-0.0259049 0.0254787 0)
(-0.00128856 -0.138072 0)
(-0.00387709 -0.137721 0)
(-0.00643832 -0.135697 0)
(-0.00894164 -0.132685 0)
(-0.0113597 -0.128707 0)
(-0.0136658 -0.123796 0)
(-0.0158316 -0.117993 0)
(-0.0178273 -0.111353 0)
(-0.0196227 -0.103942 0)
(-0.0211892 -0.0958405 0)
(-0.0225016 -0.0871398 0)
(-0.0235394 -0.077944 0)
(-0.0242885 -0.0683658 0)
(-0.0247424 -0.058524 0)
(-0.0249037 -0.04854 0)
(-0.0247843 -0.0385338 0)
(-0.0244051 -0.02862 0)
(-0.023794 -0.0189041 0)
(-0.0229833 -0.00948114 0)
(-0.0220254 -0.000434392 0)
(-0.0209413 0.00820432 0)
(-0.0197612 0.0163394 0)
(-0.0185262 0.0239334 0)
(-0.000776879 -0.136987 0)
(-0.0023562 -0.13662 0)
(-0.00392841 -0.134613 0)
(-0.00545737 -0.131627 0)
(-0.00692947 -0.127685 0)
(-0.00832886 -0.122823 0)
(-0.0096381 -0.117083 0)
(-0.010839 -0.110523 0)
(-0.0119135 -0.103211 0)
(-0.012845 -0.095226 0)
(-0.0136193 -0.0866595 0)
(-0.0142249 -0.0776124 0)
(-0.0146544 -0.0681937 0)
(-0.0149051 -0.0585174 0)
(-0.01498 -0.0486999 0)
(-0.0148877 -0.0388555 0)
(-0.0146424 -0.0290933 0)
(-0.0142637 -0.0195138 0)
(-0.0137768 -0.0102072 0)
(-0.0131973 -0.0012541 0)
(-0.0125587 0.00730997 0)
(-0.0118893 0.0153871 0)
(-0.0111836 0.0229435 0)
(-0.000247005 -0.134282 0)
(-0.000775734 -0.133862 0)
(-0.00131892 -0.131932 0)
(-0.0018385 -0.129046 0)
(-0.00233667 -0.125231 0)
(-0.00280962 -0.120523 0)
(-0.00325166 -0.114964 0)
(-0.00365653 -0.10861 0)
(-0.00401807 -0.101525 0)
(-0.00433055 -0.0937835 0)
(-0.00458899 -0.0854717 0)
(-0.00478945 -0.0766841 0)
(-0.00492934 -0.0675223 0)
(-0.00500787 -0.0580934 0)
(-0.00502622 -0.0485064 0)
(-0.00498769 -0.0388691 0)
(-0.00489774 -0.0292841 0)
(-0.00476427 -0.0198454 0)
(-0.00459879 -0.0106344 0)
(-0.00441252 -0.00171712 0)
(-0.00421483 0.00680174 0)
(-0.00400685 0.0148399 0)
(-0.00378913 0.0223692 0)
(0.504011 0.314258 0)
(0.446454 0.124468 0)
(0.384324 0.0240442 0)
(0.377689 -0.00072838 0)
(0.471543 0.21502 0)
(0.454752 0.111373 0)
(0.414255 0.0578401 0)
(0.378439 0.0336538 0)
(0.355767 0.207515 0)
(0.354518 0.164885 0)
(0.337022 0.130503 0)
(0.314892 0.103818 0)
(0.284823 0.213779 0)
(0.283305 0.185967 0)
(0.275338 0.159818 0)
(0.264134 0.137586 0)
(0.239371 0.213291 0)
(0.237714 0.193393 0)
(0.233142 0.174579 0)
(0.22646 0.157634 0)
(0.205615 0.214402 0)
(0.204017 0.199275 0)
(0.200755 0.184766 0)
(0.196203 0.171191 0)
(0.178192 0.216301 0)
(0.176718 0.203963 0)
(0.174229 0.192061 0)
(0.170934 0.180719 0)
(0.154993 0.218152 0)
(0.153697 0.207656 0)
(0.151738 0.19751 0)
(0.149236 0.187731 0)
(0.134809 0.2199 0)
(0.133671 0.210693 0)
(0.132085 0.201773 0)
(0.130111 0.193106 0)
(0.116794 0.221565 0)
(0.115778 0.213279 0)
(0.114454 0.205223 0)
(0.112852 0.197353 0)
(0.100326 0.223178 0)
(0.0993967 0.215539 0)
(0.0982639 0.208087 0)
(0.0969434 0.20078 0)
(0.0849044 0.224768 0)
(0.0840419 0.21755 0)
(0.0830672 0.210493 0)
(0.0819813 0.203559 0)
(0.070079 0.226326 0)
(0.0692954 0.219327 0)
(0.0684816 0.212485 0)
(0.0676232 0.205766 0)
(0.055431 0.227772 0)
(0.0547842 0.220813 0)
(0.0541759 0.214028 0)
(0.0535783 0.207389 0)
(0.0405816 0.228919 0)
(0.0401809 0.221848 0)
(0.0398669 0.214991 0)
(0.0396071 0.208327 0)
(0.0252092 0.229455 0)
(0.0252205 0.222159 0)
(0.0253431 0.215143 0)
(0.0255416 0.208388 0)
(0.00910337 0.228928 0)
(0.00975126 0.22136 0)
(0.0105001 0.214161 0)
(0.0113123 0.207306 0)
(-0.007766 0.226763 0)
(-0.00621352 0.218983 0)
(-0.00462131 0.211672 0)
(-0.00301944 0.204786 0)
(-0.0251123 0.222288 0)
(-0.0223934 0.214491 0)
(-0.0197569 0.207244 0)
(-0.0172062 0.200461 0)
(-0.0422864 0.214987 0)
(-0.0382446 0.20752 0)
(-0.0344508 0.200622 0)
(-0.0308722 0.194178 0)
(-0.0583135 0.204625 0)
(-0.0529774 0.197916 0)
(-0.0480583 0.191713 0)
(-0.0434906 0.185899 0)
(-0.0721131 0.191504 0)
(-0.0657361 0.185942 0)
(-0.059897 0.180748 0)
(-0.0545122 0.175831 0)
(-0.0828979 0.176416 0)
(-0.0758789 0.172232 0)
(-0.0694438 0.168243 0)
(-0.0635081 0.1644 0)
(-0.0903952 0.160359 0)
(-0.0831447 0.157591 0)
(-0.0764596 0.154856 0)
(-0.0702636 0.152147 0)
(-0.094759 0.14423 0)
(-0.0876135 0.142773 0)
(-0.0809748 0.141226 0)
(-0.0747774 0.139608 0)
(-0.0963735 0.128691 0)
(-0.0895723 0.12837 0)
(-0.0832006 0.127873 0)
(-0.0772036 0.12724 0)
(-0.0957071 0.114171 0)
(-0.0894 0.114785 0)
(-0.0834418 0.115173 0)
(-0.0777864 0.115386 0)
(-0.0932274 0.100908 0)
(-0.087493 0.102263 0)
(-0.082032 0.103369 0)
(-0.0768058 0.10428 0)
(-0.089356 0.088999 0)
(-0.0842211 0.0909237 0)
(-0.0792938 0.0925924 0)
(-0.074542 0.0940628 0)
(-0.084449 0.0784477 0)
(-0.0799061 0.0807963 0)
(-0.0755162 0.0828951 0)
(-0.0712528 0.0848001 0)
(-0.0787947 0.0691972 0)
(-0.0748155 0.0718526 0)
(-0.0709456 0.0742713 0)
(-0.0671635 0.0765059 0)
(-0.0726186 0.0611591 0)
(-0.0691636 0.0640299 0)
(-0.0657841 0.0666803 0)
(-0.0624628 0.0691591 0)
(-0.0660915 0.0542315 0)
(-0.0631169 0.0572482 0)
(-0.0601925 0.060062 0)
(-0.0573043 0.0627169 0)
(-0.0593397 0.0483103 0)
(-0.0568018 0.0514213 0)
(-0.0542954 0.0543464 0)
(-0.05181 0.0571251 0)
(-0.0524545 0.0432974 0)
(-0.0503123 0.046466 0)
(-0.0481885 0.049464 0)
(-0.0460753 0.0523265 0)
(-0.0454981 0.0391036 0)
(-0.0437151 0.0423041 0)
(-0.0419417 0.0453475 0)
(-0.0401722 0.0482645 0)
(-0.0385124 0.0356508 0)
(-0.0370568 0.0388654 0)
(-0.0356054 0.0419349 0)
(-0.0341541 0.0448856 0)
(-0.0315246 0.0328753 0)
(-0.0303704 0.0360938 0)
(-0.0292166 0.0391763 0)
(-0.0280612 0.0421452 0)
(-0.024547 0.0307216 0)
(-0.0236733 0.0339379 0)
(-0.0227986 0.0370258 0)
(-0.0219211 0.0400031 0)
(-0.0175858 0.0291507 0)
(-0.0169771 0.0323618 0)
(-0.0163663 0.0354499 0)
(-0.015753 0.0384283 0)
(-0.0106423 0.028138 0)
(-0.0102885 0.0313434 0)
(-0.00993247 0.0344289 0)
(-0.00957333 0.0374031 0)
(-0.00361918 0.0275438 0)
(-0.00350631 0.0307438 0)
(-0.00339209 0.0338255 0)
(-0.00327614 0.0367927 0)
(0.335512 -0.10298 0)
(0.206098 -0.0762359 0)
(0.154874 -0.026222 0)
(0.133903 -0.000783202 0)
(0.117703 0.0124299 0)
(0.105044 0.0199778 0)
(0.0944075 0.0243033 0)
(0.0848556 0.0266716 0)
(0.0760003 0.0278381 0)
(0.0676394 0.0282726 0)
(0.0596565 0.028272 0)
(0.0519798 0.0280278 0)
(0.0445574 0.0276627 0)
(0.0373481 0.0272587 0)
(0.0303152 0.0268672 0)
(0.0234252 0.0265243 0)
(0.0166458 0.0262508 0)
(0.00994798 0.0260628 0)
(0.00329879 0.0258653 0)
(0.312916 -0.00762535 0)
(0.226879 -0.00634287 0)
(0.174367 0.00926309 0)
(0.145485 0.0197058 0)
(0.12517 0.0268398 0)
(0.109568 0.0314257 0)
(0.096953 0.0340725 0)
(0.0861482 0.0354035 0)
(0.0765107 0.0358761 0)
(0.0676744 0.0358114 0)
(0.0594175 0.0354308 0)
(0.051599 0.0348857 0)
(0.0441222 0.0342776 0)
(0.0369161 0.0336759 0)
(0.0299248 0.0331258 0)
(0.0231016 0.0326588 0)
(0.0164051 0.0322943 0)
(0.0098003 0.0320457 0)
(0.00324907 0.0317953 0)
(0.274335 0.0661619 0)
(0.219926 0.0443089 0)
(0.178098 0.0413211 0)
(0.149454 0.0421448 0)
(0.128189 0.0434648 0)
(0.111514 0.044497 0)
(0.0979525 0.0449453 0)
(0.0864508 0.0448547 0)
(0.0763461 0.0443645 0)
(0.0672226 0.0436173 0)
(0.0588112 0.0427329 0)
(0.0509324 0.0418037 0)
(0.0434609 0.0408967 0)
(0.0363052 0.0400599 0)
(0.0293947 0.0393264 0)
(0.0226729 0.0387192 0)
(0.0160911 0.0382531 0)
(0.00960914 0.037938 0)
(0.00318505 0.0376321 0)
(0.240201 0.106679 0)
(0.204543 0.0811576 0)
(0.172581 0.0694297 0)
(0.147297 0.0635557 0)
(0.127202 0.060202 0)
(0.11084 0.0580041 0)
(0.097224 0.0562458 0)
(0.0855834 0.0546299 0)
(0.0753631 0.0530625 0)
(0.0661789 0.0515353 0)
(0.0577635 0.0500718 0)
(0.0499289 0.0487032 0)
(0.0425388 0.0474578 0)
(0.0354917 0.0463587 0)
(0.0287094 0.045423 0)
(0.0221289 0.0446631 0)
(0.0156974 0.0440873 0)
(0.00937116 0.0437012 0)
(0.00310566 0.043338 0)
(0.210957 0.132766 0)
(0.186382 0.107972 0)
(0.162165 0.09245 0)
(0.141022 0.082565 0)
(0.123095 0.0758939 0)
(0.107877 0.0711065 0)
(0.0948527 0.0674069 0)
(0.0835343 0.0643548 0)
(0.0735193 0.0617228 0)
(0.0644974 0.059399 0)
(0.0562353 0.0573323 0)
(0.0485579 0.0555014 0)
(0.0413332 0.053899 0)
(0.0344597 0.0525234 0)
(0.0278577 0.0513754 0)
(0.0214625 0.050456 0)
(0.0152196 0.0497662 0)
(0.00908401 0.0493065 0)
(0.00301016 0.0488855 0)
(0.185528 0.150484 0)
(0.167972 0.127508 0)
(0.149538 0.1108 0)
(0.132257 0.0987933 0)
(0.116777 0.0899678 0)
(0.10311 0.0832779 0)
(0.0910726 0.078015 0)
(0.0804066 0.0737236 0)
(0.0708534 0.0701243 0)
(0.0621875 0.0670492 0)
(0.0542235 0.0643983 0)
(0.0468128 0.0621119 0)
(0.0398375 0.0601538 0)
(0.0332036 0.0585013 0)
(0.0268356 0.0571402 0)
(0.0206708 0.0560609 0)
(0.014656 0.0552569 0)
(0.00874689 0.0547236 0)
(0.00289829 0.0542455 0)
(0.16325 0.163023 0)
(0.150312 0.14202 0)
(0.136126 0.125328 0)
(0.122121 0.11236 0)
(0.109005 0.102245 0)
(0.0970162 0.0942486 0)
(0.0861689 0.0878063 0)
(0.0763634 0.082513 0)
(0.0674561 0.0780895 0)
(0.0592985 0.0743481 0)
(0.0517548 0.0711635 0)
(0.0447079 0.068452 0)
(0.0380595 0.066157 0)
(0.0317282 0.0642399 0)
(0.0256462 0.0626739 0)
(0.0197561 0.0614404 0)
(0.0140082 0.0605261 0)
(0.00836061 0.0599217 0)
(0.00277032 0.0593884 0)
(0.143484 0.172253 0)
(0.133692 0.153025 0)
(0.122644 0.136842 0)
(0.111323 0.123576 0)
(0.100342 0.112764 0)
(0.0900023 0.103924 0)
(0.0804178 0.0966402 0)
(0.0715856 0.0905787 0)
(0.0634433 0.0854888 0)
(0.055904 0.0811863 0)
(0.0488762 0.0775382 0)
(0.0422737 0.0744487 0)
(0.0360197 0.0718492 0)
(0.0300474 0.0696899 0)
(0.0242992 0.0679351 0)
(0.0187251 0.0665586 0)
(0.0132804 0.0655415 0)
(0.0079276 0.0648707 0)
(0.00262702 0.0642853 0)
(0.125667 0.179264 0)
(0.118108 0.161516 0)
(0.109424 0.145997 0)
(0.100287 0.132784 0)
(0.0911779 0.121656 0)
(0.0823864 0.112313 0)
(0.0740596 0.104461 0)
(0.0662468 0.0978395 0)
(0.0589373 0.0922366 0)
(0.0520893 0.0874839 0)
(0.0456471 0.0834518 0)
(0.039552 0.0800418 0)
(0.0337475 0.0771791 0)
(0.0281822 0.0748079 0)
(0.0228097 0.0728861 0)
(0.0175881 0.0713822 0)
(0.0124796 0.0702732 0)
(0.00745174 0.0695427 0)
(0.00246962 0.0689094 0)
(0.109349 0.18471 0)
(0.103442 0.168144 0)
(0.0965933 0.153285 0)
(0.0892509 0.140293 0)
(0.0817737 0.129081 0)
(0.074405 0.119473 0)
(0.0672906 0.111264 0)
(0.0605009 0.104259 0)
(0.0540552 0.0982822 0)
(0.0479419 0.0931868 0)
(0.0421324 0.0888527 0)
(0.0365907 0.085184 0)
(0.0312785 0.0821051 0)
(0.0261589 0.0795571 0)
(0.0211966 0.0774944 0)
(0.0163588 0.0758821 0)
(0.0116146 0.0746943 0)
(0.00693815 0.0739124 0)
(0.00229979 0.0732365 0)
(0.0941617 0.188989 0)
(0.0895409 0.173335 0)
(0.0841713 0.159061 0)
(0.0783392 0.146353 0)
(0.0722953 0.135194 0)
(0.0662285 0.125481 0)
(0.0602652 0.117076 0)
(0.0544788 0.10983 0)
(0.0489032 0.103601 0)
(0.0435458 0.0982622 0)
(0.0383976 0.0937056 0)
(0.0334403 0.0898411 0)
(0.0286515 0.086595 0)
(0.0240068 0.0839081 0)
(0.0194818 0.0817332 0)
(0.0150527 0.0800338 0)
(0.0106962 0.0787822 0)
(0.00639292 0.0779584 0)
(0.00211953 0.0772457 0)
(0.0797967 0.19234 0)
(0.0762437 0.177355 0)
(0.0721278 0.163568 0)
(0.0676082 0.151153 0)
(0.0628465 0.140122 0)
(0.057978 0.130416 0)
(0.0531034 0.121935 0)
(0.0482894 0.114564 0)
(0.043575 0.108186 0)
(0.0389791 0.102693 0)
(0.0345061 0.0979892 0)
(0.0301518 0.0939902 0)
(0.0259063 0.0906261 0)
(0.0217568 0.087839 0)
(0.0176888 0.0855819 0)
(0.0136869 0.0838179 0)
(0.00973587 0.0825185 0)
(0.00582286 0.0816633 0)
(0.00193108 0.0809201 0)
(0.0659885 0.194884 0)
(0.0634018 0.180361 0)
(0.060412 0.166961 0)
(0.0570794 0.154825 0)
(0.0534929 0.143968 0)
(0.0497412 0.134346 0)
(0.0458989 0.125881 0)
(0.0420227 0.118479 0)
(0.0381522 0.112042 0)
(0.0343125 0.106476 0)
(0.0305177 0.101693 0)
(0.0267742 0.0976181 0)
(0.0230828 0.0941838 0)
(0.0194404 0.0913351 0)
(0.0158417 0.0890262 0)
(0.0122794 0.0872206 0)
(0.00874592 0.08589 0)
(0.00523518 0.0850141 0)
(0.00173681 0.0842471 0)
(0.0525161 0.196648 0)
(0.0508862 0.182421 0)
(0.048973 0.169326 0)
(0.0467599 0.157454 0)
(0.0442801 0.146802 0)
(0.041585 0.137325 0)
(0.0387277 0.128953 0)
(0.0357553 0.121601 0)
(0.0327064 0.115183 0)
(0.0296101 0.109615 0)
(0.0264879 0.104817 0)
(0.0233544 0.10072 0)
(0.0202193 0.0972615 0)
(0.0170885 0.0943886 0)
(0.0139645 0.0920576 0)
(0.0108482 0.0902333 0)
(0.0077389 0.0888883 0)
(0.00463726 0.0880026 0)
(0.00153918 0.0872185 0)
(0.0392054 0.197582 0)
(0.038599 0.183535 0)
(0.0377742 0.170695 0)
(0.0366583 0.159086 0)
(0.035247 0.148673 0)
(0.0335664 0.139398 0)
(0.0316551 0.131185 0)
(0.0295541 0.123954 0)
(0.0273016 0.117626 0)
(0.0249304 0.112121 0)
(0.0224679 0.107367 0)
(0.0199362 0.103299 0)
(0.0173527 0.0998589 0)
(0.0147308 0.0969976 0)
(0.0120809 0.0946733 0)
(0.00941096 0.0928527 0)
(0.00672724 0.0915096 0)
(0.00403647 0.0906249 0)
(0.0013406 0.0898305 0)
(0.0259435 0.197558 0)
(0.0264882 0.183646 0)
(0.0268069 0.171057 0)
(0.0267968 0.159739 0)
(0.026436 0.149612 0)
(0.0257401 0.140596 0)
(0.0247416 0.132608 0)
(0.0234802 0.125567 0)
(0.0219961 0.119392 0)
(0.0203267 0.11401 0)
(0.0185053 0.109354 0)
(0.0165607 0.105363 0)
(0.0145174 0.101982 0)
(0.0123959 0.099166 0)
(0.0102136 0.0968759 0)
(0.0079851 0.0950804 0)
(0.00572308 0.0937552 0)
(0.00344 0.0928818 0)
(0.00114345 0.0920836 0)
(0.0126998 0.196399 0)
(0.0145605 0.182665 0)
(0.0161005 0.170379 0)
(0.0172197 0.159413 0)
(0.0179005 0.149637 0)
(0.0181645 0.140948 0)
(0.0180469 0.133255 0)
(0.0175914 0.126467 0)
(0.0168444 0.120507 0)
(0.0158488 0.115306 0)
(0.0146441 0.110797 0)
(0.0132661 0.106926 0)
(0.0117459 0.103642 0)
(0.0101106 0.100903 0)
(0.00838404 0.0986728 0)
(0.00658704 0.0969229 0)
(0.004738 0.0956304 0)
(0.00285469 0.0947783 0)
(0.00094999 0.0939825 0)
(-0.000449652 0.193914 0)
(0.00289352 0.180487 0)
(0.00572948 0.168614 0)
(0.00799837 0.158108 0)
(0.00970725 0.148766 0)
(0.0109042 0.140483 0)
(0.011632 0.133157 0)
(0.0119442 0.126687 0)
(0.011898 0.121001 0)
(0.0115428 0.116032 0)
(0.0109251 0.111718 0)
(0.0100879 0.108008 0)
(0.00906844 0.104855 0)
(0.00790003 0.102222 0)
(0.00661246 0.100076 0)
(0.00523221 0.0983907 0)
(0.00378287 0.0971449 0)
(0.00228698 0.0963231 0)
(0.000762323 0.0955356 0)
(-0.01332 0.189916 0)
(-0.00836964 0.177038 0)
(-0.00418228 0.165758 0)
(-0.00076559 0.155816 0)
(0.00193475 0.147019 0)
(0.00403101 0.139229 0)
(0.00556037 0.132355 0)
(0.00659311 0.126263 0)
(0.00720616 0.120907 0)
(0.00745225 0.116222 0)
(0.00738592 0.112144 0)
(0.00705856 0.108632 0)
(0.00651268 0.105643 0)
(0.00578711 0.103143 0)
(0.00491734 0.101103 0)
(0.0039348 0.0994985 0)
(0.00286766 0.0983121 0)
(0.00174274 0.097529 0)
(0.000582377 0.0967551 0)
(-0.0256033 0.184291 0)
(-0.0189988 0.172274 0)
(-0.0135005 0.1618 0)
(-0.00897809 0.152577 0)
(-0.00531659 0.14445 0)
(-0.0023719 0.137251 0)
(-0.000100381 0.130877 0)
(0.0015884 0.125234 0)
(0.00281594 0.120261 0)
(0.00361779 0.115913 0)
(0.00406041 0.112108 0)
(0.00420788 0.108826 0)
(0.00410395 0.106031 0)
(0.00379262 0.103687 0)
(0.0033154 0.101772 0)
(0.00270761 0.100265 0)
(0.00200138 0.0991489 0)
(0.00122726 0.0984119 0)
(0.000411865 0.0976564 0)
(-0.0369091 0.17704 0)
(-0.0287463 0.166224 0)
(-0.0220278 0.156784 0)
(-0.0164874 0.14847 0)
(-0.0119517 0.141121 0)
(-0.00826014 0.134601 0)
(-0.00531607 0.128794 0)
(-0.0030113 0.123662 0)
(-0.00122428 0.119123 0)
(7.88876e-05 0.115131 0)
(0.000976977 0.11164 0)
(0.00156286 0.108619 0)
(0.00186513 0.106049 0)
(0.0019347 0.10388 0)
(0.00182133 0.102107 0)
(0.00156192 0.10071 0)
(0.001192 0.0996752 0)
(0.000745169 0.098991 0)
(0.000252233 0.0982579 0)
(-0.046834 0.168329 0)
(-0.037351 0.159026 0)
(-0.0295873 0.150834 0)
(-0.0231715 0.14357 0)
(-0.0178835 0.137106 0)
(-0.0135402 0.131339 0)
(-0.0100082 0.126186 0)
(-0.00716671 0.121606 0)
(-0.00490424 0.11754 0)
(-0.00315119 0.113935 0)
(-0.00182845 0.110791 0)
(-0.000848852 0.108059 0)
(-0.00018207 0.10572 0)
(0.000227723 0.103749 0)
(0.000447806 0.102134 0)
(0.000507484 0.100859 0)
(0.000446563 0.0999135 0)
(0.000300325 0.0992883 0)
(0.000104511 0.0985801 0)
(-0.0550557 0.158471 0)
(-0.0445996 0.150904 0)
(-0.0360339 0.144116 0)
(-0.0289275 0.138011 0)
(-0.0230337 0.132514 0)
(-0.0181532 0.127565 0)
(-0.0141324 0.123111 0)
(-0.0108419 0.119121 0)
(-0.00816989 0.115557 0)
(-0.00602958 0.11239 0)
(-0.00434025 0.109607 0)
(-0.00302499 0.107181 0)
(-0.00203359 0.105087 0)
(-0.00130863 0.103329 0)
(-0.00079303 0.101883 0)
(-0.000446902 0.100739 0)
(-0.000228213 0.0998884 0)
(-0.000104206 0.0993259 0)
(-3.11387e-05 0.0986458 0)
(-0.0613961 0.147864 0)
(-0.0503619 0.142135 0)
(-0.0412723 0.136833 0)
(-0.0336847 0.13195 0)
(-0.027348 0.127472 0)
(-0.0220583 0.12338 0)
(-0.0176558 0.119655 0)
(-0.0140072 0.116283 0)
(-0.0109986 0.113246 0)
(-0.00853785 0.11053 0)
(-0.00654247 0.108126 0)
(-0.0049391 0.106019 0)
(-0.00366775 0.104196 0)
(-0.00267088 0.102656 0)
(-0.00189563 0.101386 0)
(-0.00129677 0.100378 0)
(-0.000831192 0.0996276 0)
(-0.000465938 0.0991398 0)
(-0.000152241 0.0984734 0)
(-0.0658295 0.13692 0)
(-0.0546009 0.133015 0)
(-0.0452664 0.129204 0)
(-0.0374107 0.125557 0)
(-0.0307984 0.122113 0)
(-0.0252339 0.118894 0)
(-0.0205599 0.11591 0)
(-0.0166448 0.113169 0)
(-0.0133774 0.110671 0)
(-0.0106641 0.108415 0)
(-0.00842263 0.1064 0)
(-0.00658085 0.104622 0)
(-0.00507626 0.103076 0)
(-0.00385128 0.101762 0)
(-0.00285387 0.100673 0)
(-0.00203733 0.099807 0)
(-0.00135801 0.0991599 0)
(-0.000781058 0.0987504 0)
(-0.00025671 0.0981 0)
(-0.0684517 0.126007 0)
(-0.0573611 0.123822 0)
(-0.0480357 0.121443 0)
(-0.0401128 0.118997 0)
(-0.0333855 0.116568 0)
(-0.0276767 0.114212 0)
(-0.0228395 0.111965 0)
(-0.0187497 0.109855 0)
(-0.0153012 0.107897 0)
(-0.012403 0.106102 0)
(-0.00997443 0.10448 0)
(-0.00794599 0.103034 0)
(-0.00625537 0.101767 0)
(-0.00484489 0.100682 0)
(-0.00366399 0.0997784 0)
(-0.00266569 0.0990559 0)
(-0.00180592 0.0985146 0)
(-0.00104864 0.0981836 0)
(-0.000345001 0.0975524 0)
(-0.0694369 0.115425 0)
(-0.0587476 0.114793 0)
(-0.0496449 0.113739 0)
(-0.0418309 0.112424 0)
(-0.0351344 0.110964 0)
(-0.0294026 0.10944 0)
(-0.0245046 0.10791 0)
(-0.0203276 0.106416 0)
(-0.0167733 0.104988 0)
(-0.0137557 0.103649 0)
(-0.0111985 0.102415 0)
(-0.00903479 0.101299 0)
(-0.00720396 0.10031 0)
(-0.00565031 0.0994534 0)
(-0.0043246 0.0987346 0)
(-0.00318056 0.0981564 0)
(-0.00217404 0.0977213 0)
(-0.00126868 0.0974674 0)
(-0.000417487 0.0968589 0)
(-0.068999 0.105392 0)
(-0.058902 0.106117 0)
(-0.0501899 0.106251 0)
(-0.0426306 0.105973 0)
(-0.0360902 0.105415 0)
(-0.0304431 0.104675 0)
(-0.0255776 0.103826 0)
(-0.0213943 0.102923 0)
(-0.0178048 0.102006 0)
(-0.0147302 0.101109 0)
(-0.0121 0.100254 0)
(-0.00985064 0.0994607 0)
(-0.00792472 0.0987432 0)
(-0.00626949 0.0981121 0)
(-0.00483697 0.0975754 0)
(-0.00358222 0.0971398 0)
(-0.00246263 0.0968098 0)
(-0.00144152 0.0966306 0)
(-0.000474338 0.096048 0)
(-0.0673617 0.0960538 0)
(-0.0579834 0.0979323 0)
(-0.0497845 0.0991055 0)
(-0.0425937 0.0997537 0)
(-0.0363124 0.100016 0)
(-0.0308421 0.1 0)
(-0.0260908 0.0997868 0)
(-0.0219738 0.0994402 0)
(-0.0184139 0.0990097 0)
(-0.0153403 0.0985337 0)
(-0.012689 0.0980427 0)
(-0.0104013 0.0975604 0)
(-0.00842355 0.0971056 0)
(-0.00670633 0.0966929 0)
(-0.0052038 0.0963337 0)
(-0.00387298 0.096037 0)
(-0.00267318 0.0958095 0)
(-0.00156801 0.0957018 0)
(-0.000515872 0.0951478 0)
(-0.0647389 0.0874941 0)
(-0.0561522 0.0903305 0)
(-0.0485493 0.0923928 0)
(-0.041811 0.0938527 0)
(-0.0358697 0.094848 0)
(-0.0306516 0.0954876 0)
(-0.026084 0.0958579 0)
(-0.0220969 0.0960273 0)
(-0.0186243 0.0960506 0)
(-0.0156044 0.0959712 0)
(-0.0129799 0.0958242 0)
(-0.0106978 0.0956374 0)
(-0.00870892 0.0954333 0)
(-0.00696725 0.0952298 0)
(-0.00542989 0.095041 0)
(-0.00405634 0.0948779 0)
(-0.00280806 0.094749 0)
(-0.00164958 0.0947088 0)
(-0.000542616 0.0941856 0)
(-0.061324 0.0797505 0)
(-0.0535607 0.0833669 0)
(-0.0466036 0.0861757 0)
(-0.0403755 0.0883341 0)
(-0.0348346 0.0899725 0)
(-0.0299286 0.091197 0)
(-0.0256021 0.0920943 0)
(-0.0217988 0.0927349 0)
(-0.0184638 0.093176 0)
(-0.0155444 0.0934645 0)
(-0.0129903 0.0936384 0)
(-0.0107542 0.0937287 0)
(-0.0087917 0.0937607 0)
(-0.00706077 0.0937548 0)
(-0.00552175 0.0937273 0)
(-0.00413701 0.0936909 0)
(-0.0028705 0.0936559 0)
(-0.00168816 0.0936786 0)
(-0.000555212 0.0931876 0)
(-0.0572843 0.0728267 0)
(-0.0503468 0.077067 0)
(-0.0440596 0.0804926 0)
(-0.0383781 0.0832428 0)
(-0.0332803 0.085437 0)
(-0.0287318 0.0871754 0)
(-0.0246921 0.0885419 0)
(-0.0211175 0.0896064 0)
(-0.0179633 0.0904271 0)
(-0.0151852 0.091052 0)
(-0.0127401 0.0915213 0)
(-0.0105865 0.091868 0)
(-0.00868476 0.0921193 0)
(-0.00699702 0.0922976 0)
(-0.00548722 0.0924209 0)
(-0.00412082 0.0925033 0)
(-0.00286455 0.0925563 0)
(-0.00168613 0.0926367 0)
(-0.000554421 0.0921789 0)
(-0.0527602 0.0667037 0)
(-0.0466315 0.0714353 0)
(-0.0410195 0.075363 0)
(-0.0359037 0.0786076 0)
(-0.0312771 0.0812755 0)
(-0.0271192 0.0834591 0)
(-0.0234019 0.0852376 0)
(-0.0200924 0.0866785 0)
(-0.0171551 0.087839 0)
(-0.0145536 0.0887676 0)
(-0.0122514 0.0895051 0)
(-0.0102126 0.0900857 0)
(-0.00840252 0.0905381 0)
(-0.00678753 0.0908858 0)
(-0.00533525 0.091148 0)
(-0.00401446 0.0913403 0)
(-0.00279486 0.0914746 0)
(-0.00164621 0.0916074 0)
(-0.000541142 0.091183 0)
(-0.0478671 0.0613492 0)
(-0.0425179 0.0664617 0)
(-0.0375734 0.0707927 0)
(-0.0330301 0.0744446 0)
(-0.0288911 0.077511 0)
(-0.0251468 0.0800752 0)
(-0.0217788 0.0822106 0)
(-0.0187632 0.0839809 0)
(-0.0160725 0.0854416 0)
(-0.0136772 0.0866403 0)
(-0.011547 0.0876179 0)
(-0.0096515 0.088409 0)
(-0.00796055 0.0890429 0)
(-0.00644481 0.0895442 0)
(-0.0050757 0.0899328 0)
(-0.00382534 0.090225 0)
(-0.00266658 0.0904336 0)
(-0.00157143 0.090613 0)
(-0.000516364 0.0902217 0)
(-0.0426976 0.0567238 0)
(-0.0380924 0.0621273 0)
(-0.0337995 0.0667778 0)
(-0.0298265 0.070761 0)
(-0.0261831 0.0741581 0)
(-0.0228671 0.077043 0)
(-0.0198679 0.0794829 0)
(-0.0171686 0.0815374 0)
(-0.0147485 0.0832592 0)
(-0.0125841 0.0846947 0)
(-0.0106508 0.0858839 0)
(-0.00892296 0.0868614 0)
(-0.00737518 0.0876569 0)
(-0.00598216 0.0882951 0)
(-0.00471905 0.0887967 0)
(-0.00356141 0.0891785 0)
(-0.00248525 0.0894537 0)
(-0.00146503 0.089674 0)
(-0.000481159 0.089315 0)
(-0.0373244 0.0527861 0)
(-0.033426 0.0584084 0)
(-0.0297645 0.0633084 0)
(-0.0263539 0.0675572 0)
(-0.0232079 0.0712244 0)
(-0.0203291 0.0743755 0)
(-0.0177123 0.0770711 0)
(-0.0153462 0.0793666 0)
(-0.0132156 0.0813118 0)
(-0.0113023 0.0829511 0)
(-0.00958642 0.0843236 0)
(-0.00804715 0.0854634 0)
(-0.00666323 0.0863999 0)
(-0.00541334 0.0871582 0)
(-0.00427625 0.087759 0)
(-0.00323096 0.0882196 0)
(-0.00225667 0.0885536 0)
(-0.00133047 0.0888087 0)
(-0.00043667 0.0884808 0)
(-0.0318042 0.0494958 0)
(-0.0285763 0.0552798 0)
(-0.0255245 0.0603712 0)
(-0.0226657 0.0648292 0)
(-0.0200149 0.0687132 0)
(-0.0175775 0.0720808 0)
(-0.0153521 0.0749871 0)
(-0.0133317 0.077483 0)
(-0.0115053 0.0796153 0)
(-0.00985911 0.0814265 0)
(-0.00837769 0.0829543 0)
(-0.00704433 0.0842322 0)
(-0.00584175 0.0852892 0)
(-0.00475238 0.0861503 0)
(-0.00375853 0.0868365 0)
(-0.00284254 0.0873649 0)
(-0.00198687 0.0877496 0)
(-0.00117133 0.0880335 0)
(-0.000384074 0.087735 0)
(-0.0261804 0.0468167 0)
(-0.0235902 0.0527169 0)
(-0.0211269 0.057952 0)
(-0.018808 0.0625707 0)
(-0.0166479 0.0666243 0)
(-0.0146533 0.0701638 0)
(-0.0128249 0.073239 0)
(-0.0111589 0.075897 0)
(-0.00964775 0.0781819 0)
(-0.00828135 0.0801341 0)
(-0.00704795 0.08179 0)
(-0.00593465 0.0831821 0)
(-0.00492783 0.0843392 0)
(-0.00401344 0.0852859 0)
(-0.00317725 0.0860432 0)
(-0.00240487 0.0866284 0)
(-0.001682 0.0870555 0)
(-0.000991276 0.0873623 0)
(-0.000324587 0.0870911 0)
(-0.0204858 0.0447166 0)
(-0.0185053 0.0506975 0)
(-0.0166117 0.0560364 0)
(-0.014821 0.0607743 0)
(-0.0131461 0.0649558 0)
(-0.0115936 0.0686266 0)
(-0.0101655 0.0718323 0)
(-0.00885989 0.0746166 0)
(-0.00767203 0.0770211 0)
(-0.00659493 0.0790844 0)
(-0.0056201 0.0808417 0)
(-0.00473802 0.0823247 0)
(-0.00393845 0.0835616 0)
(-0.00321071 0.0845768 0)
(-0.00254384 0.0853911 0)
(-0.00192675 0.0860219 0)
(-0.00134833 0.086483 0)
(-0.000794083 0.0868068 0)
(-0.000259483 0.0865604 0)
(-0.0147457 0.0431697 0)
(-0.0133522 0.0492025 0)
(-0.0120125 0.0546115 0)
(-0.0107399 0.0594323 0)
(-0.00954466 0.0637044 0)
(-0.00843261 0.0674696 0)
(-0.00740616 0.07077 0)
(-0.00646483 0.0736468 0)
(-0.0056059 0.0761394 0)
(-0.00482501 0.0782851 0)
(-0.00411654 0.0801178 0)
(-0.00347405 0.0816687 0)
(-0.00289045 0.0829654 0)
(-0.00235828 0.084032 0)
(-0.00186975 0.0848893 0)
(-0.00141702 0.0855545 0)
(-0.000992162 0.0860414 0)
(-0.000583587 0.0863761 0)
(-0.000190065 0.0861517 0)
(-0.00898066 0.0421602 0)
(-0.00815748 0.048221 0)
(-0.00735967 0.0536712 0)
(-0.00659697 0.0585425 0)
(-0.00587655 0.0628713 0)
(-0.00520295 0.0666965 0)
(-0.00457842 0.0700578 0)
(-0.0040034 0.0729946 0)
(-0.00347687 0.0755449 0)
(-0.00299666 0.0777447 0)
(-0.00255978 0.0796273 0)
(-0.00216258 0.0812232 0)
(-0.00180098 0.0825597 0)
(-0.00147057 0.0836607 0)
(-0.00116673 0.0845468 0)
(-0.00088475 0.0852351 0)
(-0.000619929 0.0857394 0)
(-0.000363878 0.0860796 0)
(-0.000117806 0.0858731 0)
(-0.00308361 0.0415584 0)
(-0.00281391 0.0476313 0)
(-0.0025492 0.0531024 0)
(-0.00229359 0.0580011 0)
(-0.00205006 0.0623617 0)
(-0.00182061 0.0662214 0)
(-0.00160645 0.0696183 0)
(-0.0014081 0.0725907 0)
(-0.00122552 0.0751755 0)
(-0.00105824 0.077408 0)
(-0.000905441 0.0793209 0)
(-0.000766031 0.0809443 0)
(-0.000638725 0.0823052 0)
(-0.00052207 0.0834274 0)
(-0.000414563 0.0843314 0)
(-0.000314616 0.085034 0)
(-0.000220646 0.0855492 0)
(-0.000129178 0.0858904 0)
(-4.1505e-05 0.0856992 0)
)
;

boundaryField
{
    leftWall
    {
        type            noSlip;
    }
    rightWall
    {
        type            noSlip;
    }
    lowerWall
    {
        type            noSlip;
    }
    atmosphere
    {
        type            pressureInletOutletVelocity;
        value           nonuniform List<vector> 
46
(
(0 -0.134282 0)
(0 -0.133862 0)
(0 -0.131932 0)
(0 -0.129046 0)
(0 -0.125231 0)
(0 -0.120523 0)
(0 -0.114964 0)
(0 -0.10861 0)
(0 -0.101525 0)
(0 -0.0937835 0)
(0 -0.0854717 0)
(0 -0.0766841 0)
(0 -0.0675223 0)
(0 -0.0580934 0)
(0 -0.0485064 0)
(0 -0.0388691 0)
(0 -0.0292841 0)
(0 -0.0198454 0)
(0 -0.0106344 0)
(0 -0.00171712 0)
(-0.00421483 0.00680174 0)
(-0.00400685 0.0148399 0)
(-0.00378913 0.0223692 0)
(-0.00361918 0.0275438 0)
(-0.00350631 0.0307438 0)
(-0.00339209 0.0338255 0)
(-0.00327614 0.0367927 0)
(-0.00308361 0.0415584 0)
(-0.00281391 0.0476313 0)
(-0.0025492 0.0531024 0)
(-0.00229359 0.0580011 0)
(-0.00205006 0.0623617 0)
(-0.00182061 0.0662214 0)
(-0.00160645 0.0696183 0)
(-0.0014081 0.0725907 0)
(-0.00122552 0.0751755 0)
(-0.00105824 0.077408 0)
(-0.000905441 0.0793209 0)
(-0.000766031 0.0809443 0)
(-0.000638725 0.0823052 0)
(-0.00052207 0.0834274 0)
(-0.000414563 0.0843314 0)
(-0.000314616 0.085034 0)
(-0.000220646 0.0855492 0)
(-0.000129178 0.0858904 0)
(-4.1505e-05 0.0856992 0)
)
;
    }
    defaultFaces
    {
        type            empty;
    }
}


// ************************************************************************* //
