/*--------------------------------*- C++ -*----------------------------------*\
  =========                 |
  \\      /  F ield         | OpenFOAM: The Open Source CFD Toolbox
   \\    /   O peration     | Website:  https://openfoam.org
    \\  /    A nd           | Version:  13
     \\/     M anipulation  |
\*---------------------------------------------------------------------------*/
FoamFile
{
    format      ascii;
    class       surfaceScalarField;
    location    "0.3";
    object      phi;
}
// * * * * * * * * * * * * * * * * * * * * * * * * * * * * * * * * * * * * * //

dimensions      [0 3 -1 0 0 0 0];

internalField   nonuniform List<scalar> 
4432
(
-9.379e-07
9.379e-07
2.70002e-06
-3.63792e-06
8.79426e-06
-6.09424e-06
1.53287e-05
-6.53443e-06
2.12038e-05
-5.87509e-06
2.6149e-05
-4.94519e-06
3.03078e-05
-4.15884e-06
3.39259e-05
-3.61811e-06
3.72014e-05
-3.27546e-06
4.0234e-05
-3.03258e-06
4.30252e-05
-2.79123e-06
4.54978e-05
-2.47256e-06
4.7512e-05
-2.01423e-06
4.88535e-05
-1.34155e-06
4.90566e-05
-2.03037e-07
4.72206e-05
1.83597e-06
4.21082e-05
5.11247e-06
3.22858e-05
9.82234e-06
1.73758e-05
1.49101e-05
-1.98262e-07
1.7574e-05
-1.28923e-05
1.2694e-05
-1.60539e-05
3.16166e-06
-1.6054e-05
-8.58355e-07
1.79625e-06
2.85044e-06
-7.34672e-06
8.96476e-06
-1.22086e-05
1.54761e-05
-1.30458e-05
2.13201e-05
-1.17191e-05
2.62469e-05
-9.87201e-06
3.04099e-05
-8.32184e-06
3.40569e-05
-7.26505e-06
3.73805e-05
-6.59914e-06
4.04732e-05
-6.1253e-06
4.33308e-05
-5.64883e-06
4.58748e-05
-5.01655e-06
4.79716e-05
-4.11104e-06
4.9451e-05
-2.82087e-06
5.03115e-05
-1.06353e-06
5.06695e-05
1.47795e-06
5.04127e-05
5.3692e-06
4.82549e-05
1.19801e-05
4.11588e-05
2.20062e-05
2.62686e-05
3.24642e-05
6.01211e-06
3.29505e-05
-4.09458e-06
1.32684e-05
-2.01485e-05
-6.92281e-07
2.48854e-06
3.09398e-06
-1.1133e-05
9.20435e-06
-1.83189e-05
1.56222e-05
-1.94637e-05
2.13464e-05
-1.74433e-05
2.61796e-05
-1.47052e-05
3.02996e-05
-1.24419e-05
3.3956e-05
-1.09214e-05
3.73288e-05
-9.97193e-06
4.0494e-05
-9.29052e-06
4.34358e-05
-8.59058e-06
4.60712e-05
-7.652e-06
4.8274e-05
-6.31388e-06
4.9893e-05
-4.43979e-06
5.0719e-05
-1.88951e-06
5.06195e-05
1.57736e-06
4.96892e-05
6.29958e-06
4.86146e-05
1.30547e-05
4.73482e-05
2.32726e-05
4.26874e-05
3.71251e-05
3.01476e-05
4.54903e-05
1.31376e-05
3.02784e-05
-7.01099e-06
-4.45681e-07
2.93422e-06
3.45134e-06
-1.503e-05
9.54341e-06
-2.4411e-05
1.58226e-05
-2.57428e-05
2.13766e-05
-2.29973e-05
2.60846e-05
-1.94132e-05
3.01575e-05
-1.65148e-05
3.38416e-05
-1.46055e-05
3.72954e-05
-1.34257e-05
4.05712e-05
-1.25663e-05
4.36369e-05
-1.16563e-05
4.64044e-05
-1.04195e-05
4.87505e-05
-8.66006e-06
5.05302e-05
-6.21943e-06
5.15769e-05
-2.93624e-06
5.17324e-05
1.42187e-06
5.08744e-05
7.15762e-06
4.92696e-05
1.46595e-05
4.81387e-05
2.44034e-05
4.75581e-05
3.77057e-05
4.17828e-05
5.12656e-05
2.47889e-05
4.72723e-05
1.77779e-05
-1.06219e-07
3.04043e-06
3.89897e-06
-1.90352e-05
9.94564e-06
-3.04577e-05
1.60393e-05
-3.18365e-05
2.13815e-05
-2.83394e-05
2.59447e-05
-2.39764e-05
2.99753e-05
-2.05454e-05
3.37084e-05
-1.83386e-05
3.72719e-05
-1.69892e-05
4.06882e-05
-1.59826e-05
4.39068e-05
-1.48749e-05
4.68342e-05
-1.33468e-05
4.93526e-05
-1.11785e-05
5.13307e-05
-8.1975e-06
5.26274e-05
-4.233e-06
5.31176e-05
9.31653e-07
5.27129e-05
7.5624e-06
5.13728e-05
1.59995e-05
4.94709e-05
2.63053e-05
4.83479e-05
3.88287e-05
4.51824e-05
5.44311e-05
3.05231e-05
6.19315e-05
4.8301e-05
2.13607e-07
2.82683e-06
4.41107e-06
-2.32327e-05
1.03864e-05
-3.6433e-05
1.62503e-05
-3.77005e-05
2.13508e-05
-3.34399e-05
2.57645e-05
-2.83901e-05
2.97679e-05
-2.45489e-05
3.35745e-05
-2.21451e-05
3.72725e-05
-2.06873e-05
4.08511e-05
-1.95612e-05
4.42414e-05
-1.82652e-05
4.73467e-05
-1.64521e-05
5.00577e-05
-1.38895e-05
5.22576e-05
-1.03975e-05
5.3826e-05
-5.80132e-06
5.46581e-05
9.94648e-08
5.46795e-05
7.54103e-06
5.38607e-05
1.68184e-05
5.1993e-05
2.81729e-05
4.96021e-05
4.12197e-05
4.60972e-05
5.7936e-05
3.31489e-05
7.48798e-05
8.14499e-05
5.91855e-07
2.23497e-06
4.98013e-06
-2.76209e-05
1.08498e-05
-4.23027e-05
1.6445e-05
-4.32957e-05
2.12885e-05
-3.82834e-05
2.5563e-05
-3.26646e-05
2.95639e-05
-2.85498e-05
3.34701e-05
-2.60513e-05
3.73242e-05
-2.45414e-05
4.10815e-05
-2.33186e-05
4.46584e-05
-2.1842e-05
4.79589e-05
-1.97527e-05
5.08841e-05
-1.68146e-05
5.33296e-05
-1.2843e-05
5.51875e-05
-7.65916e-06
5.63616e-05
-1.0747e-06
5.67868e-05
7.11591e-06
5.64417e-05
1.71635e-05
5.50981e-05
2.95165e-05
5.24051e-05
4.39126e-05
4.80045e-05
6.23366e-05
3.71622e-05
8.57222e-05
0.000118612
1.01704e-06
1.21793e-06
5.5888e-06
-3.21927e-05
1.13194e-05
-4.80333e-05
1.6627e-05
-4.86032e-05
2.12227e-05
-4.28791e-05
2.53864e-05
-3.68283e-05
2.94174e-05
-3.25807e-05
3.34505e-05
-3.00844e-05
3.74807e-05
-2.85717e-05
4.14337e-05
-2.72715e-05
4.52165e-05
-2.56248e-05
4.87386e-05
-2.32748e-05
5.19101e-05
-1.99861e-05
5.46318e-05
-1.55648e-05
5.67963e-05
-9.82366e-06
5.83112e-05
-2.58962e-06
5.91243e-05
6.3029e-06
5.92086e-05
1.70791e-05
5.84727e-05
3.02524e-05
5.64013e-05
4.5984e-05
5.18641e-05
6.68738e-05
4.1122e-05
9.64643e-05
0.000159734
1.79666e-05
-1.79666e-05
2.45399e-05
-6.57329e-06
2.15936e-05
2.9462e-06
1.91436e-05
2.44998e-06
1.82182e-05
9.25494e-07
1.82802e-05
-6.19322e-08
1.9247e-05
-9.66724e-07
2.06158e-05
-1.36869e-06
2.18659e-05
-1.25003e-06
2.26923e-05
-8.26492e-07
2.28605e-05
-1.68286e-07
2.22473e-05
6.13159e-07
2.08619e-05
1.38545e-06
1.8731e-05
2.13085e-06
1.59074e-05
2.82355e-06
1.24885e-05
3.41896e-06
8.59355e-06
3.89472e-06
4.37089e-06
4.22258e-06
4.3707e-06
2.04592e-05
-3.84258e-05
2.57408e-05
-1.18549e-05
2.21374e-05
6.54975e-06
1.98391e-05
4.74833e-06
1.89273e-05
1.83743e-06
1.91716e-05
-3.06036e-07
2.04124e-05
-2.20752e-06
2.20316e-05
-2.98789e-06
2.35228e-05
-2.74125e-06
2.46181e-05
-1.9219e-06
2.51438e-05
-6.93972e-07
2.49526e-05
8.04303e-07
2.38792e-05
2.45883e-06
2.18491e-05
4.16084e-06
1.88687e-05
5.80377e-06
1.50155e-05
7.27211e-06
1.0436e-05
8.47389e-06
5.33476e-06
9.32343e-06
9.70552e-06
2.61679e-05
-6.45937e-05
2.80813e-05
-1.37683e-05
2.20792e-05
1.2552e-05
1.95943e-05
7.23325e-06
1.84616e-05
2.97025e-06
1.88369e-05
-6.81286e-07
2.02674e-05
-3.638e-06
2.20111e-05
-4.73148e-06
2.35996e-05
-4.32976e-06
2.47318e-05
-3.05406e-06
2.52216e-05
-1.18391e-06
2.49428e-05
1.08299e-06
2.38023e-05
3.59937e-06
2.17422e-05
6.22076e-06
1.8763e-05
8.78283e-06
1.49316e-05
1.11033e-05
1.03809e-05
1.30246e-05
5.30718e-06
1.43971e-05
1.50128e-05
3.02636e-05
-9.48573e-05
2.89833e-05
-1.24879e-05
2.19948e-05
1.95406e-05
1.91712e-05
1.00568e-05
1.75803e-05
4.5612e-06
1.83063e-05
-1.40717e-06
2.00653e-05
-5.39703e-06
2.20204e-05
-6.68654e-06
2.37754e-05
-6.08469e-06
2.50165e-05
-4.29526e-06
2.55586e-05
-1.72606e-06
2.52817e-05
1.35971e-06
2.41064e-05
4.7746e-06
2.19891e-05
8.33799e-06
1.89476e-05
1.18241e-05
1.50563e-05
1.49946e-05
1.04549e-05
1.76261e-05
5.34313e-06
1.95091e-05
2.03561e-05
2.83602e-05
-0.000123217
2.51808e-05
-9.30837e-06
2.0948e-05
2.37735e-05
1.79168e-05
1.3088e-05
1.60836e-05
6.39435e-06
1.76081e-05
-2.93159e-06
1.98083e-05
-7.59718e-06
2.20509e-05
-8.92902e-06
2.40426e-05
-8.07636e-06
2.54388e-05
-5.69155e-06
2.60793e-05
-2.36668e-06
2.58614e-05
1.57745e-06
2.4704e-05
5.93186e-06
2.25606e-05
1.04813e-05
1.94521e-05
1.49328e-05
1.546e-05
1.89869e-05
1.07378e-05
2.23484e-05
5.48823e-06
2.47587e-05
2.58444e-05
1.98555e-05
-0.000143073
1.58651e-05
-5.3179e-06
1.81651e-05
2.14734e-05
1.52659e-05
1.59872e-05
1.39518e-05
7.70843e-06
1.67268e-05
-5.70643e-06
1.94348e-05
-1.03051e-05
2.20892e-05
-1.15833e-05
2.43934e-05
-1.03806e-05
2.5987e-05
-7.28526e-06
2.6755e-05
-3.13477e-06
2.66165e-05
1.71584e-06
2.54921e-05
7.05625e-06
2.33332e-05
1.26403e-05
2.01519e-05
1.81142e-05
1.60383e-05
2.31005e-05
1.11487e-05
2.72382e-05
5.70134e-06
3.02059e-05
3.15456e-05
1.01238e-05
-0.000153197
-2.6696e-06
7.47546e-06
2.90371e-06
1.59002e-05
9.81422e-06
9.0767e-06
1.1685e-05
5.83767e-06
1.5958e-05
-9.97936e-06
1.90036e-05
-1.33506e-05
2.21705e-05
-1.47502e-05
2.48478e-05
-1.3058e-05
2.66575e-05
-9.095e-06
2.75784e-05
-4.05571e-06
2.75419e-05
1.7525e-06
2.646e-05
8.13823e-06
2.42836e-05
1.48166e-05
2.10211e-05
2.13766e-05
1.6757e-05
2.73646e-05
1.1661e-05
3.23339e-05
5.96764e-06
3.58991e-05
3.75131e-05
-1.26153e-06
-0.000151935
-3.96877e-05
4.59016e-05
-1.66571e-05
-7.13045e-06
3.60435e-06
-1.11847e-05
9.9357e-06
-4.93642e-07
1.57967e-05
-1.58403e-05
1.88353e-05
-1.63892e-05
2.24862e-05
-1.84011e-05
2.54784e-05
-1.60501e-05
2.74924e-05
-1.11089e-05
2.85717e-05
-5.13493e-06
2.86461e-05
1.67809e-06
2.76146e-05
9.16967e-06
2.54192e-05
1.70121e-05
2.20565e-05
2.4739e-05
1.76148e-05
3.18062e-05
1.22732e-05
3.76755e-05
6.28537e-06
4.18867e-05
4.37985e-05
3.58702e-06
-2.36909e-06
1.38765e-05
-4.24822e-05
2.56312e-05
-5.97879e-05
3.60034e-05
-5.89755e-05
4.50639e-05
-5.19395e-05
5.37168e-05
-4.54812e-05
6.2529e-05
-4.13929e-05
7.15973e-05
-3.91527e-05
8.07625e-05
-3.77369e-05
8.97964e-05
-3.63054e-05
9.84995e-05
-3.43279e-05
0.000106706
-3.14817e-05
0.000114254
-2.75332e-05
0.000120957
-2.22679e-05
0.000126631
-1.54981e-05
0.000131112
-7.07067e-06
0.00013433
3.08515e-06
0.000136162
1.52467e-05
0.000136708
2.97065e-05
0.000135945
4.67469e-05
0.000134892
6.7927e-05
0.000140448
9.09087e-05
0.000129865
0.000170317
5.66367e-06
-8.03276e-06
1.66459e-05
-5.34644e-05
2.75498e-05
-7.06918e-05
3.6697e-05
-6.81227e-05
4.50199e-05
-6.02624e-05
5.36162e-05
-5.40775e-05
6.28321e-05
-5.06088e-05
7.24849e-05
-4.88055e-05
8.22474e-05
-4.74994e-05
9.18435e-05
-4.59015e-05
0.000101105
-4.35889e-05
0.000109911
-4.02885e-05
0.000118187
-3.5809e-05
0.000125851
-2.99323e-05
0.000132873
-2.25201e-05
0.000139422
-1.36193e-05
0.000145176
-2.66861e-06
0.000150374
1.00487e-05
0.000154825
2.52557e-05
0.000159646
4.19257e-05
0.000167996
5.95772e-05
0.000182897
7.60077e-05
9.89835e-05
0.000213778
8.03778e-06
-1.60705e-05
1.93156e-05
-6.47422e-05
2.88203e-05
-8.01966e-05
3.66251e-05
-7.59275e-05
4.4393e-05
-6.80303e-05
5.3029e-05
-6.27136e-05
6.24523e-05
-6.00321e-05
7.22223e-05
-5.85755e-05
8.1974e-05
-5.72511e-05
9.15083e-05
-5.54358e-05
0.000100771
-5.28516e-05
0.000109723
-4.92402e-05
0.000118536
-4.46226e-05
0.000127349
-3.87449e-05
0.000136041
-3.12126e-05
0.000144198
-2.17754e-05
0.000152314
-1.07847e-05
0.000161037
1.32545e-06
0.000167432
1.88602e-05
0.000174484
3.48737e-05
0.000184254
4.98076e-05
0.000196214
6.40473e-05
7.72092e-05
0.000217989
1.11831e-05
-2.72537e-05
2.23001e-05
-7.58591e-05
2.94262e-05
-8.73227e-05
3.55215e-05
-8.20228e-05
4.28422e-05
-7.5351e-05
5.15902e-05
-7.14616e-05
6.11446e-05
-6.95865e-05
7.10238e-05
-6.84546e-05
8.10795e-05
-6.73068e-05
9.13919e-05
-6.57483e-05
0.000102268
-6.37276e-05
0.00011358
-6.05522e-05
0.000125565
-5.66076e-05
0.000138762
-5.19423e-05
0.000153364
-4.58142e-05
0.000168478
-3.68894e-05
0.000181882
-2.41891e-05
0.000189362
-6.15462e-06
0.000193008
1.52145e-05
0.000194743
3.31389e-05
0.000198387
4.61637e-05
0.000205523
5.69113e-05
6.42608e-05
0.000218471
1.63e-05
-4.35536e-05
2.79949e-05
-8.75541e-05
3.11131e-05
-9.04409e-05
3.49456e-05
-8.58553e-05
4.2435e-05
-8.28405e-05
5.23862e-05
-8.14128e-05
6.33996e-05
-8.05999e-05
7.51475e-05
-8.02025e-05
8.79308e-05
-8.00901e-05
0.000102435
-8.02523e-05
0.000119653
-8.09463e-05
0.000137475
-7.83739e-05
0.00015693
-7.60625e-05
0.000179603
-7.46148e-05
0.000205287
-7.14988e-05
0.000230827
-6.24291e-05
0.000251612
-4.49747e-05
0.000255445
-9.98776e-06
0.000247358
2.33018e-05
0.000234589
4.59083e-05
0.000223478
5.72744e-05
0.000218803
6.15863e-05
6.22931e-05
0.000220771
2.49859e-05
-6.85395e-05
3.80196e-05
-0.000100588
3.62167e-05
-8.8638e-05
3.84188e-05
-8.80574e-05
4.75768e-05
-9.19985e-05
6.02232e-05
-9.40592e-05
7.38785e-05
-9.42552e-05
8.89882e-05
-9.53123e-05
0.00010683
-9.79314e-05
0.000129371
-0.000102794
0.000154022
-0.000105597
0.000173743
-9.80948e-05
0.000198893
-0.000101213
0.000225534
-0.000101255
0.000252834
-9.87992e-05
0.000275914
-8.55094e-05
0.000289307
-5.83673e-05
0.000293425
-1.41052e-05
0.000289079
2.76475e-05
0.00027842
5.65675e-05
0.000263311
7.23836e-05
0.000244614
8.02831e-05
7.58622e-05
0.000231045
3.27777e-05
-0.000101317
4.48183e-05
-0.000112628
4.55685e-05
-8.93882e-05
4.91461e-05
-9.1635e-05
5.9615e-05
-0.000102467
7.02443e-05
-0.000104688
8.01178e-05
-0.000104129
9.03934e-05
-0.000105588
0.000102105
-0.000109643
0.000116091
-0.00011678
0.00013475
-0.000124256
0.000163809
-0.000127154
0.000191002
-0.000128406
0.00022026
-0.000130513
0.000251073
-0.000129612
0.000277421
-0.000111857
0.000293917
-7.48632e-05
0.000305144
-2.53317e-05
0.000307639
2.51526e-05
0.00030108
6.31269e-05
0.000289932
8.35311e-05
0.000278722
9.14929e-05
8.89927e-05
0.000265592
9.63444e-06
-0.000110952
1.74821e-05
-0.000120476
3.39625e-05
-0.000105869
4.22718e-05
-9.99444e-05
4.5894e-05
-0.00010609
5.18245e-05
-0.000110619
6.01254e-05
-0.00011243
7.01793e-05
-0.000115642
8.35953e-05
-0.000123059
0.00010122
-0.000134404
0.000122302
-0.000145338
0.000146047
-0.000150899
0.000170444
-0.000152802
0.000196387
-0.000156457
0.000225958
-0.000159182
0.000251271
-0.000137171
0.000266942
-9.05343e-05
0.000273951
-3.234e-05
0.000271913
2.71907e-05
0.000264557
7.04827e-05
0.000259751
8.83375e-05
0.000265975
8.52685e-05
7.29243e-05
0.000282043
-6.37009e-06
-0.000104582
-7.10644e-07
-0.000126136
1.38642e-05
-0.000120444
2.79789e-05
-0.000114059
3.65133e-05
-0.000114624
4.3259e-05
-0.000117365
5.09517e-05
-0.000120122
6.03694e-05
-0.000125059
7.22076e-05
-0.000134897
8.63409e-05
-0.000148538
0.00010209
-0.000161087
0.000118367
-0.000167176
0.000132801
-0.000167236
0.000147352
-0.000171008
0.000164589
-0.00017642
0.000176854
-0.000149436
0.000184898
-9.85776e-05
0.000187991
-3.54333e-05
0.000192306
2.28751e-05
0.000202043
6.07466e-05
0.000222063
6.83173e-05
0.00025297
5.43613e-05
3.95239e-05
0.000286371
-2.37591e-06
-0.000102206
7.74521e-06
-0.000136257
1.60984e-05
-0.000128797
2.50335e-05
-0.000122994
3.30792e-05
-0.00012267
4.01589e-05
-0.000124444
4.69852e-05
-0.000126949
5.39527e-05
-0.000132027
6.10881e-05
-0.000142032
6.81529e-05
-0.000155602
7.50843e-05
-0.000168019
8.1618e-05
-0.000173709
8.53214e-05
-0.000170939
8.57052e-05
-0.000171391
8.32601e-05
-0.000173975
7.97323e-05
-0.000145908
8.02822e-05
-9.91275e-05
9.08299e-05
-4.59811e-05
0.000116566
-2.86081e-06
0.000157287
2.00253e-05
0.000201055
2.45493e-05
0.000240223
1.5194e-05
8.33395e-06
0.000271412
5.23488e-06
-0.00010744
1.15821e-05
-0.000142604
1.72145e-05
-0.000134429
2.40528e-05
-0.000129833
3.11378e-05
-0.000129755
3.75938e-05
-0.0001309
4.32221e-05
-0.000132577
4.77719e-05
-0.000136577
5.07331e-05
-0.000144994
5.18609e-05
-0.00015673
5.13868e-05
-0.000167544
4.97826e-05
-0.000172105
4.61866e-05
-0.000167343
3.8319e-05
-0.000163524
2.93044e-05
-0.00016496
3.13714e-05
-0.000147975
4.53996e-05
-0.000113156
7.3072e-05
-7.36535e-05
0.000111894
-4.16825e-05
0.00015195
-2.0031e-05
0.000185715
-9.21596e-06
0.000210801
-9.89162e-06
-1.13055e-05
0.000230441
7.54872e-06
-0.000114989
1.22175e-05
-0.000147273
1.7085e-05
-0.000139297
2.33622e-05
-0.00013611
2.98374e-05
-0.00013623
3.58308e-05
-0.000136894
4.09761e-05
-0.000137723
4.45842e-05
-0.000140185
4.57664e-05
-0.000146176
4.41538e-05
-0.000155118
4.02198e-05
-0.00016361
3.54572e-05
-0.000167342
3.17564e-05
-0.000163642
2.68245e-05
-0.000158592
1.96935e-05
-0.000157829
2.31578e-05
-0.000151439
3.80684e-05
-0.000128066
6.04387e-05
-9.60239e-05
8.8195e-05
-6.94388e-05
0.000116425
-4.82614e-05
0.000141903
-3.46933e-05
0.000163196
-3.11845e-05
-3.1774e-05
0.000183664
8.00135e-06
-0.00012299
1.22451e-05
-0.000151516
1.71837e-05
-0.000144235
2.31173e-05
-0.000142044
2.91646e-05
-0.000142278
3.49963e-05
-0.000142726
4.03427e-05
-0.000143069
4.44584e-05
-0.000144301
4.62863e-05
-0.000148004
4.53225e-05
-0.000154154
4.22121e-05
-0.0001605
3.8836e-05
-0.000163966
3.79432e-05
-0.000162749
3.84184e-05
-0.000159067
3.52614e-05
-0.000154672
3.17353e-05
-0.000147914
3.6551e-05
-0.000132882
5.00512e-05
-0.000109524
7.0394e-05
-8.97814e-05
9.68326e-05
-7.46999e-05
0.000126627
-6.44881e-05
0.000155278
-5.9835e-05
-5.85277e-05
0.000182031
7.90839e-06
-0.000130899
1.20849e-05
-0.000155693
1.71254e-05
-0.000149276
2.28555e-05
-0.000147774
2.86817e-05
-0.000148104
3.45008e-05
-0.000148545
4.02723e-05
-0.000148841
4.5471e-05
-0.000149499
4.90993e-05
-0.000151632
5.05484e-05
-0.000155603
5.02282e-05
-0.00016018
4.95027e-05
-0.000163241
5.01182e-05
-0.000163365
5.17631e-05
-0.000160712
5.27617e-05
-0.000155671
5.31944e-05
-0.000148346
5.744e-05
-0.000137128
7.06379e-05
-0.000122722
8.96685e-05
-0.000108812
0.000112621
-9.76522e-05
0.000137689
-8.9556e-05
0.000162463
-8.46091e-05
-8.22401e-05
0.000186175
7.4402e-06
-0.000138339
1.18104e-05
-0.000160063
1.69372e-05
-0.000154403
2.25295e-05
-0.000153366
2.82079e-05
-0.000153782
3.39638e-05
-0.000154301
3.9898e-05
-0.000154775
4.57717e-05
-0.000155373
5.0854e-05
-0.000156714
5.44943e-05
-0.000159244
5.66841e-05
-0.00016237
5.80814e-05
-0.000164638
5.95952e-05
-0.000164879
6.16915e-05
-0.000162808
6.46337e-05
-0.000158614
6.87737e-05
-0.000152487
7.5801e-05
-0.000144155
8.73634e-05
-0.000134284
0.00010307
-0.000124519
0.000121875
-0.000116457
0.000142875
-0.000110556
0.00016482
-0.000106554
-0.000104254
0.000186834
6.92312e-06
-0.000145262
1.14888e-05
-0.000164629
1.66587e-05
-0.000159572
2.21412e-05
-0.000158848
2.76775e-05
-0.000159319
3.32795e-05
-0.000159903
3.90474e-05
-0.000160542
4.49415e-05
-0.000161267
5.05499e-05
-0.000162323
5.52872e-05
-0.000163981
5.88773e-05
-0.00016596
6.1636e-05
-0.000167397
6.42258e-05
-0.000167468
6.72641e-05
-0.000165847
7.13262e-05
-0.000162676
7.688e-05
-0.00015804
8.48455e-05
-0.000152121
9.60038e-05
-0.000145443
0.000110486
-0.000139002
0.000127695
-0.000133666
0.000146875
-0.000129735
0.000167227
-0.000126906
-0.000125171
0.000188144
6.47424e-06
-0.000151736
1.11687e-05
-0.000169323
1.63231e-05
-0.000164727
2.16952e-05
-0.00016422
2.7098e-05
-0.000164721
3.25296e-05
-0.000165334
3.80319e-05
-0.000166045
4.36269e-05
-0.000166862
4.91352e-05
-0.000167831
5.41674e-05
-0.000169013
5.84808e-05
-0.000170273
6.22637e-05
-0.00017118
6.60046e-05
-0.000171209
7.02585e-05
-0.000170101
7.55109e-05
-0.000167928
8.23015e-05
-0.000164831
9.11943e-05
-0.000161014
0.000102587
-0.000156835
0.000116452
-0.000152866
0.00013243
-0.000149645
0.00015009
-0.000147395
0.000169029
-0.000145845
-0.000145065
0.000188923
6.10332e-06
-0.00015784
1.08528e-05
-0.000174073
1.5955e-05
-0.000169829
2.12156e-05
-0.000169481
2.64994e-05
-0.000170005
3.17956e-05
-0.00017063
3.7106e-05
-0.000171355
4.24401e-05
-0.000172196
4.77392e-05
-0.00017313
5.28465e-05
-0.00017412
5.7652e-05
-0.000175079
6.22657e-05
-0.000175793
6.70405e-05
-0.000175984
7.24142e-05
-0.000175474
7.8773e-05
-0.000174287
8.64656e-05
-0.000172523
9.58153e-05
-0.000170363
0.000107046
-0.000168066
0.000120208
-0.000166029
0.000135192
-0.000164628
0.000151773
-0.000163976
0.000169717
-0.000163788
-0.000164191
0.000188843
5.79955e-06
-0.000163639
1.05409e-05
-0.000178814
1.55651e-05
-0.000174853
2.07119e-05
-0.000174628
2.58835e-05
-0.000175176
3.10759e-05
-0.000175823
3.6284e-05
-0.000176563
4.15002e-05
-0.000177413
4.67157e-05
-0.000178346
5.19076e-05
-0.000179312
5.70674e-05
-0.000180239
6.22844e-05
-0.000181011
6.77852e-05
-0.000181485
7.38779e-05
-0.000181567
8.08476e-05
-0.000181256
8.8952e-05
-0.000180628
9.84118e-05
-0.000179823
0.000109418
-0.000179072
0.000122068
-0.000178679
0.000136334
-0.000178895
0.000152096
-0.000179738
0.000169227
-0.000180918
-0.000182635
0.00018767
5.54657e-06
-0.000169186
1.02289e-05
-0.000183496
1.51544e-05
-0.000179779
2.01828e-05
-0.000179656
2.52399e-05
-0.000180234
3.03314e-05
-0.000180914
3.54636e-05
-0.000181696
4.06341e-05
-0.000182583
4.5848e-05
-0.00018356
5.11241e-05
-0.000184589
5.65013e-05
-0.000185616
6.20677e-05
-0.000186577
6.79848e-05
-0.000187402
7.44663e-05
-0.000188048
8.17286e-05
-0.000188519
8.99779e-05
-0.000188877
9.94036e-05
-0.000189249
0.000110163
-0.000189831
0.000122344
-0.00019086
0.000135966
-0.000192516
0.000150988
-0.000194761
0.00016738
-0.00019731
-0.000200435
0.000185181
5.3264e-06
-0.000174512
9.91146e-06
-0.000188081
1.47202e-05
-0.000184587
1.96212e-05
-0.000184557
2.45551e-05
-0.000185167
2.95341e-05
-0.000185893
3.45749e-05
-0.000186736
3.96879e-05
-0.000187696
4.48878e-05
-0.00018876
5.02028e-05
-0.000189904
5.56857e-05
-0.000191099
6.14219e-05
-0.000192313
6.75369e-05
-0.000193517
7.4189e-05
-0.0001947
8.15491e-05
-0.000195879
8.97868e-05
-0.000197115
9.90572e-05
-0.000198519
0.000109487
-0.000200261
0.000121163
-0.000202537
0.000134137
-0.000205489
0.000148426
-0.00020905
0.000164066
-0.000212951
-0.000217534
0.000181165
5.1242e-06
-0.000179636
9.58332e-06
-0.00019254
1.42587e-05
-0.000189263
1.90205e-05
-0.000189319
2.38196e-05
-0.000189967
2.86721e-05
-0.000190746
3.35978e-05
-0.000191662
3.86171e-05
-0.000192715
4.37548e-05
-0.000193897
4.90453e-05
-0.000195194
5.45409e-05
-0.000196594
6.03171e-05
-0.000198089
6.6476e-05
-0.000199676
7.31411e-05
-0.000201365
8.04495e-05
-0.000203187
8.85382e-05
-0.000205204
9.75339e-05
-0.000207515
0.000107543
-0.00021027
0.000118652
-0.000213646
0.000130929
-0.000217767
0.000144431
-0.000222552
0.000159237
-0.000227756
-0.000233784
0.000175487
4.92976e-06
-0.000184566
9.2408e-06
-0.000196851
1.37667e-05
-0.000193789
1.83754e-05
-0.000193927
2.30256e-05
-0.000194617
2.77351e-05
-0.000195455
3.25253e-05
-0.000196452
3.742e-05
-0.00019761
4.24493e-05
-0.000198927
4.7651e-05
-0.000200396
5.30747e-05
-0.000202018
5.87855e-05
-0.0002038
6.48666e-05
-0.000205757
7.14168e-05
-0.000207916
7.85459e-05
-0.000210316
8.63632e-05
-0.000213021
9.4972e-05
-0.000216124
0.000104466
-0.000219764
0.000114927
-0.000224106
0.000126433
-0.000229273
0.000139062
-0.000235181
0.000152916
-0.00024161
-0.000249029
0.000168162
4.73614e-06
-0.000189302
8.88063e-06
-0.000200996
1.32418e-05
-0.00019815
1.76824e-05
-0.000198368
2.21669e-05
-0.000199101
2.67145e-05
-0.000200003
3.13468e-05
-0.000201084
3.60882e-05
-0.000202352
4.09684e-05
-0.000203807
4.60248e-05
-0.000205452
5.13035e-05
-0.000207297
5.68608e-05
-0.000209357
6.27642e-05
-0.00021166
6.90924e-05
-0.000214244
7.59316e-05
-0.000217156
8.33709e-05
-0.00022046
9.14953e-05
-0.000224248
0.000100383
-0.000228652
0.000110108
-0.000233832
0.000120749
-0.000239914
0.000132389
-0.000246821
0.000145137
-0.000254359
-0.000263067
0.000159175
4.53767e-06
-0.00019384
8.49988e-06
-0.000204958
1.26821e-05
-0.000202332
1.69396e-05
-0.000202625
2.12416e-05
-0.000203403
2.56069e-05
-0.000204368
3.00567e-05
-0.000205534
3.46147e-05
-0.00020691
3.93081e-05
-0.0002085
4.41714e-05
-0.000210316
4.92447e-05
-0.00021237
5.45758e-05
-0.000214688
6.02196e-05
-0.000217304
6.62385e-05
-0.000220263
7.26997e-05
-0.000223617
7.96726e-05
-0.000227433
8.72272e-05
-0.000231803
9.54245e-05
-0.000236849
0.000104328
-0.000242735
0.000114002
-0.000249588
0.000124523
-0.000257342
0.000135986
-0.000265821
-0.000275623
0.000148542
4.33105e-06
-0.000198171
8.09715e-06
-0.000208724
1.20872e-05
-0.000206322
1.61472e-05
-0.000206685
2.02504e-05
-0.000207506
2.44143e-05
-0.000208532
2.86585e-05
-0.000209778
3.30046e-05
-0.000211256
3.74773e-05
-0.000212973
4.2106e-05
-0.000214944
4.69241e-05
-0.000217188
5.19706e-05
-0.000219735
5.7289e-05
-0.000222623
6.29276e-05
-0.000225902
6.89391e-05
-0.000229628
7.53767e-05
-0.000233871
8.22904e-05
-0.000238716
8.97266e-05
-0.000244285
9.77343e-05
-0.000250743
0.00010636
-0.000258213
0.000115659
-0.000266642
0.000125698
-0.00027586
-0.000286483
0.000136558
4.11337e-06
-0.000202284
7.67212e-06
-0.000212283
1.14583e-05
-0.000210108
1.53076e-05
-0.000210535
1.91969e-05
-0.000211396
2.31421e-05
-0.000212477
2.71606e-05
-0.000213797
3.12709e-05
-0.000215366
3.54934e-05
-0.000217196
3.98526e-05
-0.000219304
4.43755e-05
-0.000221711
4.90918e-05
-0.000224452
5.40342e-05
-0.000227566
5.92386e-05
-0.000231106
6.47436e-05
-0.000235133
7.05866e-05
-0.000239714
7.68041e-05
-0.000244934
8.34271e-05
-0.000250908
9.04832e-05
-0.000257799
9.80076e-05
-0.000265738
0.00010603
-0.000274664
0.000114587
-0.000284416
-0.000295593
0.000123696
3.88321e-06
-0.000206167
7.22743e-06
-0.000215627
1.07991e-05
-0.00021368
1.44257e-05
-0.000214161
1.80879e-05
-0.000215058
2.17991e-05
-0.000216188
2.5574e-05
-0.000217572
2.94276e-05
-0.00021922
3.33769e-05
-0.000221145
3.74399e-05
-0.000223366
4.16363e-05
-0.000225908
4.59879e-05
-0.000228803
5.05172e-05
-0.000232095
5.52479e-05
-0.000235837
6.02053e-05
-0.000240091
6.54137e-05
-0.000244923
7.0895e-05
-0.000250415
7.66672e-05
-0.00025668
8.27388e-05
-0.000263871
8.91248e-05
-0.000272124
9.5844e-05
-0.000281383
0.000102922
-0.000291495
-0.000302977
0.000110306
3.64255e-06
-0.00020981
6.76928e-06
-0.000218754
1.0117e-05
-0.000217028
1.35103e-05
-0.000217554
1.69335e-05
-0.000218481
2.03977e-05
-0.000219652
2.39145e-05
-0.000221089
2.74953e-05
-0.000222801
3.11525e-05
-0.000224802
3.48985e-05
-0.000227112
3.87466e-05
-0.000229756
4.27093e-05
-0.000232766
4.68004e-05
-0.000236186
5.10317e-05
-0.000240068
5.54159e-05
-0.000244475
5.99641e-05
-0.000249471
6.46859e-05
-0.000255137
6.95825e-05
-0.000261577
7.46456e-05
-0.000268934
7.98806e-05
-0.000277359
8.52914e-05
-0.000286794
9.08712e-05
-0.000297075
-0.000308669
9.65635e-05
3.39732e-06
-0.000213207
6.30678e-06
-0.000221663
9.42195e-06
-0.000220143
1.25732e-05
-0.000220706
1.57477e-05
-0.000221656
1.89543e-05
-0.000222859
2.22015e-05
-0.000224336
2.54971e-05
-0.000226096
2.88486e-05
-0.000228154
3.22635e-05
-0.000230527
3.57483e-05
-0.000233241
3.93079e-05
-0.000236326
4.29462e-05
-0.000239825
4.66653e-05
-0.000243787
5.04642e-05
-0.000248274
5.43428e-05
-0.000253349
5.82963e-05
-0.00025909
6.23108e-05
-0.000265592
6.63681e-05
-0.000272991
7.04478e-05
-0.000281438
7.45532e-05
-0.0002909
7.86584e-05
-0.00030118
-0.000312654
8.26429e-05
3.15538e-06
-0.000216363
5.85004e-06
-0.000224358
8.72511e-06
-0.000223018
1.16277e-05
-0.000223608
1.45465e-05
-0.000224574
1.7488e-05
-0.000225801
2.04573e-05
-0.000227305
2.34588e-05
-0.000229098
2.6496e-05
-0.000231191
2.95711e-05
-0.000233603
3.26847e-05
-0.000236354
3.58351e-05
-0.000239476
3.90175e-05
-0.000243007
4.22218e-05
-0.000246992
4.54373e-05
-0.00025149
4.86508e-05
-0.000256563
5.18431e-05
-0.000262283
5.49879e-05
-0.000268737
5.80508e-05
-0.000276054
6.09878e-05
-0.000284375
6.37997e-05
-0.000293712
6.64402e-05
-0.00030382
-0.000315003
6.87889e-05
2.92655e-06
-0.000219289
5.40612e-06
-0.000226837
8.03482e-06
-0.000225646
1.0685e-05
-0.000226258
1.33443e-05
-0.000227234
1.6017e-05
-0.000228473
1.87045e-05
-0.000229993
2.14081e-05
-0.000231801
2.41271e-05
-0.00023391
2.68596e-05
-0.000236335
2.96008e-05
-0.000239096
3.23419e-05
-0.000242218
3.50703e-05
-0.000245736
3.777e-05
-0.000249691
4.04164e-05
-0.000254136
4.2983e-05
-0.000259129
4.54372e-05
-0.000264737
4.77395e-05
-0.000271039
4.98376e-05
-0.000278152
5.16798e-05
-0.000286217
5.32463e-05
-0.000295278
5.44701e-05
-0.000305044
-0.000315776
5.52432e-05
2.71488e-06
-0.000222004
4.97523e-06
-0.000229097
7.35373e-06
-0.000228025
9.75035e-06
-0.000228655
1.21503e-05
-0.000229634
1.4555e-05
-0.000230878
1.69625e-05
-0.0002324
1.93702e-05
-0.000234209
2.17741e-05
-0.000236314
2.41679e-05
-0.000238729
2.6542e-05
-0.00024147
2.88832e-05
-0.000244559
3.1172e-05
-0.000248025
3.33835e-05
-0.000251903
3.54845e-05
-0.000256237
3.74355e-05
-0.00026108
3.91875e-05
-0.000266489
4.06892e-05
-0.000272541
4.18687e-05
-0.000279331
4.26551e-05
-0.000287004
4.29986e-05
-0.000295622
4.28957e-05
-0.000304941
-0.000315035
4.21554e-05
2.51981e-06
-0.000224524
4.55086e-06
-0.000231128
6.67818e-06
-0.000230152
8.82284e-06
-0.000230799
1.09669e-05
-0.000231777
1.31089e-05
-0.00023302
1.52436e-05
-0.000234535
1.73649e-05
-0.00023633
1.94653e-05
-0.000238414
2.15342e-05
-0.000240798
2.3558e-05
-0.000243494
2.55184e-05
-0.000246519
2.73908e-05
-0.000249897
2.91425e-05
-0.000253655
3.07332e-05
-0.000257828
3.21102e-05
-0.000262457
3.32136e-05
-0.000267592
3.39716e-05
-0.000273299
3.42994e-05
-0.000279659
3.40953e-05
-0.0002868
3.32909e-05
-0.000294817
3.18573e-05
-0.000303508
-0.000312807
2.96291e-05
2.33331e-06
-0.000226857
4.12257e-06
-0.000232917
6.00057e-06
-0.00023203
7.89656e-06
-0.000232695
9.79024e-06
-0.000233671
1.1678e-05
-0.000234908
1.35519e-05
-0.000236409
1.54027e-05
-0.000238181
1.72195e-05
-0.000240231
1.8988e-05
-0.000242566
2.06905e-05
-0.000245196
2.23037e-05
-0.000248133
2.37979e-05
-0.000251391
2.51348e-05
-0.000254992
2.62659e-05
-0.000258959
2.71298e-05
-0.000263322
2.76556e-05
-0.000268118
2.77579e-05
-0.000273401
2.7315e-05
-0.000279216
2.62113e-05
-0.000285696
2.43384e-05
-0.000292944
2.16396e-05
-0.000300808
-0.000309136
1.79692e-05
2.14547e-06
-0.000229002
3.68069e-06
-0.000234453
5.313e-06
-0.000233662
6.96486e-06
-0.000234347
8.615e-06
-0.000235321
1.02582e-05
-0.000236551
1.18849e-05
-0.000238035
1.3484e-05
-0.00023978
1.50423e-05
-0.000241789
1.65424e-05
-0.000244067
1.79627e-05
-0.000246617
1.92759e-05
-0.000249446
2.04474e-05
-0.000252563
2.14334e-05
-0.000255978
2.2179e-05
-0.000259705
2.26165e-05
-0.000263759
2.2663e-05
-0.000268165
2.22048e-05
-0.000272943
2.11287e-05
-0.00027814
1.92667e-05
-0.000283834
1.64603e-05
-0.000290138
1.26074e-05
-0.000296956
-0.000304037
7.5076e-06
1.9512e-06
-0.000230953
3.21864e-06
-0.00023572
4.60887e-06
-0.000235052
6.02118e-06
-0.000235759
7.43388e-06
-0.000236734
8.84066e-06
-0.000237957
1.02323e-05
-0.000239427
1.15975e-05
-0.000241145
1.29214e-05
-0.000243113
1.4186e-05
-0.000245331
1.53674e-05
-0.000247798
1.6436e-05
-0.000250515
1.7354e-05
-0.000253481
1.80735e-05
-0.000256697
1.85341e-05
-0.000260165
1.8661e-05
-0.000263886
1.83582e-05
-0.000267862
1.7513e-05
-0.000272097
1.59772e-05
-0.000276604
1.35621e-05
-0.000281419
1.00467e-05
-0.000286622
5.26476e-06
-0.000292173
-0.000297759
-1.0126e-06
1.74968e-06
-0.000232703
2.72838e-06
-0.000236699
3.87748e-06
-0.000236201
5.05081e-06
-0.000236933
6.22753e-06
-0.00023791
7.40117e-06
-0.000239131
8.56392e-06
-0.00024059
9.70556e-06
-0.000242287
1.08123e-05
-0.00024422
1.18669e-05
-0.000246386
1.2847e-05
-0.000248778
1.37235e-05
-0.000251391
1.44587e-05
-0.000254216
1.50046e-05
-0.000257243
1.52994e-05
-0.00026046
1.52646e-05
-0.000263851
1.48005e-05
-0.000267398
1.37828e-05
-0.000271079
1.20501e-05
-0.000274871
9.39107e-06
-0.00027876
5.53058e-06
-0.000282762
1.91408e-07
-0.000286834
-0.000290713
-6.8542e-06
1.52815e-06
-0.000234231
2.19525e-06
-0.000237366
3.09871e-06
-0.000237105
4.02533e-06
-0.000237859
4.9583e-06
-0.000238843
5.89162e-06
-0.000240064
6.8197e-06
-0.000241518
7.73429e-06
-0.000243201
8.62465e-06
-0.00024511
9.4767e-06
-0.000247238
1.02715e-05
-0.000249573
1.09846e-05
-0.000252104
1.15833e-05
-0.000254815
1.20253e-05
-0.000257685
1.2256e-05
-0.00026069
1.22035e-05
-0.000263798
1.17745e-05
-0.000266969
1.08469e-05
-0.000270152
9.25979e-06
-0.000273284
6.79259e-06
-0.000276292
3.13584e-06
-0.000279105
-2.0674e-06
-0.000281631
-0.000283617
-9.16414e-06
1.24648e-06
-0.000235478
1.60675e-06
-0.000237726
2.25264e-06
-0.000237751
2.91496e-06
-0.000238522
3.58578e-06
-0.000239514
4.25994e-06
-0.000240738
4.93353e-06
-0.000242191
5.6014e-06
-0.000243869
6.25549e-06
-0.000245764
6.88522e-06
-0.000247867
7.47707e-06
-0.000250165
8.01268e-06
-0.00025264
8.46915e-06
-0.000255271
8.81687e-06
-0.000258033
9.01627e-06
-0.00026089
9.01427e-06
-0.000263796
8.73975e-06
-0.000266694
8.09594e-06
-0.000269508
6.95023e-06
-0.000272138
5.115e-06
-0.000274457
2.316e-06
-0.000276306
-1.82666e-06
-0.000277489
-0.000277692
-7.75091e-06
8.6512e-07
-0.000236343
9.66947e-07
-0.000237828
1.34131e-06
-0.000238125
1.72561e-06
-0.000238906
2.11834e-06
-0.000239907
2.51452e-06
-0.000241134
2.91122e-06
-0.000242587
3.30464e-06
-0.000244262
3.69058e-06
-0.00024615
4.06254e-06
-0.000248239
4.41253e-06
-0.000250515
4.72986e-06
-0.000252957
5.00208e-06
-0.000255544
5.21311e-06
-0.000258244
5.34082e-06
-0.000261017
5.35506e-06
-0.00026381
5.21466e-06
-0.000266554
4.86254e-06
-0.000269156
4.22051e-06
-0.000271496
3.17679e-06
-0.000273413
1.56307e-06
-0.000274693
-8.73962e-07
-0.000275052
-0.00027411
-4.4565e-06
3.49071e-07
3.0204e-07
4.12515e-07
5.27306e-07
6.44813e-07
7.63813e-07
8.83361e-07
1.00218e-06
1.11836e-06
1.22897e-06
1.33025e-06
1.41815e-06
1.48856e-06
1.53638e-06
1.55562e-06
1.53652e-06
1.46613e-06
1.3274e-06
1.09714e-06
7.41565e-07
2.10995e-07
-5.71276e-07
-1.70544e-06
0.000107627
6.26899e-05
5.39359e-05
5.36908e-05
1.68437e-05
3.70921e-05
2.1008e-05
-4.16427e-06
0.000220322
5.61464e-05
0.000216338
5.76741e-05
0.000199699
5.37311e-05
4.86289e-05
0.000172079
0.000233528
4.06071e-05
0.000248214
4.29876e-05
0.00025739
4.45556e-05
4.5685e-05
0.000260334
0.00022714
3.19385e-05
0.000237535
3.25925e-05
0.000248894
3.31967e-05
3.39818e-05
0.000260597
0.000224107
2.86022e-05
0.000229484
2.72158e-05
0.000236174
2.65063e-05
2.60867e-05
0.000244069
0.000226877
3.27696e-05
0.000225509
2.85837e-05
0.00022659
2.54257e-05
2.26136e-05
0.000230063
0.000259789
3.85719e-05
0.000254183
3.41897e-05
0.000250963
2.86457e-05
2.4636e-05
0.000248941
0.000291933
2.8682e-05
0.000302807
2.3316e-05
0.000313744
1.77081e-05
1.24739e-05
0.000325906
0.000302338
1.2715e-05
0.000317835
7.81875e-06
0.00033194
3.60358e-06
4.01388e-07
0.000344012
0.00028285
1.27751e-06
0.000292358
-1.68946e-06
0.000301008
-5.04661e-06
-7.59382e-06
0.000309003
0.000236796
-5.07804e-06
0.000241084
-5.97717e-06
0.000243946
-7.90843e-06
-1.02494e-05
0.000246601
0.000194309
-1.57225e-05
0.000204894
-1.65631e-05
0.000214676
-1.76903e-05
-1.90016e-05
0.000223428
0.000194105
-2.77963e-05
0.000205593
-2.80508e-05
0.000216487
-2.85845e-05
-2.92366e-05
0.000226722
0.000196941
-3.85624e-05
0.000207426
-3.85358e-05
0.000217615
-3.87737e-05
-3.90133e-05
0.000227392
0.000197167
-4.8895e-05
0.000207431
-4.88001e-05
0.000217645
-4.8988e-05
-4.90548e-05
0.000227687
0.000198151
-5.89024e-05
0.000208215
-5.8864e-05
0.000218349
-5.91218e-05
-5.91543e-05
0.000228448
0.000198609
-6.85884e-05
0.00020848
-6.87357e-05
0.000218518
-6.91591e-05
-6.93237e-05
0.000228687
0.000198283
-7.80279e-05
0.000207987
-7.84396e-05
0.000217917
-7.90898e-05
-7.95345e-05
0.000228128
0.000196856
-8.72137e-05
0.000206352
-8.79349e-05
0.000216134
-8.88718e-05
-8.97117e-05
0.000226311
0.000194111
-9.61439e-05
0.000203391
-9.72145e-05
0.000213032
-9.85135e-05
-9.98775e-05
0.000223198
0.00018979
-0.000104769
0.000198809
-0.000106234
0.000208278
-0.000107983
-0.00010999
0.000218391
0.000183713
-0.000112995
0.000192359
-0.000114879
0.000201518
-0.000117142
-0.000119787
0.000211314
0.000175906
-0.00012074
0.000184086
-0.000123058
0.00019281
-0.000125866
-0.000129051
0.000202075
0.00016633
-0.000127895
0.000173934
-0.000130663
0.000182076
-0.000134008
-0.00013766
0.000190685
0.000154932
-0.000134285
0.000161728
-0.000137459
0.000168963
-0.000141242
-0.00014527
0.000176573
0.00014203
-0.000139757
0.000147799
-0.000143229
0.000153827
-0.00014727
-0.000151491
0.000160048
0.000128226
-0.000144286
0.000132944
-0.000147947
0.000137771
-0.000152097
-0.000156344
0.000142625
0.000113938
-0.000147918
0.000117693
-0.000151703
0.000121494
-0.000155899
-0.00016012
0.000125271
9.93118e-05
-0.000150667
0.000102129
-0.00015452
0.000104952
-0.000158722
-0.00016291
0.000107742
8.45009e-05
-0.000152525
8.63578e-05
-0.000156377
8.81558e-05
-0.00016052
-0.000164624
8.98694e-05
6.97844e-05
-0.00015352
7.07089e-05
-0.000157301
7.15121e-05
-0.000161323
-0.000165278
7.21663e-05
5.54307e-05
-0.000153707
5.55022e-05
-0.000157373
5.54378e-05
-0.000161258
-0.000165069
5.52287e-05
4.15698e-05
-0.000153122
4.08269e-05
-0.00015663
3.9943e-05
-0.000160374
-0.000164069
3.8943e-05
2.82613e-05
-0.000151754
2.66635e-05
-0.000155032
2.48907e-05
-0.000158602
-0.000162185
2.30069e-05
1.57505e-05
-0.000149535
1.31952e-05
-0.000152477
1.03537e-05
-0.00015576
-0.000159093
7.26083e-06
4.50698e-06
-0.000146535
1.00993e-06
-0.00014898
-2.95466e-06
-0.000151795
-0.000154707
-7.34005e-06
-4.70011e-06
-0.000142847
-9.01176e-06
-0.000144668
-1.39733e-05
-0.000146834
-0.000149121
-1.95591e-05
-1.09848e-05
-0.000138716
-1.58296e-05
-0.000139823
-2.1486e-05
-0.000141177
-0.000142645
-2.79626e-05
-1.33365e-05
-0.000134544
-1.82633e-05
-0.000134896
-2.41005e-05
-0.00013534
-0.000135839
-3.09059e-05
-1.13464e-05
-0.000130949
-1.56524e-05
-0.00013059
-2.08479e-05
-0.000130145
-0.000129626
-2.70611e-05
-6.77278e-06
-0.000128632
-9.57321e-06
-0.00012779
-1.30289e-05
-0.000126689
-0.00012532
-1.73353e-05
-2.44092e-06
-3.32471e-06
-4.41134e-06
-5.79419e-06
-0.000149855
-6.24408e-06
-0.000101187
-2.76647e-06
-1.75432e-05
-9.07744e-05
-2.15836e-05
-7.14421e-06
6.36287e-06
-2.844e-05
2.53535e-05
-3.48309e-05
3.79048e-05
-2.89405e-05
4.99321e-05
-3.04282e-05
5.73266e-05
-2.34445e-05
6.2115e-05
-1.58971e-05
6.49397e-05
-7.95958e-06
6.55139e-05
1.10393e-06
6.35463e-05
1.11372e-05
5.88286e-05
2.17296e-05
5.1295e-05
3.22726e-05
4.11159e-05
4.19852e-05
2.87192e-05
5.00722e-05
1.47301e-05
5.58758e-05
5.85286e-05
8.03353e-05
8.54992e-05
3.02809e-05
4.72879e-05
-5.63787e-05
-4.1147e-06
-3.7074e-05
-2.6449e-05
-2.69589e-05
-3.85551e-05
-1.32505e-05
-4.85393e-05
2.04491e-05
-6.264e-05
5.00066e-05
-5.99856e-05
6.26647e-05
-3.61023e-05
6.84971e-05
-2.17294e-05
7.21058e-05
-1.15682e-05
7.34484e-05
-2.38724e-07
7.1925e-05
1.26605e-05
6.71525e-05
2.6502e-05
5.89571e-05
4.0468e-05
4.74934e-05
5.34488e-05
3.32828e-05
6.42827e-05
1.7108e-05
7.20506e-05
7.56366e-05
0.000243132
0.000102701
0.00020233
8.80897e-05
0.000131147
6.70687e-05
6.76809e-05
3.70167e-05
2.95316e-05
-4.05785e-07
9.67908e-06
-2.86867e-05
1.09111e-05
-6.3872e-05
3.2441e-05
-8.15153e-05
6.19788e-05
-6.564e-05
7.59581e-05
-3.57087e-05
8.16115e-05
-1.72216e-05
8.37507e-05
-2.37797e-06
8.28416e-05
1.35695e-05
7.81287e-05
3.12151e-05
6.91381e-05
4.94587e-05
5.5993e-05
6.65938e-05
3.93648e-05
8.09111e-05
2.02746e-05
9.11407e-05
9.59113e-05
0.000281307
8.19917e-05
0.000286332
8.30645e-05
0.000272546
8.08547e-05
0.000236144
7.34181e-05
0.000176803
5.89356e-05
0.000117282
3.08339e-05
6.08979e-05
-7.48739e-06
4.71341e-05
-6.77514e-05
4.22302e-05
-6.07361e-05
7.64043e-05
-6.98828e-05
9.20357e-05
-3.2853e-05
9.69152e-05
-7.25741e-06
9.69142e-05
1.35707e-05
9.2396e-05
3.57333e-05
8.251e-05
5.93447e-05
6.71998e-05
8.19039e-05
4.73752e-05
0.000100736
2.44337e-05
0.000114082
0.000120345
0.000266509
5.95526e-05
0.000289339
6.02337e-05
0.000307334
6.28605e-05
0.000312944
6.78081e-05
0.000301158
7.0721e-05
0.00026515
6.68422e-05
0.000206306
5.13563e-05
0.000118788
1.97668e-05
9.86397e-05
-4.05878e-05
7.22649e-05
-4.3508e-05
9.67696e-05
-5.73577e-05
0.000111269
-2.17572e-05
0.000114798
1.0042e-05
0.000110984
3.95477e-05
9.99872e-05
7.0341e-05
8.18389e-05
0.000100052
5.77933e-05
0.000124781
2.98175e-05
0.000142058
0.000150163
0.00024239
4.72256e-05
0.000262276
4.0348e-05
0.000287123
3.80132e-05
0.000312383
4.2548e-05
0.000331456
5.16481e-05
0.000334392
6.39059e-05
0.000312329
7.34197e-05
0.000263141
6.89549e-05
0.000179007
4.35465e-05
0.0001417
-6.2019e-06
0.000106665
-2.23224e-05
0.000121171
-3.62632e-05
0.000134739
-3.5262e-06
0.000134871
3.94161e-05
0.000123035
8.21777e-05
0.000100949
0.000122138
7.12091e-05
0.000154521
3.6686e-05
0.000176581
0.000186849
0.000242378
5.37889e-05
0.000246961
3.57643e-05
0.000260387
2.45874e-05
0.000277892
2.50434e-05
0.000308299
2.12409e-05
0.000338228
3.39767e-05
0.000350214
6.14335e-05
0.000337159
8.20099e-05
0.000296929
8.37769e-05
0.000228138
6.25893e-05
0.000182746
2.30694e-05
0.000149638
-3.15531e-06
0.000152684
-6.57146e-06
0.00016194
3.01594e-05
0.000152729
9.13884e-05
0.000125905
0.000148962
8.83334e-05
0.000192093
4.52889e-05
0.000219626
0.000232138
0.000355325
2.43703e-05
0.000359245
3.18439e-05
0.000345277
3.85553e-05
0.000318352
5.19688e-05
0.000296791
4.28022e-05
0.000312153
1.86145e-05
0.000348607
2.49797e-05
0.000363321
6.7295e-05
0.000352209
9.48891e-05
0.000318954
9.58442e-05
0.000267041
7.49826e-05
0.000224406
3.94796e-05
0.000193316
2.45191e-05
0.000190357
3.31184e-05
0.000186513
9.52314e-05
0.000157281
0.000178194
0.000109744
0.00023963
5.57575e-05
0.000273612
0.000287895
0.000371754
-3.37148e-06
0.000397537
6.06042e-06
0.000409209
2.68833e-05
0.000401442
5.9736e-05
0.000365752
7.8492e-05
0.000326567
5.77994e-05
0.00032542
2.61267e-05
0.000364446
2.82693e-05
0.000373025
8.63102e-05
0.000359026
0.000109843
0.000329516
0.000104493
0.000285753
8.32423e-05
0.000250404
5.9869e-05
0.00022924
5.42823e-05
0.00022137
0.000103101
0.000192587
0.000206978
0.000134986
0.000297231
6.78492e-05
0.000340749
0.000355744
0.000330009
-2.43774e-05
0.000355275
-1.92053e-05
0.000381302
8.5601e-07
0.000403552
3.74866e-05
0.000405614
7.64295e-05
0.000373083
9.03307e-05
0.00034004
5.91698e-05
0.000347969
2.03396e-05
0.000377615
5.66647e-05
0.000374983
0.000112475
0.000356738
0.000122738
0.000330167
0.000109813
0.000299126
9.09103e-05
0.000271087
8.2321e-05
0.000254489
0.000119699
0.000226079
0.000235387
0.000161129
0.000362182
8.0445e-05
0.000421433
0.000436189
0.000254077
-3.18534e-05
0.000270564
-3.5692e-05
0.000301157
-2.97365e-05
0.000345994
-7.35147e-06
0.000388352
3.40723e-05
0.00040041
7.82723e-05
0.000371979
8.7601e-05
0.000347282
4.50365e-05
0.000373891
3.00558e-05
0.000379755
0.00010661
0.000367704
0.000134788
0.000347753
0.000129764
0.000323971
0.000114693
0.00029949
0.000106802
0.000278984
0.000140205
0.000250092
0.000264279
0.000182047
0.000430227
9.10129e-05
0.000512467
0.000527202
0.000240609
-4.90335e-05
0.000257687
-5.27704e-05
0.000280195
-5.22439e-05
0.000314934
-4.20907e-05
0.000360931
-1.19247e-05
0.000398991
4.02118e-05
0.000401149
8.54431e-05
0.000370621
7.55645e-05
0.000372135
2.85428e-05
0.000380539
9.8206e-05
0.000371071
0.000144256
0.000354572
0.000146264
0.000336161
0.000133103
0.000316433
0.00012653
0.000294046
0.000162592
0.000262079
0.000296246
0.000192212
0.000500094
9.64582e-05
0.000608221
0.00062366
0.000248219
-7.05308e-05
0.000270694
-7.52455e-05
0.000296536
-7.80854e-05
0.000325528
-7.10825e-05
0.000360145
-4.6542e-05
0.000397036
3.32047e-06
0.000416652
6.5827e-05
0.000401255
9.0962e-05
0.000374147
5.56509e-05
0.000380318
9.20348e-05
0.000368808
0.000155766
0.000353263
0.000161809
0.000337571
0.000148795
0.000321778
0.000142323
0.000300222
0.000184148
0.000262997
0.000333471
0.000189255
0.000573835
9.46121e-05
0.000702864
0.000718273
0.000249466
-9.26052e-05
0.000274383
-0.000100162
0.000303612
-0.000107314
0.000334009
-0.000101479
0.000364365
-7.68984e-05
0.000396547
-2.88617e-05
0.000421584
4.07898e-05
0.000419274
9.32718e-05
0.000386025
8.88999e-05
0.000379471
9.85889e-05
0.00036277
0.000172467
0.000347009
0.000177571
0.000332431
0.000163372
0.000318507
0.000156246
0.000296871
0.000205784
0.000250662
0.000379681
0.000172468
0.000652029
8.50489e-05
0.000790283
0.000803321
0.000251234
-0.000116152
0.000278544
-0.000127472
0.000309191
-0.000137961
0.00033814
-0.000130429
0.000363755
-0.000102513
0.000390603
-5.57097e-05
0.000417158
1.42353e-05
0.000426243
8.41863e-05
0.000402886
0.000112257
0.000373581
0.000127893
0.000352812
0.000193237
0.000337131
0.000193251
0.000323689
0.000176815
0.000310764
0.000169171
0.00028547
0.000231077
0.000225877
0.000439274
0.000145851
0.000732054
7.03768e-05
0.000865758
0.000873698
0.000252806
-0.00014051
0.000281472
-0.000156138
0.000312529
-0.000169018
0.000339113
-0.000157013
0.000360069
-0.00012347
0.000382005
-7.76451e-05
0.000407885
-1.1645e-05
0.00042406
6.80111e-05
0.000407536
0.000128781
0.000362096
0.000173333
0.000339216
0.000216117
0.000324628
0.000207839
0.000312765
0.000188679
0.000299744
0.000182192
0.000264691
0.00026613
0.000190926
0.000513039
0.000114045
0.000808935
5.38773e-05
0.000925926
0.000927575
0.000253629
-0.000165452
0.00028248
-0.000184988
0.000313045
-0.000199583
0.000337672
-0.00018164
0.000355682
-0.00014148
0.000374691
-9.66537e-05
0.000396206
-3.31602e-05
0.000407312
5.69049e-05
0.000387727
0.000148366
0.000343099
0.000217961
0.000322509
0.000236707
0.000309976
0.000220372
0.000299682
0.000198973
0.000284006
0.000197867
0.000232997
0.000317139
0.000150188
0.000595848
8.16199e-05
0.000877503
3.79485e-05
0.000969597
0.000965524
0.000253779
-0.000191103
0.000282667
-0.000213876
0.000312653
-0.000229569
0.000336168
-0.000205155
0.000354073
-0.000159385
0.000372573
-0.000115154
0.000385907
-4.64937e-05
0.000381192
6.16195e-05
0.000353919
0.00017564
0.000321276
0.000250604
0.000304424
0.000253559
0.000293397
0.000231399
0.000284018
0.000208353
0.000257995
0.00022389
0.000190056
0.000385079
0.000105278
0.000680626
5.05923e-05
0.000932189
2.34776e-05
0.000996712
0.000989002
0.000252506
-0.000217298
0.000281718
-0.000243088
0.000311794
-0.000259645
0.000334267
-0.000227627
0.000353266
-0.000178384
0.000375512
-0.000137401
0.00038253
-5.35119e-05
0.000359517
8.46325e-05
0.000322069
0.000213088
0.000299139
0.000273534
0.00028567
0.000267028
0.000275033
0.000242036
0.000263902
0.000219483
0.000220506
0.000267286
0.000139289
0.000466295
5.96622e-05
0.000760253
2.28249e-05
0.000969026
1.07202e-05
0.00100882
0.000999722
0.000249594
-0.000243694
0.000278257
-0.000271751
0.000308081
-0.000289469
0.000330936
-0.000250482
0.000349699
-0.000197147
0.000376488
-0.00016419
0.000379766
-5.67899e-05
0.000339852
0.000124547
0.000299144
0.000253796
0.000279455
0.000293223
0.000267143
0.00027934
0.000255937
0.000253242
0.000240427
0.000234993
0.00017814
0.000329574
8.77509e-05
0.000556684
1.88137e-05
0.00082919
2.97189e-07
0.000987542
9.7213e-09
0.0010091
0.000999731
0.000244731
-0.000270034
0.000272701
-0.000299721
0.000302684
-0.000319452
0.000327753
-0.00027555
0.000347004
-0.000216399
0.000376731
-0.000193917
0.000371314
-5.13729e-05
0.000327078
0.000168783
0.000282313
0.00029856
0.000263095
0.000312441
0.000251774
0.000290661
0.000239159
0.000265857
0.000212386
0.000261765
0.000134362
0.000407598
4.09365e-05
0.000650109
-1.27846e-05
0.000882911
-1.57541e-05
0.000990512
-8.30971e-06
0.00100166
0.000991422
0.000236876
-0.000295597
0.000264844
-0.000327689
0.000296267
-0.000350875
0.000322195
-0.000301479
0.000344225
-0.000238429
0.000369891
-0.000219584
0.000339294
-2.0776e-05
0.000285662
0.000222415
0.000262442
0.000321781
0.000250714
0.000324169
0.000241251
0.000300125
0.000226772
0.000280337
0.000179673
0.000308864
8.94477e-05
0.000497823
1.21546e-06
0.000738342
-3.38994e-05
0.000918026
-2.59033e-05
0.000982516
-1.40331e-05
0.000989789
0.000977389
0.000226219
-0.000319741
0.000252826
-0.000354296
0.000283038
-0.000381087
0.00030781
-0.00032625
0.000335063
-0.000265682
0.000351527
-0.000236048
0.00029005
4.07009e-05
0.000252285
0.00026018
0.000245697
0.000328369
0.000240192
0.000329674
0.000232882
0.000307434
0.000209749
0.00030347
0.000138708
0.000379904
4.17427e-05
0.000594789
-3.11238e-05
0.000811208
-4.64072e-05
0.000933309
-3.17903e-05
0.000967899
-1.73763e-05
0.000975375
0.000960013
0.000213346
-0.000342403
0.000237416
-0.000378366
0.000264101
-0.000407772
0.000290427
-0.000352575
0.000312525
-0.00028778
0.000323999
-0.000247522
0.000244113
0.000120587
0.000227101
0.000277191
0.000227461
0.00032801
0.000227947
0.000329187
0.000216337
0.000319044
0.000171713
0.000348094
8.27525e-05
0.000468865
-7.84591e-06
0.000685387
-5.44493e-05
0.000857811
-5.30315e-05
0.000931892
-3.4887e-05
0.000949754
-1.88927e-05
0.000959381
0.00094112
0.000196532
-0.000362362
0.000217986
-0.00039982
0.000244584
-0.00043437
0.000281722
-0.000389713
0.000294456
-0.000300514
0.000256971
-0.000210038
0.000213587
0.000163972
0.00019804
0.000292738
0.000204712
0.000321337
0.000208109
0.000325791
0.000181655
0.000345498
0.000117218
0.000412532
2.20722e-05
0.000564011
-4.91559e-05
0.000756615
-6.83434e-05
0.000876999
-5.56092e-05
0.000919157
-3.59696e-05
0.000930115
-1.90166e-05
0.000942428
0.000922103
0.000175399
-0.000377713
0.000191714
-0.000416135
0.000213607
-0.000456262
0.000248595
-0.000424701
0.000285023
-0.000336942
0.000232988
-0.000158003
0.000185366
0.000211595
0.000164763
0.000313341
0.000168796
0.000317305
0.000163136
0.00033145
0.000126785
0.000381849
5.18224e-05
0.000487494
-3.29688e-05
0.000648802
-7.487e-05
0.000798516
-7.30354e-05
0.000875164
-5.47407e-05
0.000900863
-3.52147e-05
0.000910589
-1.7969e-05
0.000925182
0.000904134
0.000153545
-0.000388633
0.000163993
-0.000426583
0.000174124
-0.000466394
0.000179718
-0.000430295
0.000164511
-0.000321735
0.000188892
-0.000182384
0.000157094
0.000243393
0.000117548
0.000352887
0.000107675
0.000327177
0.000100873
0.000338253
5.40877e-05
0.000428634
-1.64248e-05
0.000558006
-7.11887e-05
0.000703566
-8.39471e-05
0.000811275
-7.01694e-05
0.000861387
-5.07395e-05
0.000881433
-3.26448e-05
0.000892494
-1.59153e-05
0.000908452
0.000888219
0.000133482
-0.000396845
0.000140928
-0.000434028
0.000144346
-0.000469812
0.000147698
-0.000433647
0.000100033
-0.00027407
0.000144203
-0.000226554
0.000144796
0.000242799
9.29757e-05
0.000404708
5.037e-05
0.000369783
3.41053e-05
0.000354517
-1.04802e-05
0.00047322
-5.90744e-05
0.000606601
-8.34189e-05
0.00072791
-7.84109e-05
0.000806267
-6.13142e-05
0.00084429
-4.39207e-05
0.000864039
-2.83954e-05
0.000876968
-1.31301e-05
0.000893187
0.000875089
0.000113833
-0.000402935
0.000119134
-0.000439329
0.000123384
-0.000474062
0.000144378
-0.000454641
0.000169031
-0.000298722
0.000135266
-0.000192789
0.000143164
0.000234901
0.000112159
0.000435713
3.78267e-05
0.000444115
-1.13041e-05
0.000403648
-4.19844e-05
0.0005039
-6.73882e-05
0.000632004
-7.24957e-05
0.000733017
-6.22107e-05
0.000795982
-4.79156e-05
0.000829995
-3.47381e-05
0.000850862
-2.27791e-05
0.000865009
-9.96356e-06
0.000880371
0.000865125
9.32341e-05
-0.0004063
9.50279e-05
-0.000441123
9.77225e-05
-0.000476757
0.000109889
-0.000466807
0.000139155
-0.000327989
0.000123769
-0.000177403
0.000142649
0.000216022
0.000133253
0.000445108
6.74578e-05
0.000509911
-8.3087e-06
0.000479415
-3.58556e-05
0.000531447
-4.79825e-05
0.000644131
-4.63371e-05
0.000731372
-3.93823e-05
0.000789027
-3.15327e-05
0.000822145
-2.39591e-05
0.000843288
-1.62788e-05
0.000857329
-6.83998e-06
0.000870933
0.000858285
7.26028e-05
-0.000406736
7.05239e-05
-0.000439044
6.85092e-05
-0.000474742
7.19236e-05
-0.000470221
7.69639e-05
-0.000333029
5.01191e-05
-0.000150558
0.000135469
0.000130672
0.000148569
0.000432008
0.000111162
0.000547318
4.17855e-05
0.000548791
3.14535e-06
0.000570087
-7.80961e-06
0.000655086
-1.1904e-05
0.000735467
-1.33375e-05
0.00079046
-1.38971e-05
0.000822705
-1.26893e-05
0.00084208
-9.57215e-06
0.000854212
-4.34042e-06
0.000865701
0.000853944
5.35878e-05
-0.000405095
4.89757e-05
-0.000434432
4.38252e-05
-0.000469591
4.34829e-05
-0.000469879
4.74702e-05
-0.000337017
1.56033e-05
-0.000118691
0.000122532
2.37437e-05
0.000153033
0.000401507
0.000140602
0.000559749
9.5817e-05
0.000593576
6.16504e-05
0.000604254
4.76362e-05
0.0006691
2.81913e-05
0.000754911
1.29294e-05
0.000805722
2.82532e-06
0.000832809
-2.44389e-06
0.00084735
-3.63299e-06
0.000855401
-3.07582e-06
0.000865144
0.000850869
3.56067e-05
-0.000401759
3.07942e-05
-0.00042962
2.6557e-05
-0.000465354
3.24034e-05
-0.000475725
6.35692e-05
-0.000368182
8.92006e-05
-0.000144322
0.000134689
-2.17443e-05
0.000154976
0.000381219
0.000154098
0.000560627
0.000135688
0.000611987
0.000116456
0.000623485
0.000104133
0.000681424
6.86117e-05
0.000790432
3.59049e-05
0.000838429
1.58601e-05
0.000852854
4.95768e-06
0.000858252
3.50343e-07
0.000860008
-3.57148e-06
0.000869065
0.000847297
1.7731e-05
-0.000396483
1.15639e-05
-0.000423453
7.23069e-06
-0.000461021
1.67331e-05
-0.000485228
6.59797e-05
-0.000417429
0.000127209
-0.000205552
0.000118939
-1.34742e-05
0.00014537
0.000354788
0.000153602
0.000552396
0.000152805
0.000612784
0.000147104
0.000629186
0.000140206
0.000688323
9.17145e-05
0.000838924
4.63746e-05
0.000883769
2.07564e-05
0.000878472
7.39534e-06
0.000871613
1.00044e-06
0.000866403
-5.99186e-06
0.000876058
0.000841306
-1.32498e-06
-0.000387897
-1.13987e-05
-0.000413379
-2.13581e-05
-0.000451061
-1.684e-05
-0.000489746
2.97826e-05
-0.000464052
9.10477e-05
-0.000266817
9.9344e-05
-2.17702e-05
0.000123516
0.000330616
0.000141764
0.000534147
0.000149063
0.000605485
0.000146888
0.000631361
0.000132824
0.000702387
7.79191e-05
0.000893828
3.54166e-05
0.000926272
1.38109e-05
0.000900078
3.2395e-06
0.000882185
-1.79398e-06
0.000871437
-9.86e-06
0.000884124
0.000831445
-1.98465e-05
-0.00037539
-3.58634e-05
-0.000397362
-5.58059e-05
-0.000431119
-7.07041e-05
-0.000474848
-5.87334e-05
-0.000476022
9.75077e-06
-0.000335302
3.78277e-05
-4.98471e-05
8.54118e-05
0.000283032
0.000116004
0.000503555
0.000125171
0.000596318
0.000117296
0.000639236
7.31535e-05
0.000746529
2.40878e-05
0.000942894
4.12152e-06
0.000946238
-4.32426e-06
0.000908523
-7.19588e-06
0.000885056
-8.50838e-06
0.000872749
-1.44636e-05
0.000890079
0.000816982
-3.58491e-05
-0.0003591
-5.78866e-05
-0.000375325
-8.86672e-05
-0.000400339
-0.00012634
-0.000437175
-0.000148226
-0.000454137
-0.000115117
-0.00036841
-4.492e-05
-0.000120044
1.95335e-05
0.000218579
6.944e-05
0.000453648
7.48703e-05
0.000590887
4.202e-05
0.000672087
-2.40354e-05
0.000812585
-4.33854e-05
0.000962244
-3.62092e-05
0.000939062
-2.85826e-05
0.000900897
-2.13858e-05
0.00087786
-1.73736e-05
0.000868737
-1.85979e-05
0.000891304
0.000798384
-4.70845e-05
-0.000339979
-7.36811e-05
-0.000348728
-0.000112446
-0.000361574
-0.000168131
-0.00038149
-0.000226318
-0.00039595
-0.00024422
-0.000350508
-0.000201575
-0.00016269
-0.000119592
0.000136596
-6.99248e-05
0.000403981
-6.48495e-05
0.000585812
-9.88185e-05
0.000706056
-0.000133856
0.000847622
-0.000109644
0.000938032
-7.56266e-05
0.000905045
-5.28778e-05
0.000878148
-3.6017e-05
0.000860999
-2.62592e-05
0.000858979
-2.12222e-05
0.000886267
0.000777162
-5.132e-05
-0.000319565
-8.0044e-05
-0.000320004
-0.000121623
-0.000319995
-0.000183282
-0.000319831
-0.000264761
-0.00031447
-0.000340094
-0.000275176
-0.000359585
-0.000143199
-0.000317412
9.44233e-05
-0.00026756
0.000354129
-0.000244349
0.000562601
-0.000246152
0.000707859
-0.00022264
0.000824111
-0.000156089
0.00087148
-0.000105532
0.000854488
-7.20494e-05
0.000844665
-4.8163e-05
0.000837112
-3.32374e-05
0.000844054
-2.1772e-05
0.000874801
0.00075539
-4.61993e-05
-0.000300427
-7.39158e-05
-0.000292288
-0.000113816
-0.000280095
-0.000170934
-0.000262712
-0.000249856
-0.000235548
-0.000342031
-0.000183001
-0.000409672
-7.55572e-05
-0.00041956
0.000104312
-0.000390313
0.000324882
-0.000353575
0.000525862
-0.00031391
0.000668194
-0.00024808
0.000758281
-0.000172205
0.000795605
-0.000119813
0.000802096
-8.25217e-05
0.000807373
-5.55248e-05
0.000810116
-3.69821e-05
0.000825511
-2.0397e-05
0.000858216
0.000734993
-3.07905e-05
-0.000286971
-5.20443e-05
-0.000271034
-8.50125e-05
-0.000247127
-0.000133926
-0.000213799
-0.000201281
-0.000168193
-0.000283983
-0.000100299
-0.00036226
2.71963e-06
-0.000402695
0.000144746
-0.000396393
0.000318581
-0.000357062
0.000486531
-0.000300074
0.000611207
-0.000230686
0.000688893
-0.000167211
0.00073213
-0.000121204
0.00075609
-8.5595e-05
0.000771764
-5.86104e-05
0.000783131
-3.79026e-05
0.000804804
-1.76084e-05
0.000837922
0.000717384
-1.00737e-05
-1.74212e-05
-3.07478e-05
-5.57288e-05
-9.84746e-05
-0.000156476
-0.000217368
-0.000261957
-0.000275942
-0.000257924
-0.000220148
-0.000176165
-0.000136256
-0.000103576
-7.6075e-05
-5.33639e-05
-3.3495e-05
-1.41289e-05
)
;

boundaryField
{
    leftWall
    {
        type            calculated;
        value           uniform 0;
    }
    rightWall
    {
        type            calculated;
        value           uniform 0;
    }
    lowerWall
    {
        type            calculated;
        value           uniform 0;
    }
    atmosphere
    {
        type            calculated;
        value           nonuniform List<scalar> 
46
(
-0.000236692
-0.000237781
-0.000238236
-0.000239021
-0.000240024
-0.000241253
-0.000242707
-0.000244381
-0.000246266
-0.00024835
-0.000250616
-0.000253045
-0.000255614
-0.000258292
-0.000261036
-0.000263791
-0.000266483
-0.000269017
-0.000271266
-0.000273058
-0.000274162
-0.000274269
-0.000272976
-0.000127897
-0.000126906
-0.000125602
-0.000123937
-0.000282692
-0.000263687
-0.000233801
-0.000188818
-0.000125447
-4.22976e-05
6.36113e-05
0.000189336
0.000332565
0.000468513
0.000573431
0.00064491
0.000692221
0.00072341
0.000744263
0.00076042
0.000784935
0.000818556
0.000703256
)
;
    }
    defaultFaces
    {
        type            empty;
    }
}


// ************************************************************************* //
