/*--------------------------------*- C++ -*----------------------------------*\
  =========                 |
  \\      /  F ield         | OpenFOAM: The Open Source CFD Toolbox
   \\    /   O peration     | Website:  https://openfoam.org
    \\  /    A nd           | Version:  13
     \\/     M anipulation  |
\*---------------------------------------------------------------------------*/
FoamFile
{
    format      ascii;
    class       volVectorField;
    location    "0.3";
    object      U;
}
// * * * * * * * * * * * * * * * * * * * * * * * * * * * * * * * * * * * * * //

dimensions      [0 1 -1 0 0 0 0];

internalField   nonuniform List<vector> 
2268
(
(-0.0201027 0.00259516 0)
(0.00134777 -0.00976774 0)
(0.0638556 -0.0163978 0)
(0.137176 -0.0175928 0)
(0.208999 -0.0158074 0)
(0.271691 -0.0132794 0)
(0.323709 -0.0111359 0)
(0.367583 -0.00965617 0)
(0.406449 -0.00871516 0)
(0.442237 -0.00804937 0)
(0.475492 -0.00739291 0)
(0.505724 -0.00652684 0)
(0.531664 -0.00528812 0)
(0.551207 -0.00350676 0)
(0.562281 -0.000176125 0)
(0.55628 0.00629242 0)
(0.521909 0.0175658 0)
(0.44437 0.0344037 0)
(0.306474 0.0517947 0)
(0.111255 0.0552671 0)
(-0.11626 0.0127339 0)
(-0.229103 -0.0342303 0)
(-0.0746307 -0.0762209 0)
(-0.0199672 0.00743837 0)
(0.00282254 -0.0297037 0)
(0.0658793 -0.0494795 0)
(0.139317 -0.0529845 0)
(0.210772 -0.0476534 0)
(0.272998 -0.0401344 0)
(0.324822 -0.0337724 0)
(0.368871 -0.0293978 0)
(0.4082 -0.0266246 0)
(0.44463 -0.0246593 0)
(0.478628 -0.0227075 0)
(0.509657 -0.0201353 0)
(0.536491 -0.0164517 0)
(0.557502 -0.0111726 0)
(0.57008 -0.00299263 0)
(0.576772 0.00977531 0)
(0.579416 0.0302094 0)
(0.573876 0.0621821 0)
(0.537416 0.105006 0)
(0.417068 0.143826 0)
(0.193283 0.127813 0)
(-0.0966259 0.0486321 0)
(0.0367456 -0.126182 0)
(-0.0190618 0.0116709 0)
(0.00537713 -0.0498691 0)
(0.0688599 -0.0824618 0)
(0.141832 -0.0879298 0)
(0.211992 -0.0789376 0)
(0.272785 -0.0665058 0)
(0.3237 -0.0561097 0)
(0.36755 -0.0490507 0)
(0.407259 -0.0446143 0)
(0.44443 -0.0414512 0)
(0.479355 -0.0382544 0)
(0.511406 -0.0340052 0)
(0.53935 -0.0279392 0)
(0.561602 -0.0193573 0)
(0.576185 -0.00760403 0)
(0.580923 0.00822947 0)
(0.574878 0.0310107 0)
(0.561539 0.066651 0)
(0.553658 0.122661 0)
(0.535586 0.192776 0)
(0.442658 0.221983 0)
(0.205777 0.124341 0)
(0.139903 -0.0834198 0)
(-0.0178015 0.0148166 0)
(0.00921929 -0.0705689 0)
(0.0730963 -0.115429 0)
(0.145211 -0.122285 0)
(0.21349 -0.109463 0)
(0.272363 -0.0923025 0)
(0.322166 -0.0782183 0)
(0.365917 -0.0688221 0)
(0.406314 -0.0629805 0)
(0.444644 -0.0587702 0)
(0.480948 -0.0544025 0)
(0.514473 -0.0485202 0)
(0.543986 -0.0401473 0)
(0.567953 -0.0284725 0)
(0.58464 -0.0127194 0)
(0.592281 0.00846802 0)
(0.589303 0.0368368 0)
(0.574381 0.0751191 0)
(0.553827 0.128565 0)
(0.547336 0.204355 0)
(0.539224 0.269148 0)
(0.39182 0.215979 0)
(0.226514 0.0279113 0)
(-0.015993 0.0164441 0)
(0.0141606 -0.0918777 0)
(0.0782597 -0.148175 0)
(0.149028 -0.155682 0)
(0.214866 -0.138882 0)
(0.271458 -0.117328 0)
(0.320086 -0.100071 0)
(0.363914 -0.088803 0)
(0.405307 -0.0818724 0)
(0.44514 -0.0767827 0)
(0.483162 -0.0713143 0)
(0.518483 -0.0638383 0)
(0.549877 -0.0532158 0)
(0.575926 -0.0385468 0)
(0.595114 -0.0189212 0)
(0.605945 0.00686468 0)
(0.607268 0.040401 0)
(0.597975 0.0836435 0)
(0.577539 0.137213 0)
(0.55131 0.205945 0)
(0.551426 0.287008 0)
(0.46534 0.297651 0)
(0.279973 0.180355 0)
(-0.01354 0.0161981 0)
(0.0199895 -0.113953 0)
(0.0840879 -0.180558 0)
(0.153009 -0.187879 0)
(0.21592 -0.166988 0)
(0.270037 -0.141496 0)
(0.317586 -0.121723 0)
(0.36175 -0.109148 0)
(0.404438 -0.10149 0)
(0.446044 -0.0957002 0)
(0.486009 -0.0892076 0)
(0.523328 -0.0801903 0)
(0.556813 -0.0674077 0)
(0.58519 -0.049899 0)
(0.607137 -0.0267267 0)
(0.621376 0.00325705 0)
(0.626958 0.041408 0)
(0.622746 0.089428 0)
(0.609158 0.14789 0)
(0.577204 0.215286 0)
(0.553778 0.301671 0)
(0.488045 0.370237 0)
(0.306758 0.354945 0)
(-0.0106111 0.0140274 0)
(0.0264791 -0.137009 0)
(0.0904313 -0.212576 0)
(0.156994 -0.218901 0)
(0.216614 -0.193856 0)
(0.268242 -0.164898 0)
(0.314955 -0.14325 0)
(0.359779 -0.129899 0)
(0.404045 -0.12183 0)
(0.447636 -0.115476 0)
(0.48971 -0.107997 0)
(0.529197 -0.0974653 0)
(0.564993 -0.0826015 0)
(0.595967 -0.0624246 0)
(0.620933 -0.0359929 0)
(0.638701 -0.00228864 0)
(0.648491 0.0399446 0)
(0.649136 0.0921392 0)
(0.641461 0.156338 0)
(0.617004 0.230046 0)
(0.57928 0.323636 0)
(0.513332 0.433783 0)
(0.350401 0.530471 0)
(-0.00727694 0.010097 0)
(0.033371 -0.161094 0)
(0.0970402 -0.244149 0)
(0.160893 -0.248664 0)
(0.217148 -0.219533 0)
(0.266532 -0.187667 0)
(0.312793 -0.164752 0)
(0.358635 -0.151051 0)
(0.404749 -0.142777 0)
(0.450522 -0.135903 0)
(0.494897 -0.127413 0)
(0.536804 -0.115352 0)
(0.575253 -0.0984553 0)
(0.609207 -0.075718 0)
(0.63749 -0.0461554 0)
(0.658915 -0.00877395 0)
(0.672745 0.0373872 0)
(0.678309 0.0934841 0)
(0.675461 0.162119 0)
(0.661906 0.243328 0)
(0.626783 0.348241 0)
(0.571161 0.496812 0)
(0.342797 0.760298 0)
(0.108427 -0.0428486 0)
(0.259185 -0.0170778 0)
(0.280052 0.00647064 0)
(0.234128 0.00660143 0)
(0.209486 0.00305063 0)
(0.207126 0.000408801 0)
(0.213769 -0.00191346 0)
(0.227356 -0.00289829 0)
(0.242689 -0.0026506 0)
(0.255261 -0.00164435 0)
(0.26133 4.79314e-05 0)
(0.258686 0.00174227 0)
(0.247275 0.00345396 0)
(0.22711 0.00511916 0)
(0.198704 0.00666621 0)
(0.162883 0.00797329 0)
(0.120864 0.00900475 0)
(0.0743047 0.00972354 0)
(0.0249832 0.010233 0)
(0.137659 -0.129797 0)
(0.282222 -0.0411542 0)
(0.290913 0.021722 0)
(0.239321 0.0171085 0)
(0.216459 0.00684875 0)
(0.21625 -0.000862085 0)
(0.225481 -0.00761167 0)
(0.242037 -0.0104709 0)
(0.260272 -0.00959715 0)
(0.275489 -0.00656521 0)
(0.284947 -0.00186196 0)
(0.287335 0.00358127 0)
(0.280488 0.0094195 0)
(0.262874 0.0153219 0)
(0.234247 0.0209571 0)
(0.195024 0.0259178 0)
(0.146514 0.0299445 0)
(0.0908309 0.0327822 0)
(0.0305554 0.0340198 0)
(0.190314 -0.24661 0)
(0.344157 -0.0579787 0)
(0.301679 0.0434172 0)
(0.230247 0.0278064 0)
(0.210793 0.0114874 0)
(0.212382 -0.00245422 0)
(0.222642 -0.0140367 0)
(0.241016 -0.0186074 0)
(0.260664 -0.0170716 0)
(0.276739 -0.0120326 0)
(0.286296 -0.00458053 0)
(0.28772 0.00456746 0)
(0.279886 0.0147061 0)
(0.261726 0.0252022 0)
(0.232971 0.0354099 0)
(0.193921 0.0445975 0)
(0.145735 0.052166 0)
(0.090381 0.0575435 0)
(0.03038 0.0599321 0)
(0.184477 -0.379131 0)
(0.408578 -0.0634438 0)
(0.311522 0.0745454 0)
(0.214655 0.042504 0)
(0.201606 0.0184193 0)
(0.205455 -0.00487704 0)
(0.218213 -0.0215914 0)
(0.23985 -0.027489 0)
(0.261897 -0.0251201 0)
(0.279488 -0.0177176 0)
(0.289997 -0.00698295 0)
(0.291713 0.00598194 0)
(0.28363 0.0203617 0)
(0.26491 0.0353607 0)
(0.235436 0.0500369 0)
(0.195662 0.063372 0)
(0.146845 0.0744339 0)
(0.0909799 0.0823429 0)
(0.0305722 0.0859001 0)
(0.100682 -0.514104 0)
(0.408674 -0.0487298 0)
(0.293799 0.099294 0)
(0.186956 0.0568716 0)
(0.187259 0.0265292 0)
(0.194663 -0.00991113 0)
(0.212307 -0.0309261 0)
(0.238578 -0.0375882 0)
(0.263854 -0.0341593 0)
(0.283571 -0.024078 0)
(0.295512 -0.00982509 0)
(0.298127 0.00720904 0)
(0.290457 0.0260472 0)
(0.27168 0.0457211 0)
(0.241661 0.0649667 0)
(0.200916 0.0824913 0)
(0.150804 0.0970392 0)
(0.0934279 0.107464 0)
(0.0314061 0.112161 0)
(0.0130937 -0.66483 0)
(0.304642 0.0151587 0)
(0.20389 0.131367 0)
(0.145955 0.0772001 0)
(0.167364 0.0341329 0)
(0.177814 -0.0195575 0)
(0.204485 -0.0424392 0)
(0.237021 -0.0493537 0)
(0.266425 -0.0445096 0)
(0.288877 -0.0312803 0)
(0.302609 -0.0132122 0)
(0.306395 0.00809389 0)
(0.299379 0.0315982 0)
(0.280718 0.0561762 0)
(0.25019 0.080232 0)
(0.20832 0.102153 0)
(0.156525 0.12034 0)
(0.0970332 0.133384 0)
(0.0326405 0.139277 0)
(-0.0485171 -0.796999 0)
(0.158286 -0.137413 0)
(-0.0976737 0.0431435 0)
(0.0670842 0.082531 0)
(0.140815 0.038807 0)
(0.157958 -0.0387399 0)
(0.196785 -0.0580723 0)
(0.235627 -0.0637401 0)
(0.269794 -0.056535 0)
(0.2955 -0.0395159 0)
(0.311318 -0.0172692 0)
(0.316529 0.00855505 0)
(0.310323 0.036964 0)
(0.291826 0.0667084 0)
(0.260716 0.0958968 0)
(0.217508 0.122511 0)
(0.163657 0.1446 0)
(0.101545 0.160455 0)
(0.0341865 0.167637 0)
(-0.103862 -0.795465 0)
(0.00329458 0.290947 0)
(-0.577607 0.175972 0)
(0.000990378 -0.0319494 0)
(0.116289 0.0103956 0)
(0.141872 -0.0586539 0)
(0.19526 -0.072508 0)
(0.237289 -0.0807619 0)
(0.275109 -0.0701963 0)
(0.304009 -0.0487193 0)
(0.321907 -0.0221072 0)
(0.328635 0.00848894 0)
(0.323354 0.0421135 0)
(0.305064 0.0772745 0)
(0.273271 0.111874 0)
(0.228458 0.143464 0)
(0.172158 0.16968 0)
(0.106923 0.188512 0)
(0.0360251 0.197076 0)
(-0.00190208 -0.00157921 0)
(0.0441775 -0.201059 0)
(0.107191 -0.291715 0)
(0.166607 -0.291518 0)
(0.218119 -0.256722 0)
(0.264999 -0.222254 0)
(0.311488 -0.19914 0)
(0.359469 -0.185993 0)
(0.408618 -0.177932 0)
(0.457705 -0.170508 0)
(0.505501 -0.160698 0)
(0.551053 -0.146652 0)
(0.593549 -0.127142 0)
(0.632083 -0.101016 0)
(0.665624 -0.0671442 0)
(0.693274 -0.0245697 0)
(0.714367 0.0280369 0)
(0.728947 0.0913197 0)
(0.73545 0.168043 0)
(0.739639 0.258932 0)
(0.730223 0.377203 0)
(0.778374 0.522081 0)
(0.78214 0.880682 0)
(0.00573229 -0.025842 0)
(0.0592321 -0.258057 0)
(0.120596 -0.353453 0)
(0.173604 -0.344852 0)
(0.219279 -0.303853 0)
(0.263967 -0.268747 0)
(0.311669 -0.247821 0)
(0.362597 -0.23687 0)
(0.415057 -0.229773 0)
(0.46726 -0.221933 0)
(0.517995 -0.210641 0)
(0.566566 -0.194247 0)
(0.612513 -0.171528 0)
(0.655448 -0.14118 0)
(0.694956 -0.102099 0)
(0.731322 -0.0542484 0)
(0.764773 0.0012566 0)
(0.795452 0.0651832 0)
(0.82127 0.142518 0)
(0.848176 0.231174 0)
(0.873476 0.337403 0)
(0.939335 0.447914 0)
(1.03503 0.629448 0)
(0.014674 -0.0626345 0)
(0.0752988 -0.319262 0)
(0.1317 -0.409973 0)
(0.176259 -0.391149 0)
(0.216683 -0.347286 0)
(0.260317 -0.315502 0)
(0.309095 -0.298897 0)
(0.361083 -0.29037 0)
(0.41379 -0.283387 0)
(0.465662 -0.273922 0)
(0.516077 -0.259961 0)
(0.564811 -0.239817 0)
(0.61242 -0.21279 0)
(0.6596 -0.178281 0)
(0.706389 -0.135457 0)
(0.752193 -0.0830746 0)
(0.796517 -0.0193956 0)
(0.842098 0.0614231 0)
(0.883067 0.15097 0)
(0.919245 0.242803 0)
(0.960371 0.330036 0)
(1.01577 0.405578 0)
(1.10124 0.465557 0)
(0.0252928 -0.113025 0)
(0.0961677 -0.381133 0)
(0.141948 -0.456064 0)
(0.173258 -0.428388 0)
(0.208531 -0.386825 0)
(0.252076 -0.361103 0)
(0.301815 -0.348527 0)
(0.354299 -0.340987 0)
(0.40784 -0.333248 0)
(0.462262 -0.322718 0)
(0.518721 -0.308696 0)
(0.577872 -0.289745 0)
(0.640495 -0.267911 0)
(0.707878 -0.242225 0)
(0.782278 -0.211768 0)
(0.862696 -0.174729 0)
(0.942795 -0.126369 0)
(1.0024 -0.0604004 0)
(1.0325 0.016843 0)
(1.04289 0.102124 0)
(1.05486 0.191495 0)
(1.07837 0.282541 0)
(1.13211 0.353541 0)
(0.0396932 -0.1876 0)
(0.134306 -0.437299 0)
(0.162513 -0.483782 0)
(0.17241 -0.455737 0)
(0.203899 -0.426483 0)
(0.252547 -0.410918 0)
(0.309552 -0.404127 0)
(0.370532 -0.400893 0)
(0.435758 -0.398516 0)
(0.507813 -0.395784 0)
(0.592773 -0.393478 0)
(0.687186 -0.390135 0)
(0.786217 -0.382123 0)
(0.898499 -0.367144 0)
(1.02939 -0.339673 0)
(1.17211 -0.287083 0)
(1.30548 -0.197701 0)
(1.38553 -0.0525819 0)
(1.36401 0.0902949 0)
(1.29274 0.190196 0)
(1.22346 0.249835 0)
(1.17925 0.292446 0)
(1.1751 0.323811 0)
(0.0676927 -0.290742 0)
(0.194598 -0.502129 0)
(0.204392 -0.498197 0)
(0.190187 -0.479968 0)
(0.224262 -0.477044 0)
(0.2869 -0.47859 0)
(0.357912 -0.480659 0)
(0.43415 -0.484554 0)
(0.520283 -0.491253 0)
(0.625447 -0.502393 0)
(0.758535 -0.52191 0)
(0.872354 -0.510484 0)
(1.00328 -0.48805 0)
(1.14087 -0.460419 0)
(1.28708 -0.423802 0)
(1.42896 -0.346987 0)
(1.53051 -0.223995 0)
(1.58953 0.00114713 0)
(1.5707 0.192721 0)
(1.52394 0.309381 0)
(1.45505 0.361028 0)
(1.36427 0.372032 0)
(1.27073 0.353967 0)
(0.0833793 -0.427422 0)
(0.231484 -0.615902 0)
(0.259663 -0.489461 0)
(0.241805 -0.485886 0)
(0.283608 -0.532234 0)
(0.350083 -0.56158 0)
(0.400118 -0.557925 0)
(0.461812 -0.555196 0)
(0.519428 -0.561473 0)
(0.58586 -0.582191 0)
(0.672572 -0.592272 0)
(0.798588 -0.529839 0)
(0.947521 -0.548251 0)
(1.09968 -0.578525 0)
(1.26366 -0.589046 0)
(1.42433 -0.518028 0)
(1.54845 -0.353217 0)
(1.6219 -0.116688 0)
(1.65328 0.147083 0)
(1.64075 0.343356 0)
(1.59231 0.443574 0)
(1.53248 0.491416 0)
(1.45772 0.469663 0)
(-9.89817e-05 -0.663453 0)
(0.0647824 -0.660622 0)
(0.175385 -0.491712 0)
(0.212835 -0.487424 0)
(0.234574 -0.549185 0)
(0.261583 -0.556165 0)
(0.298975 -0.552081 0)
(0.347231 -0.564983 0)
(0.408914 -0.600539 0)
(0.49132 -0.660407 0)
(0.597019 -0.719638 0)
(0.718997 -0.754654 0)
(0.852221 -0.784349 0)
(0.982451 -0.809969 0)
(1.12615 -0.811681 0)
(1.27761 -0.709258 0)
(1.40232 -0.491487 0)
(1.47066 -0.191819 0)
(1.48609 0.118914 0)
(1.44863 0.353721 0)
(1.39832 0.477231 0)
(1.39689 0.512532 0)
(1.4593 0.480232 0)
(-0.0387171 -0.568081 0)
(-0.0392504 -0.547088 0)
(0.0336984 -0.587084 0)
(0.117154 -0.579828 0)
(0.175402 -0.59375 0)
(0.215608 -0.609683 0)
(0.251746 -0.625302 0)
(0.29703 -0.653588 0)
(0.354636 -0.707789 0)
(0.42411 -0.782055 0)
(0.504846 -0.848531 0)
(0.590179 -0.878963 0)
(0.685416 -0.884018 0)
(0.754962 -0.906042 0)
(0.816538 -0.942772 0)
(0.909577 -0.816898 0)
(0.974307 -0.538897 0)
(1.0141 -0.201072 0)
(1.04229 0.14083 0)
(1.05472 0.394855 0)
(1.11789 0.477676 0)
(1.26421 0.419986 0)
(1.44365 0.327889 0)
(-0.0256564 -0.545141 0)
(0.0101677 -0.73207 0)
(0.0639059 -0.684369 0)
(0.110941 -0.647812 0)
(0.156601 -0.644102 0)
(0.19807 -0.654909 0)
(0.2343 -0.670481 0)
(0.272266 -0.699608 0)
(0.311003 -0.755493 0)
(0.348319 -0.830836 0)
(0.385485 -0.899532 0)
(0.419028 -0.932703 0)
(0.462394 -0.927037 0)
(0.470329 -0.943113 0)
(0.422975 -0.958604 0)
(0.427574 -0.788916 0)
(0.431929 -0.49421 0)
(0.458472 -0.145603 0)
(0.551953 0.137757 0)
(0.728543 0.287284 0)
(0.957426 0.281532 0)
(1.19249 0.177275 0)
(1.3785 0.0871524 0)
(0.0150768 -0.561659 0)
(0.046987 -0.755614 0)
(0.0741513 -0.712644 0)
(0.110182 -0.683389 0)
(0.148622 -0.682624 0)
(0.185578 -0.690384 0)
(0.218375 -0.701691 0)
(0.247804 -0.727294 0)
(0.268759 -0.7791 0)
(0.279055 -0.849517 0)
(0.279856 -0.913925 0)
(0.269874 -0.941392 0)
(0.26916 -0.915281 0)
(0.239665 -0.899559 0)
(0.144322 -0.898069 0)
(0.150462 -0.758582 0)
(0.196227 -0.540992 0)
(0.318922 -0.31171 0)
(0.493507 -0.152445 0)
(0.705219 -0.0579027 0)
(0.913406 -0.0280178 0)
(1.07112 -0.0284252 0)
(1.18623 -0.0124339 0)
(0.0296361 -0.597745 0)
(0.0558045 -0.781772 0)
(0.0746818 -0.738217 0)
(0.107993 -0.718133 0)
(0.143557 -0.71868 0)
(0.177029 -0.723359 0)
(0.207999 -0.729878 0)
(0.233781 -0.747504 0)
(0.247571 -0.786798 0)
(0.246219 -0.842818 0)
(0.229295 -0.894224 0)
(0.20078 -0.913626 0)
(0.183083 -0.885112 0)
(0.161471 -0.855292 0)
(0.111905 -0.857895 0)
(0.0938081 -0.795423 0)
(0.159605 -0.642606 0)
(0.25779 -0.469406 0)
(0.400538 -0.313591 0)
(0.548581 -0.180222 0)
(0.696338 -0.0841228 0)
(0.823329 -0.0683772 0)
(0.930735 -0.0856306 0)
(0.0295862 -0.642446 0)
(0.056798 -0.806931 0)
(0.0761107 -0.765149 0)
(0.107887 -0.751041 0)
(0.140912 -0.75205 0)
(0.172616 -0.754676 0)
(0.203592 -0.7571 0)
(0.23088 -0.76613 0)
(0.248109 -0.791343 0)
(0.250333 -0.831209 0)
(0.23683 -0.870076 0)
(0.215584 -0.888452 0)
(0.20284 -0.875204 0)
(0.203258 -0.85041 0)
(0.20036 -0.839898 0)
(0.171713 -0.815399 0)
(0.172093 -0.712105 0)
(0.224991 -0.552848 0)
(0.319938 -0.414614 0)
(0.446672 -0.314567 0)
(0.596941 -0.261695 0)
(0.756152 -0.249738 0)
(0.905556 -0.250846 0)
(0.0269658 -0.685982 0)
(0.0555372 -0.828652 0)
(0.0764337 -0.791815 0)
(0.107143 -0.782206 0)
(0.138671 -0.783677 0)
(0.169712 -0.785807 0)
(0.201225 -0.786934 0)
(0.232032 -0.790985 0)
(0.257088 -0.805377 0)
(0.270662 -0.831446 0)
(0.271981 -0.860306 0)
(0.266956 -0.878499 0)
(0.264286 -0.877331 0)
(0.271393 -0.861567 0)
(0.278904 -0.835894 0)
(0.282716 -0.795998 0)
(0.290535 -0.728679 0)
(0.336315 -0.63023 0)
(0.425195 -0.546049 0)
(0.540488 -0.480435 0)
(0.670292 -0.430978 0)
(0.805069 -0.400026 0)
(0.935351 -0.384854 0)
(0.0239075 -0.727521 0)
(0.0530636 -0.851679 0)
(0.0759192 -0.819265 0)
(0.105783 -0.812624 0)
(0.136384 -0.814635 0)
(0.166883 -0.817136 0)
(0.198224 -0.819015 0)
(0.230685 -0.821782 0)
(0.261186 -0.830036 0)
(0.284851 -0.846527 0)
(0.299777 -0.866994 0)
(0.308145 -0.881869 0)
(0.314344 -0.88416 0)
(0.322956 -0.872535 0)
(0.336409 -0.848101 0)
(0.355652 -0.812777 0)
(0.385104 -0.761773 0)
(0.433699 -0.700573 0)
(0.506817 -0.636813 0)
(0.600631 -0.581764 0)
(0.708545 -0.541771 0)
(0.824431 -0.516735 0)
(0.942789 -0.503847 0)
(0.0212414 -0.766086 0)
(0.050393 -0.875819 0)
(0.0747919 -0.847106 0)
(0.104031 -0.842473 0)
(0.133863 -0.844858 0)
(0.163631 -0.847839 0)
(0.193996 -0.850908 0)
(0.225576 -0.85433 0)
(0.257142 -0.860263 0)
(0.285388 -0.87087 0)
(0.307591 -0.884135 0)
(0.323803 -0.894032 0)
(0.336895 -0.895091 0)
(0.351029 -0.885703 0)
(0.369791 -0.866745 0)
(0.395432 -0.837789 0)
(0.431279 -0.79943 0)
(0.481876 -0.754356 0)
(0.550742 -0.711212 0)
(0.636415 -0.676392 0)
(0.73493 -0.651037 0)
(0.841371 -0.632877 0)
(0.952551 -0.62137 0)
(0.0192409 -0.801967 0)
(0.0480211 -0.900868 0)
(0.0733068 -0.874982 0)
(0.101973 -0.871734 0)
(0.131078 -0.874332 0)
(0.160112 -0.877567 0)
(0.189364 -0.881296 0)
(0.219185 -0.885536 0)
(0.2493 -0.890851 0)
(0.277972 -0.898024 0)
(0.303007 -0.906145 0)
(0.324073 -0.912023 0)
(0.343391 -0.912137 0)
(0.364248 -0.904845 0)
(0.389337 -0.890608 0)
(0.421294 -0.870147 0)
(0.463078 -0.844411 0)
(0.517381 -0.816302 0)
(0.585274 -0.789383 0)
(0.665557 -0.766749 0)
(0.756381 -0.749905 0)
(0.854578 -0.737671 0)
(0.959315 -0.730373 0)
(0.0177624 -0.835707 0)
(0.0459601 -0.926417 0)
(0.0716158 -0.902667 0)
(0.0997267 -0.900402 0)
(0.128148 -0.90314 0)
(0.156544 -0.906453 0)
(0.184995 -0.910324 0)
(0.213546 -0.914852 0)
(0.242128 -0.919936 0)
(0.270154 -0.925492 0)
(0.296668 -0.931012 0)
(0.321542 -0.935007 0)
(0.346176 -0.935485 0)
(0.372949 -0.931235 0)
(0.404146 -0.922437 0)
(0.441647 -0.909751 0)
(0.487207 -0.894249 0)
(0.542287 -0.877307 0)
(0.607709 -0.861435 0)
(0.683238 -0.849157 0)
(0.76837 -0.841442 0)
(0.860765 -0.836769 0)
(0.960902 -0.835577 0)
(0.016659 -0.867685 0)
(0.0441607 -0.952074 0)
(0.0698045 -0.929998 0)
(0.0973473 -0.928468 0)
(0.125112 -0.931339 0)
(0.15293 -0.934731 0)
(0.18085 -0.938634 0)
(0.208808 -0.943157 0)
(0.236734 -0.94814 0)
(0.264581 -0.953282 0)
(0.292244 -0.958145 0)
(0.319837 -0.961962 0)
(0.348265 -0.963702 0)
(0.379089 -0.96268 0)
(0.413945 -0.958899 0)
(0.454222 -0.952751 0)
(0.501162 -0.945022 0)
(0.55589 -0.937103 0)
(0.6193 -0.930884 0)
(0.691496 -0.927966 0)
(0.77243 -0.928628 0)
(0.860242 -0.931297 0)
(0.956444 -0.936846 0)
(0.0158116 -0.898207 0)
(0.0425522 -0.977538 0)
(0.0678978 -0.956849 0)
(0.094832 -0.955917 0)
(0.121938 -0.958938 0)
(0.149169 -0.962489 0)
(0.176603 -0.966552 0)
(0.204224 -0.971177 0)
(0.232005 -0.976271 0)
(0.260026 -0.981592 0)
(0.288472 -0.986778 0)
(0.317667 -0.991379 0)
(0.34829 -0.99488 0)
(0.381378 -0.996939 0)
(0.418103 -0.997531 0)
(0.459547 -0.997006 0)
(0.506776 -0.996084 0)
(0.560774 -0.995903 0)
(0.622274 -0.99788 0)
(0.691455 -1.00316 0)
(0.768593 -1.01163 0)
(0.852262 -1.02175 0)
(0.944822 -1.03476 0)
(0.0151171 -0.927483 0)
(0.0410557 -1.00256 0)
(0.0658918 -0.983118 0)
(0.0921595 -0.982708 0)
(0.118576 -0.985901 0)
(0.145171 -0.989678 0)
(0.17204 -0.99404 0)
(0.199243 -0.998988 0)
(0.226834 -1.00445 0)
(0.254927 -1.01027 0)
(0.283765 -1.01623 0)
(0.313741 -1.02208 0)
(0.345425 -1.02758 0)
(0.379564 -1.0326 0)
(0.417035 -1.03719 0)
(0.458716 -1.04166 0)
(0.505509 -1.04666 0)
(0.558237 -1.05316 0)
(0.617505 -1.06231 0)
(0.683583 -1.07496 0)
(0.75695 -1.09078 0)
(0.836488 -1.10831 0)
(0.925266 -1.12919 0)
(0.0145045 -0.955641 0)
(0.0396057 -1.02698 0)
(0.0637735 -1.00871 0)
(0.0893071 -1.00878 0)
(0.114976 -1.01217 0)
(0.14087 -1.01622 0)
(0.167085 -1.02096 0)
(0.193717 -1.02638 0)
(0.220886 -1.03242 0)
(0.248757 -1.03898 0)
(0.277584 -1.04598 0)
(0.307736 -1.0533 0)
(0.339687 -1.06087 0)
(0.37402 -1.0687 0)
(0.411408 -1.07692 0)
(0.452565 -1.08586 0)
(0.498245 -1.09608 0)
(0.549129 -1.10843 0)
(0.605756 -1.12389 0)
(0.668454 -1.14318 0)
(0.737781 -1.16588 0)
(0.812877 -1.19061 0)
(0.897315 -1.21938 0)
(0.013932 -0.982743 0)
(0.0381547 -1.05065 0)
(0.061529 -1.03354 0)
(0.0862543 -1.03407 0)
(0.111102 -1.03768 0)
(0.136214 -1.04204 0)
(0.161684 -1.0472 0)
(0.187617 -1.05316 0)
(0.214162 -1.05991 0)
(0.241514 -1.06737 0)
(0.26993 -1.07554 0)
(0.299739 -1.08441 0)
(0.331335 -1.09403 0)
(0.365184 -1.1045 0)
(0.401802 -1.11601 0)
(0.441767 -1.12891 0)
(0.485702 -1.1437 0)
(0.534184 -1.16116 0)
(0.587707 -1.1822 0)
(0.646619 -1.20747 0)
(0.711474 -1.23653 0)
(0.781657 -1.26813 0)
(0.860993 -1.30459 0)
(0.013373 -1.00881 0)
(0.0366672 -1.07347 0)
(0.0591468 -1.05752 0)
(0.0829849 -1.0585 0)
(0.106931 -1.06234 0)
(0.131166 -1.06703 0)
(0.155782 -1.07264 0)
(0.180885 -1.07919 0)
(0.206626 -1.08669 0)
(0.233201 -1.09511 0)
(0.260851 -1.1045 0)
(0.289879 -1.11491 0)
(0.32061 -1.12647 0)
(0.35341 -1.13936 0)
(0.388679 -1.15381 0)
(0.426875 -1.17016 0)
(0.468512 -1.18893 0)
(0.514091 -1.21084 0)
(0.564033 -1.23675 0)
(0.618667 -1.26733 0)
(0.6785 -1.30215 0)
(0.74313 -1.34011 0)
(0.816334 -1.38392 0)
(0.0128083 -1.03382 0)
(0.0351158 -1.09534 0)
(0.0566181 -1.08058 0)
(0.0794889 -1.08197 0)
(0.102451 -1.08605 0)
(0.125709 -1.09109 0)
(0.149354 -1.09717 0)
(0.173482 -1.10431 0)
(0.198243 -1.11255 0)
(0.223811 -1.12192 0)
(0.250405 -1.13248 0)
(0.278289 -1.14436 0)
(0.307729 -1.1577 0)
(0.339021 -1.17275 0)
(0.37247 -1.18977 0)
(0.408427 -1.20913 0)
(0.447309 -1.2313 0)
(0.489536 -1.25699 0)
(0.535434 -1.28706 0)
(0.585294 -1.32221 0)
(0.63952 -1.36203 0)
(0.697847 -1.40555 0)
(0.763663 -1.45589 0)
(0.0122241 -1.05775 0)
(0.0334821 -1.1162 0)
(0.0539392 -1.10263 0)
(0.075765 -1.10442 0)
(0.0976635 -1.10874 0)
(0.119852 -1.11412 0)
(0.142411 -1.12064 0)
(0.16543 -1.12836 0)
(0.189044 -1.13731 0)
(0.213405 -1.14756 0)
(0.238698 -1.15921 0)
(0.265143 -1.1724 0)
(0.292956 -1.18733 0)
(0.322373 -1.20426 0)
(0.353617 -1.22348 0)
(0.386958 -1.24537 0)
(0.422718 -1.27038 0)
(0.461209 -1.2992 0)
(0.502664 -1.33272 0)
(0.547329 -1.37161 0)
(0.595471 -1.41553 0)
(0.646888 -1.46357 0)
(0.704335 -1.51905 0)
(0.0116081 -1.08053 0)
(0.0317559 -1.13596 0)
(0.0511147 -1.12361 0)
(0.071823 -1.12576 0)
(0.0925843 -1.1303 0)
(0.113616 -1.136 0)
(0.134989 -1.14294 0)
(0.156783 -1.15118 0)
(0.179108 -1.16078 0)
(0.20209 -1.17182 0)
(0.225881 -1.18442 0)
(0.250654 -1.19876 0)
(0.276578 -1.21503 0)
(0.303834 -1.23354 0)
(0.332576 -1.25458 0)
(0.363002 -1.27852 0)
(0.395348 -1.30583 0)
(0.429796 -1.33715 0)
(0.466521 -1.37338 0)
(0.505694 -1.41517 0)
(0.547434 -1.46225 0)
(0.591632 -1.5137 0)
(0.640359 -1.57282 0)
(0.0109537 -1.1021 0)
(0.0299401 -1.15457 0)
(0.0481633 -1.14346 0)
(0.0676878 -1.14592 0)
(0.0872433 -1.15067 0)
(0.107041 -1.15665 0)
(0.12714 -1.16397 0)
(0.147607 -1.17267 0)
(0.168526 -1.18283 0)
(0.189995 -1.19455 0)
(0.212126 -1.20795 0)
(0.235052 -1.22322 0)
(0.258891 -1.24058 0)
(0.283774 -1.26033 0)
(0.309802 -1.2828 0)
(0.337094 -1.30832 0)
(0.365804 -1.33738 0)
(0.396001 -1.37058 0)
(0.427816 -1.40877 0)
(0.461301 -1.45268 0)
(0.49647 -1.502 0)
(0.533332 -1.55583 0)
(0.57338 -1.61727 0)
(0.0102677 -1.1224 0)
(0.0280584 -1.17201 0)
(0.0451196 -1.16212 0)
(0.0634029 -1.16485 0)
(0.0816899 -1.16978 0)
(0.100189 -1.17601 0)
(0.118938 -1.18364 0)
(0.137994 -1.19272 0)
(0.157413 -1.20334 0)
(0.177267 -1.2156 0)
(0.197625 -1.22964 0)
(0.218578 -1.24563 0)
(0.240198 -1.26381 0)
(0.262568 -1.28448 0)
(0.285744 -1.30796 0)
(0.309765 -1.33461 0)
(0.334696 -1.36486 0)
(0.360537 -1.39932 0)
(0.387324 -1.43876 0)
(0.415028 -1.484 0)
(0.443558 -1.53467 0)
(0.473025 -1.58999 0)
(0.504451 -1.65255 0)
(0.00957369 -1.14139 0)
(0.0261558 -1.18829 0)
(0.0420328 -1.17956 0)
(0.0590294 -1.18251 0)
(0.0759934 -1.18759 0)
(0.0931404 -1.19401 0)
(0.110479 -1.20189 0)
(0.128056 -1.21128 0)
(0.145906 -1.22226 0)
(0.164068 -1.23493 0)
(0.182577 -1.24942 0)
(0.20148 -1.26592 0)
(0.220806 -1.28465 0)
(0.240589 -1.3059 0)
(0.260844 -1.33 0)
(0.281533 -1.3573 0)
(0.302634 -1.38822 0)
(0.32409 -1.4233 0)
(0.345813 -1.46331 0)
(0.367759 -1.50907 0)
(0.389622 -1.56029 0)
(0.41174 -1.61611 0)
(0.434605 -1.67867 0)
(0.00890846 -1.15906 0)
(0.0242894 -1.2034 0)
(0.0389536 -1.19573 0)
(0.054634 -1.19885 0)
(0.0702324 -1.20404 0)
(0.0859897 -1.21061 0)
(0.101872 -1.21867 0)
(0.117924 -1.22828 0)
(0.134155 -1.23951 0)
(0.150578 -1.25245 0)
(0.167194 -1.26723 0)
(0.184007 -1.28402 0)
(0.201014 -1.30305 0)
(0.218196 -1.32456 0)
(0.235522 -1.34889 0)
(0.252892 -1.37638 0)
(0.270202 -1.40745 0)
(0.287318 -1.44256 0)
(0.304065 -1.48246 0)
(0.320332 -1.52793 0)
(0.335637 -1.57893 0)
(0.350546 -1.63421 0)
(0.365023 -1.69575 0)
(0.00831024 -1.17539 0)
(0.0225081 -1.21731 0)
(0.0359158 -1.21053 0)
(0.0502688 -1.21378 0)
(0.0644754 -1.21903 0)
(0.078824 -1.2257 0)
(0.0932283 -1.23388 0)
(0.107732 -1.24362 0)
(0.12232 -1.25498 0)
(0.136983 -1.26806 0)
(0.151693 -1.28297 0)
(0.166417 -1.29985 0)
(0.181118 -1.31892 0)
(0.195734 -1.3404 0)
(0.210185 -1.36461 0)
(0.224317 -1.39187 0)
(0.237949 -1.42255 0)
(0.250852 -1.45712 0)
(0.26279 -1.49624 0)
(0.273516 -1.54068 0)
(0.282565 -1.5906 0)
(0.290443 -1.64449 0)
(0.296831 -1.70403 0)
(0.00779735 -1.19051 0)
(0.0208283 -1.23003 0)
(0.032923 -1.22396 0)
(0.0459534 -1.22732 0)
(0.0587624 -1.23259 0)
(0.0717044 -1.2393 0)
(0.0846364 -1.24752 0)
(0.0975986 -1.2573 0)
(0.110555 -1.26869 0)
(0.123474 -1.28177 0)
(0.136304 -1.29664 0)
(0.14898 -1.31343 0)
(0.161429 -1.3323 0)
(0.17356 -1.35348 0)
(0.185245 -1.37722 0)
(0.196282 -1.40383 0)
(0.206416 -1.43364 0)
(0.215307 -1.46709 0)
(0.222669 -1.50477 0)
(0.228132 -1.54743 0)
(0.231221 -1.59538 0)
(0.232308 -1.64721 0)
(0.230891 -1.70378 0)
(0.0073572 -1.20468 0)
(0.0192239 -1.24169 0)
(0.0299491 -1.23619 0)
(0.0416717 -1.23963 0)
(0.053097 -1.2449 0)
(0.0646527 -1.25161 0)
(0.0761459 -1.25981 0)
(0.0876094 -1.26955 0)
(0.0989877 -1.28086 0)
(0.110228 -1.29382 0)
(0.121257 -1.30851 0)
(0.131981 -1.32503 0)
(0.142297 -1.34351 0)
(0.152082 -1.36413 0)
(0.161166 -1.38711 0)
(0.169315 -1.4127 0)
(0.176192 -1.44119 0)
(0.181359 -1.47299 0)
(0.184478 -1.50856 0)
(0.185059 -1.54866 0)
(0.182474 -1.59374 0)
(0.177043 -1.64261 0)
(0.16793 -1.6953 0)
(0.00695018 -1.21803 0)
(0.017636 -1.25227 0)
(0.0269508 -1.24724 0)
(0.0373835 -1.25078 0)
(0.0474533 -1.25605 0)
(0.0576559 -1.26274 0)
(0.0677656 -1.27088 0)
(0.0778018 -1.28052 0)
(0.0876954 -1.29168 0)
(0.0973739 -1.30443 0)
(0.106743 -1.31882 0)
(0.115683 -1.33493 0)
(0.12406 -1.35285 0)
(0.131719 -1.37272 0)
(0.138459 -1.39471 0)
(0.144008 -1.41899 0)
(0.147955 -1.44581 0)
(0.149816 -1.47549 0)
(0.149144 -1.50837 0)
(0.145306 -1.54519 0)
(0.137538 -1.58649 0)
(0.125918 -1.6313 0)
(0.109225 -1.67904 0)
(0.00653338 -1.23009 0)
(0.0160009 -1.26123 0)
(0.0238846 -1.25668 0)
(0.0330481 -1.26032 0)
(0.0417994 -1.26558 0)
(0.0506876 -1.27224 0)
(0.059477 -1.2803 0)
(0.0681699 -1.2898 0)
(0.0766932 -1.30076 0)
(0.0849601 -1.31323 0)
(0.0928571 -1.32722 0)
(0.100244 -1.3428 0)
(0.106958 -1.36003 0)
(0.112814 -1.37898 0)
(0.117578 -1.39977 0)
(0.120938 -1.42252 0)
(0.12244 -1.44738 0)
(0.121564 -1.47456 0)
(0.117717 -1.50433 0)
(0.110144 -1.53724 0)
(0.0979398 -1.57391 0)
(0.0807248 -1.61364 0)
(0.0571765 -1.65525 0)
(0.00608905 -1.24035 0)
(0.0142825 -1.26801 0)
(0.0207135 -1.26402 0)
(0.0286302 -1.26777 0)
(0.0360991 -1.27301 0)
(0.0437057 -1.27961 0)
(0.0512284 -1.28757 0)
(0.0586543 -1.29689 0)
(0.0659157 -1.3076 0)
(0.0729203 -1.31971 0)
(0.0795465 -1.33322 0)
(0.085642 -1.34815 0)
(0.0910258 -1.36453 0)
(0.0954902 -1.38238 0)
(0.0987705 -1.40174 0)
(0.100521 -1.42268 0)
(0.100267 -1.44526 0)
(0.0974134 -1.46956 0)
(0.0912737 -1.49575 0)
(0.0810056 -1.52414 0)
(0.0655149 -1.55529 0)
(0.0438984 -1.58884 0)
(0.014558 -1.62318 0)
(0.00560712 -1.2496 0)
(0.0124576 -1.27337 0)
(0.0173926 -1.27012 0)
(0.0240584 -1.27398 0)
(0.0302609 -1.27921 0)
(0.0365938 -1.28576 0)
(0.042874 -1.2936 0)
(0.0490774 -1.30276 0)
(0.0551465 -1.31321 0)
(0.060998 -1.32494 0)
(0.0665178 -1.33794 0)
(0.0715567 -1.35218 0)
(0.0759366 -1.36764 0)
(0.0794433 -1.3843 0)
(0.0818027 -1.40211 0)
(0.0826585 -1.42106 0)
(0.0815172 -1.44111 0)
(0.0777507 -1.46221 0)
(0.0706093 -1.48432 0)
(0.0591673 -1.50753 0)
(0.0421635 -1.53212 0)
(0.0181794 -1.55798 0)
(-0.014887 -1.58349 0)
(0.00501268 -1.25996 0)
(0.0104419 -1.27933 0)
(0.0138524 -1.27715 0)
(0.0191959 -1.28115 0)
(0.0241068 -1.28643 0)
(0.0291254 -1.293 0)
(0.0341267 -1.30083 0)
(0.039083 -1.30991 0)
(0.0439513 -1.32023 0)
(0.0486683 -1.33175 0)
(0.053138 -1.34442 0)
(0.0572326 -1.35819 0)
(0.0608003 -1.37299 0)
(0.0636483 -1.38874 0)
(0.0655333 -1.40534 0)
(0.0661366 -1.42265 0)
(0.0650021 -1.44049 0)
(0.0615349 -1.45867 0)
(0.0549993 -1.47693 0)
(0.0444563 -1.49498 0)
(0.028575 -1.51269 0)
(0.00553364 -1.52976 0)
(-0.0273279 -1.54479 0)
(0.00413652 -1.27129 0)
(0.00806875 -1.28575 0)
(0.0100441 -1.28509 0)
(0.0139107 -1.28926 0)
(0.0174456 -1.29466 0)
(0.0210567 -1.30134 0)
(0.0246764 -1.30928 0)
(0.0282817 -1.31846 0)
(0.0318432 -1.32886 0)
(0.0353157 -1.34042 0)
(0.0386281 -1.3531 0)
(0.0416859 -1.36681 0)
(0.0443792 -1.38146 0)
(0.0465694 -1.39692 0)
(0.0480822 -1.41301 0)
(0.0486868 -1.42953 0)
(0.0480429 -1.44617 0)
(0.0456917 -1.46259 0)
(0.041044 -1.47832 0)
(0.0333082 -1.49277 0)
(0.0212985 -1.50524 0)
(0.00328879 -1.51491 0)
(-0.0233913 -1.52022 0)
(0.00284283 -1.278 0)
(0.00520545 -1.28753 0)
(0.00598991 -1.28863 0)
(0.0082419 -1.29291 0)
(0.0103179 -1.2984 0)
(0.0124353 -1.30515 0)
(0.0145633 -1.31314 0)
(0.0166854 -1.32237 0)
(0.0187829 -1.3328 0)
(0.0208273 -1.34438 0)
(0.0227778 -1.35704 0)
(0.0245808 -1.37069 0)
(0.0261727 -1.38519 0)
(0.0274804 -1.4004 0)
(0.0284034 -1.4161 0)
(0.0288102 -1.43203 0)
(0.0285122 -1.44784 0)
(0.0272441 -1.46309 0)
(0.024657 -1.47717 0)
(0.0202637 -1.48931 0)
(0.0133333 -1.49844 0)
(0.00275701 -1.50319 0)
(-0.0131402 -1.50164 0)
(0.00110064 -1.27465 0)
(0.00183888 -1.28071 0)
(0.00185364 -1.28306 0)
(0.00252476 -1.28724 0)
(0.00314666 -1.29259 0)
(0.00378275 -1.29914 0)
(0.00442404 -1.30689 0)
(0.00506452 -1.3158 0)
(0.00569576 -1.32583 0)
(0.00630483 -1.3369 0)
(0.0068742 -1.34893 0)
(0.00738344 -1.3618 0)
(0.00781015 -1.37539 0)
(0.00813164 -1.38953 0)
(0.00831523 -1.40399 0)
(0.00831878 -1.41846 0)
(0.00808531 -1.43254 0)
(0.00753397 -1.44571 0)
(0.00655889 -1.45729 0)
(0.00501068 -1.46634 0)
(0.00266512 -1.47162 0)
(-0.000809903 -1.4715 0)
(-0.00589833 -1.46383 0)
(0.793535 0.774185 0)
(0.521721 0.529905 0)
(0.104714 0.180763 0)
(-0.00371661 -0.139415 0)
(1.17936 0.752256 0)
(1.201 0.759664 0)
(1.10435 0.66917 0)
(1.01771 0.566053 0)
(1.20418 0.519082 0)
(1.2944 0.56297 0)
(1.36405 0.588678 0)
(1.40517 0.598438 0)
(1.19068 0.391368 0)
(1.2438 0.40651 0)
(1.30473 0.41934 0)
(1.37039 0.435506 0)
(1.19019 0.339186 0)
(1.21465 0.341816 0)
(1.24795 0.341582 0)
(1.28698 0.341783 0)
(1.22395 0.327818 0)
(1.21125 0.301788 0)
(1.21163 0.282827 0)
(1.22382 0.271393 0)
(1.41288 0.428083 0)
(1.36923 0.368062 0)
(1.35783 0.313595 0)
(1.34143 0.266803 0)
(1.53999 0.431855 0)
(1.59484 0.379495 0)
(1.65334 0.30933 0)
(1.70605 0.251552 0)
(1.58102 0.239988 0)
(1.66531 0.163495 0)
(1.74361 0.102102 0)
(1.81581 0.053572 0)
(1.48951 0.0325847 0)
(1.54478 -0.00131628 0)
(1.59189 -0.0313829 0)
(1.6381 -0.0530755 0)
(1.25858 -0.00616145 0)
(1.28707 -0.0273121 0)
(1.30186 -0.0647066 0)
(1.31568 -0.0974133 0)
(1.01288 -0.0999875 0)
(1.07062 -0.11158 0)
(1.12661 -0.126504 0)
(1.1779 -0.146193 0)
(1.01004 -0.256159 0)
(1.07319 -0.26231 0)
(1.13299 -0.271759 0)
(1.19097 -0.282632 0)
(1.02848 -0.380529 0)
(1.08547 -0.380499 0)
(1.14069 -0.383549 0)
(1.19525 -0.387473 0)
(1.03049 -0.499756 0)
(1.08578 -0.499029 0)
(1.14062 -0.501359 0)
(1.19571 -0.502946 0)
(1.03647 -0.61686 0)
(1.09033 -0.615548 0)
(1.14454 -0.617635 0)
(1.19926 -0.617662 0)
(1.03965 -0.728484 0)
(1.09208 -0.728846 0)
(1.14567 -0.732596 0)
(1.19977 -0.7333 0)
(1.03847 -0.837809 0)
(1.08975 -0.840831 0)
(1.14269 -0.846806 0)
(1.19612 -0.849939 0)
(1.03143 -0.944062 0)
(1.08142 -0.950394 0)
(1.13344 -0.959221 0)
(1.18621 -0.966154 0)
(1.01736 -1.04767 0)
(1.06589 -1.05777 0)
(1.11726 -1.07025 0)
(1.16908 -1.08233 0)
(0.994962 -1.14825 0)
(1.04174 -1.16266 0)
(1.09245 -1.17986 0)
(1.14268 -1.19899 0)
(0.963358 -1.24472 0)
(1.00807 -1.2638 0)
(1.0571 -1.28656 0)
(1.10555 -1.31335 0)
(0.922661 -1.33618 0)
(0.965037 -1.36013 0)
(1.01134 -1.38904 0)
(1.0584 -1.42253 0)
(0.872838 -1.42174 0)
(0.912223 -1.45089 0)
(0.955138 -1.4863 0)
(1.00005 -1.5257 0)
(0.813836 -1.49949 0)
(0.84905 -1.53373 0)
(0.887409 -1.575 0)
(0.927331 -1.61949 0)
(0.747206 -1.56724 0)
(0.777303 -1.6055 0)
(0.809757 -1.65063 0)
(0.842206 -1.69825 0)
(0.675733 -1.62414 0)
(0.70063 -1.66504 0)
(0.72686 -1.71196 0)
(0.752252 -1.76039 0)
(0.601507 -1.67063 0)
(0.621475 -1.71324 0)
(0.642011 -1.76093 0)
(0.662156 -1.80917 0)
(0.525468 -1.70711 0)
(0.540526 -1.75086 0)
(0.555643 -1.79892 0)
(0.571049 -1.84696 0)
(0.4485 -1.73352 0)
(0.45859 -1.77772 0)
(0.468197 -1.82553 0)
(0.478288 -1.87306 0)
(0.372 -1.74986 0)
(0.377266 -1.79367 0)
(0.381516 -1.84049 0)
(0.386381 -1.8867 0)
(0.297385 -1.75655 0)
(0.298099 -1.79935 0)
(0.29747 -1.84472 0)
(0.297861 -1.88924 0)
(0.225336 -1.75411 0)
(0.221658 -1.79545 0)
(0.216484 -1.83934 0)
(0.212753 -1.88253 0)
(0.156281 -1.7425 0)
(0.148108 -1.7817 0)
(0.138135 -1.82392 0)
(0.129858 -1.86599 0)
(0.0914852 -1.72148 0)
(0.078515 -1.75736 0)
(0.0630826 -1.79693 0)
(0.0492716 -1.8369 0)
(0.0336639 -1.69133 0)
(0.0157528 -1.72228 0)
(-0.00504341 -1.75739 0)
(-0.0249917 -1.79335 0)
(-0.0138019 -1.65181 0)
(-0.035764 -1.67635 0)
(-0.061261 -1.70508 0)
(-0.0871056 -1.73503 0)
(-0.0464616 -1.6035 0)
(-0.0709045 -1.62035 0)
(-0.0994829 -1.64075 0)
(-0.12985 -1.66256 0)
(-0.0591201 -1.55468 0)
(-0.0837901 -1.56259 0)
(-0.112843 -1.57263 0)
(-0.145009 -1.58389 0)
(-0.0501598 -1.5202 0)
(-0.0716016 -1.5193 0)
(-0.0970891 -1.5183 0)
(-0.126396 -1.5173 0)
(-0.0295502 -1.49443 0)
(-0.0433792 -1.48724 0)
(-0.0600854 -1.47772 0)
(-0.0801286 -1.46603 0)
(-0.0110104 -1.45079 0)
(-0.0153461 -1.43928 0)
(-0.0205965 -1.42427 0)
(-0.0271267 -1.40527 0)
(0.00350378 -0.37728 0)
(-1.19988 -0.0962776 0)
(-0.00388688 -0.544636 0)
(-0.311819 0.0240462 0)
(0.0429659 -0.00605512 0)
(0.0574792 -0.0813151 0)
(0.178731 -0.080654 0)
(0.241907 -0.108436 0)
(0.289814 -0.0946208 0)
(0.32231 -0.0647747 0)
(0.34297 -0.0309082 0)
(0.352259 0.00750783 0)
(0.348651 0.049947 0)
(0.330834 0.0944958 0)
(0.297913 0.138633 0)
(0.250066 0.179241 0)
(0.188977 0.213046 0)
(0.117586 0.237348 0)
(0.039681 0.24851 0)
(0.802522 0.328841 0)
(0.102086 0.0380339 0)
(0.266379 -0.276565 0)
(-0.605637 -0.200557 0)
(-0.0454008 -0.28618 0)
(-0.20469 -0.268024 0)
(0.0508586 -0.19462 0)
(0.195347 -0.169769 0)
(0.312673 -0.127888 0)
(0.357033 -0.08991 0)
(0.37926 -0.0469142 0)
(0.392921 0.00314147 0)
(0.392901 0.0586826 0)
(0.376128 0.117743 0)
(0.341305 0.176846 0)
(0.288215 0.231563 0)
(0.218684 0.277279 0)
(0.136403 0.310165 0)
(0.0461304 0.325422 0)
(1.37807 0.550319 0)
(1.21888 0.438172 0)
(0.977458 0.256625 0)
(0.476763 0.0148889 0)
(0.350812 -0.229875 0)
(0.0561518 -0.300098 0)
(0.0176271 -0.511897 0)
(0.0415148 -0.429673 0)
(0.273073 -0.212147 0)
(0.388939 -0.121727 0)
(0.427662 -0.0668651 0)
(0.445978 -0.00561388 0)
(0.450195 0.0648219 0)
(0.435574 0.141099 0)
(0.398803 0.21871 0)
(0.338996 0.291196 0)
(0.258312 0.351808 0)
(0.161482 0.395328 0)
(0.0547308 0.415718 0)
(1.46156 0.455405 0)
(1.55454 0.458381 0)
(1.52375 0.42773 0)
(1.39346 0.364504 0)
(1.1593 0.238934 0)
(0.80756 0.0124129 0)
(0.629965 -0.204157 0)
(0.155544 -0.551133 0)
(0.143969 -0.460948 0)
(0.337688 -0.242903 0)
(0.470109 -0.104795 0)
(0.513444 -0.0175166 0)
(0.523958 0.0673486 0)
(0.512359 0.163777 0)
(0.474054 0.264907 0)
(0.405927 0.360308 0)
(0.310552 0.440066 0)
(0.19449 0.497018 0)
(0.0660585 0.523926 0)
(1.36504 0.345205 0)
(1.49517 0.352054 0)
(1.60899 0.363975 0)
(1.6884 0.377354 0)
(1.67267 0.367826 0)
(1.55781 0.319416 0)
(1.3243 0.185097 0)
(1.03174 -0.0456556 0)
(0.573343 -0.320953 0)
(0.235972 -0.410016 0)
(0.455604 -0.223466 0)
(0.579846 -0.054572 0)
(0.615053 0.0675349 0)
(0.611955 0.185367 0)
(0.572422 0.315569 0)
(0.493477 0.441513 0)
(0.378709 0.546234 0)
(0.23734 0.620131 0)
(0.0807312 0.655171 0)
(1.25984 0.261743 0)
(1.34393 0.258379 0)
(1.46898 0.271684 0)
(1.61137 0.300417 0)
(1.7409 0.331376 0)
(1.81565 0.353145 0)
(1.77636 0.352836 0)
(1.59412 0.281326 0)
(1.32532 0.105912 0)
(0.920311 -0.178644 0)
(0.398925 -0.28466 0)
(0.594299 -0.162805 0)
(0.710757 0.0303952 0)
(0.735009 0.206228 0)
(0.70172 0.37398 0)
(0.608795 0.538713 0)
(0.467079 0.676088 0)
(0.292231 0.771114 0)
(0.0994268 0.815946 0)
(1.30611 0.229611 0)
(1.30165 0.16886 0)
(1.36394 0.142011 0)
(1.43032 0.146519 0)
(1.56123 0.199226 0)
(1.74656 0.290709 0)
(1.87701 0.368832 0)
(1.88363 0.407952 0)
(1.74716 0.367183 0)
(1.50634 0.225072 0)
(1.18025 -0.0208177 0)
(0.665439 -0.168591 0)
(0.772337 -0.0651008 0)
(0.86841 0.181294 0)
(0.862692 0.436708 0)
(0.760108 0.660346 0)
(0.581578 0.838437 0)
(0.361457 0.958236 0)
(0.12273 1.01404 0)
(1.86139 0.225534 0)
(1.93201 0.17458 0)
(1.91997 0.119532 0)
(1.80122 0.11119 0)
(1.59982 0.0455253 0)
(1.58472 0.0801367 0)
(1.78835 0.252323 0)
(1.94567 0.402906 0)
(1.95435 0.464397 0)
(1.83689 0.429643 0)
(1.62829 0.301299 0)
(1.32999 0.102917 0)
(1.02789 0.0033959 0)
(1.00009 0.135514 0)
(1.0353 0.474524 0)
(0.947761 0.807557 0)
(0.727064 1.04588 0)
(0.446672 1.19214 0)
(0.150756 1.25808 0)
(1.91607 0.0371731 0)
(2.06234 0.0883662 0)
(2.1888 0.177751 0)
(2.22599 0.321193 0)
(2.09911 0.314253 0)
(1.81208 0.10478 0)
(1.6513 0.0376098 0)
(1.88704 0.272646 0)
(2.01813 0.466619 0)
(1.99157 0.518884 0)
(1.87222 0.466412 0)
(1.69832 0.348502 0)
(1.41087 0.200497 0)
(1.23636 0.194325 0)
(1.2085 0.480246 0)
(1.1489 0.953073 0)
(0.89975 1.30466 0)
(0.546337 1.48454 0)
(0.182444 1.5565 0)
(1.70929 -0.0857299 0)
(1.83058 -0.0460791 0)
(1.97773 0.0875709 0)
(2.12868 0.281931 0)
(2.21339 0.430698 0)
(2.13595 0.399443 0)
(1.85511 0.157967 0)
(1.76342 0.0437408 0)
(2.00178 0.384943 0)
(2.05109 0.553373 0)
(1.98172 0.565276 0)
(1.86381 0.488738 0)
(1.70958 0.383294 0)
(1.4967 0.329216 0)
(1.39202 0.531556 0)
(1.32839 1.0839 0)
(1.07494 1.60601 0)
(0.650934 1.84286 0)
(0.2146 1.9148 0)
(1.3347 -0.127149 0)
(1.39133 -0.126998 0)
(1.51362 -0.0643601 0)
(1.72677 0.0895677 0)
(1.9913 0.311672 0)
(2.17304 0.470013 0)
(2.11069 0.401159 0)
(1.83468 0.10164 0)
(1.93833 0.179703 0)
(2.05865 0.541791 0)
(2.02626 0.630416 0)
(1.93301 0.590484 0)
(1.82426 0.509797 0)
(1.65947 0.459202 0)
(1.53503 0.617145 0)
(1.45521 1.19997 0)
(1.20962 1.92057 0)
(0.737593 2.2593 0)
(0.240807 2.33018 0)
(1.24617 -0.180891 0)
(1.33626 -0.210205 0)
(1.43548 -0.209081 0)
(1.57718 -0.144692 0)
(1.80016 0.0364881 0)
(2.06914 0.299452 0)
(2.20663 0.452541 0)
(2.06178 0.311188 0)
(1.93708 0.0798899 0)
(2.05162 0.504223 0)
(2.03587 0.680192 0)
(1.958 0.674089 0)
(1.87199 0.607072 0)
(1.75227 0.568005 0)
(1.62242 0.732027 0)
(1.52683 1.35159 0)
(1.27638 2.24942 0)
(0.780493 2.71297 0)
(0.253447 2.78641 0)
(1.27415 -0.295078 0)
(1.38975 -0.309349 0)
(1.51929 -0.31025 0)
(1.66618 -0.271802 0)
(1.82842 -0.151152 0)
(2.03196 0.0993364 0)
(2.22421 0.381569 0)
(2.22096 0.428897 0)
(2.02489 0.195924 0)
(2.06192 0.450949 0)
(2.01976 0.723634 0)
(1.94696 0.748665 0)
(1.86846 0.68709 0)
(1.7773 0.652266 0)
(1.66069 0.835023 0)
(1.55057 1.50629 0)
(1.27079 2.58336 0)
(0.762054 3.17521 0)
(0.247139 3.25407 0)
(1.27757 -0.393282 0)
(1.40093 -0.422413 0)
(1.54686 -0.448166 0)
(1.71153 -0.421026 0)
(1.87115 -0.307857 0)
(2.03524 -0.0716597 0)
(2.2174 0.260523 0)
(2.28759 0.463069 0)
(2.12373 0.36126 0)
(2.08966 0.439972 0)
(1.98691 0.792066 0)
(1.91064 0.82463 0)
(1.83574 0.762245 0)
(1.75973 0.72825 0)
(1.64964 0.941369 0)
(1.52025 1.70997 0)
(1.17996 2.95861 0)
(0.67898 3.62374 0)
(0.221956 3.69639 0)
(1.2822 -0.506739 0)
(1.41628 -0.551873 0)
(1.57467 -0.596176 0)
(1.74136 -0.566646 0)
(1.88514 -0.440566 0)
(2.01553 -0.21144 0)
(2.17462 0.13286 0)
(2.29397 0.442242 0)
(2.22476 0.499765 0)
(2.10553 0.496598 0)
(1.93571 0.8828 0)
(1.85255 0.902361 0)
(1.78508 0.83001 0)
(1.71741 0.791827 0)
(1.6093 1.04859 0)
(1.43874 1.95868 0)
(1.01341 3.35203 0)
(0.554264 4.0287 0)
(0.185311 4.08045 0)
(1.28821 -0.622899 0)
(1.42802 -0.688284 0)
(1.59284 -0.74704 0)
(1.75636 -0.70426 0)
(1.88121 -0.558438 0)
(1.98209 -0.332328 0)
(2.11494 0.00169531 0)
(2.26176 0.370021 0)
(2.26413 0.584688 0)
(2.07127 0.746463 0)
(1.86434 0.991969 0)
(1.77878 0.977339 0)
(1.7206 0.891887 0)
(1.66068 0.853339 0)
(1.54436 1.19027 0)
(1.29387 2.29815 0)
(0.792684 3.7499 0)
(0.419816 4.36462 0)
(0.14481 4.38682 0)
(1.2918 -0.742341 0)
(1.4337 -0.828146 0)
(1.59726 -0.894169 0)
(1.75561 -0.820654 0)
(1.86686 -0.642501 0)
(1.95084 -0.426028 0)
(2.06112 -0.12162 0)
(2.1884 0.282804 0)
(2.17203 0.66292 0)
(1.95629 0.95283 0)
(1.77097 1.10429 0)
(1.69506 1.04408 0)
(1.64472 0.947004 0)
(1.58926 0.917647 0)
(1.44454 1.39019 0)
(1.07684 2.68772 0)
(0.561655 4.10602 0)
(0.295218 4.61912 0)
(0.104376 4.61128 0)
(1.29088 -0.865229 0)
(1.43565 -0.968575 0)
(1.59686 -1.04218 0)
(1.74999 -0.938108 0)
(1.85752 -0.72314 0)
(1.94547 -0.503151 0)
(2.03836 -0.192245 0)
(2.0903 0.27557 0)
(1.99425 0.779497 0)
(1.79913 1.15466 0)
(1.66976 1.19585 0)
(1.60372 1.10264 0)
(1.55852 0.996362 0)
(1.49275 1.00021 0)
(1.27065 1.68335 0)
(0.80003 3.09842 0)
(0.34289 4.40969 0)
(0.182613 4.79114 0)
(0.0655569 4.75988 0)
(1.282 -0.991178 0)
(1.43044 -1.1094 0)
(1.59151 -1.18866 0)
(1.74227 -1.05614 0)
(1.84628 -0.824938 0)
(1.95362 -0.612462 0)
(2.0586 -0.249885 0)
(2.02858 0.335285 0)
(1.81292 0.931549 0)
(1.66068 1.27824 0)
(1.56654 1.26917 0)
(1.50691 1.15604 0)
(1.46099 1.04364 0)
(1.34868 1.16901 0)
(1.02533 2.05561 0)
(0.501612 3.50651 0)
(0.149614 4.63691 0)
(0.082524 4.88523 0)
(0.0305337 4.84174 0)
(1.26659 -1.1193 0)
(1.4148 -1.2501 0)
(1.57008 -1.33055 0)
(1.72097 -1.15176 0)
(1.82886 -0.908852 0)
(1.9464 -0.730722 0)
(2.06931 -0.277648 0)
(1.97406 0.485704 0)
(1.68261 1.09243 0)
(1.54766 1.37115 0)
(1.4652 1.32703 0)
(1.40906 1.20369 0)
(1.35642 1.10014 0)
(1.1794 1.43592 0)
(0.745662 2.48413 0)
(0.226052 3.8767 0)
(-0.00650039 4.77373 0)
(-0.00024952 4.91221 0)
(0.00126686 4.86694 0)
(1.24289 -1.24901 0)
(1.38598 -1.38925 0)
(1.53896 -1.47796 0)
(1.69105 -1.26886 0)
(1.82248 -0.992079 0)
(1.95396 -0.856863 0)
(2.05089 -0.262899 0)
(1.92712 0.690792 0)
(1.58805 1.36861 0)
(1.44798 1.48476 0)
(1.38087 1.38595 0)
(1.32954 1.25701 0)
(1.25169 1.17965 0)
(0.98565 1.77374 0)
(0.464088 2.93214 0)
(-0.000311875 4.18176 0)
(-0.116586 4.82213 0)
(-0.0619807 4.89075 0)
(-0.0215401 4.84518 0)
(1.2041 -1.3759 0)
(1.34021 -1.52626 0)
(1.50094 -1.6324 0)
(1.64505 -1.42 0)
(1.81216 -1.11074 0)
(1.98007 -1.00086 0)
(1.95676 -0.200939 0)
(1.64453 0.935209 0)
(1.44063 1.54512 0)
(1.37359 1.56057 0)
(1.31711 1.44324 0)
(1.27612 1.31816 0)
(1.15474 1.34243 0)
(0.763007 2.1817 0)
(0.194808 3.38131 0)
(-0.165677 4.39928 0)
(-0.183079 4.80285 0)
(-0.103688 4.84115 0)
(-0.0378178 4.78742 0)
(1.14865 -1.49652 0)
(1.2823 -1.65908 0)
(1.43327 -1.77902 0)
(1.5573 -1.52622 0)
(1.77764 -1.22605 0)
(1.99702 -1.13108 0)
(1.69286 -0.0695582 0)
(1.39024 1.22479 0)
(1.3302 1.59135 0)
(1.29853 1.59928 0)
(1.26543 1.49032 0)
(1.22628 1.38929 0)
(1.01977 1.62907 0)
(0.49033 2.63852 0)
(-0.049422 3.78562 0)
(-0.270198 4.5177 0)
(-0.219191 4.74239 0)
(-0.129238 4.77531 0)
(-0.0479384 4.70817 0)
(1.07914 -1.61207 0)
(1.21697 -1.78413 0)
(1.32801 -1.91857 0)
(1.46273 -1.62354 0)
(1.73166 -1.32637 0)
(1.86337 -1.15234 0)
(1.37913 0.464709 0)
(1.24633 1.31137 0)
(1.20758 1.60441 0)
(1.20902 1.61258 0)
(1.205 1.51904 0)
(1.0963 1.55217 0)
(0.756783 2.04638 0)
(0.162813 3.12237 0)
(-0.249533 4.08576 0)
(-0.328656 4.54568 0)
(-0.237246 4.65972 0)
(-0.142646 4.70034 0)
(-0.0528511 4.61798 0)
(0.995521 -1.71781 0)
(1.1289 -1.89739 0)
(1.1979 -2.05879 0)
(1.38345 -1.82356 0)
(1.68966 -1.45716 0)
(1.50958 -1.1451 0)
(1.21802 0.724752 0)
(1.10536 1.38825 0)
(1.0578 1.59637 0)
(1.0857 1.58722 0)
(1.09168 1.55848 0)
(0.862859 1.82602 0)
(0.393775 2.52301 0)
(-0.142743 3.53748 0)
(-0.379639 4.24493 0)
(-0.352572 4.5053 0)
(-0.243001 4.56626 0)
(-0.146429 4.61966 0)
(-0.0534992 4.52445 0)
(0.899814 -1.80257 0)
(1.00485 -1.98821 0)
(1.03661 -2.17577 0)
(1.25589 -2.01727 0)
(1.591 -1.6383 0)
(1.35743 -1.07086 0)
(1.09805 0.872537 0)
(0.963266 1.47446 0)
(0.874077 1.56154 0)
(0.871227 1.55242 0)
(0.827826 1.72914 0)
(0.535496 2.15792 0)
(0.0202677 2.96346 0)
(-0.360581 3.8171 0)
(-0.435537 4.27634 0)
(-0.349337 4.42429 0)
(-0.237296 4.46974 0)
(-0.141642 4.53587 0)
(-0.0504329 4.43337 0)
(0.799876 -1.86379 0)
(0.865199 -2.04915 0)
(0.869126 -2.2425 0)
(1.0382 -2.05564 0)
(0.912551 -1.58772 0)
(0.897084 -0.416922 0)
(0.967687 1.1586 0)
(0.83236 1.55362 0)
(0.535861 1.50765 0)
(0.527794 1.60689 0)
(0.47696 1.95921 0)
(0.114694 2.56099 0)
(-0.289205 3.32698 0)
(-0.468253 3.94079 0)
(-0.43024 4.22667 0)
(-0.323984 4.32811 0)
(-0.219894 4.37689 0)
(-0.129068 4.45227 0)
(-0.0441127 4.34999 0)
(0.700508 -1.90938 0)
(0.737492 -2.09102 0)
(0.75335 -2.26924 0)
(0.806319 -2.07074 0)
(0.710903 -1.34684 0)
(0.517058 -1.26254 0)
(0.848769 1.22955 0)
(0.766154 1.8574 0)
(0.321239 1.6065 0)
(0.186661 1.68959 0)
(0.114935 2.2107 0)
(-0.207872 2.87222 0)
(-0.428529 3.51353 0)
(-0.463274 3.94374 0)
(-0.378356 4.14298 0)
(-0.279511 4.23557 0)
(-0.191189 4.2938 0)
(-0.110055 4.37323 0)
(-0.0354769 4.27865 0)
(0.599093 -1.94506 0)
(0.622164 -2.12384 0)
(0.653346 -2.29231 0)
(0.642216 -2.17173 0)
(0.916846 -1.37784 0)
(0.771033 -1.02066 0)
(0.792157 1.15082 0)
(0.774535 2.0764 0)
(0.469736 1.97559 0)
(-0.0605512 1.78743 0)
(-0.11501 2.40712 0)
(-0.329091 3.0405 0)
(-0.401563 3.56703 0)
(-0.373812 3.89294 0)
(-0.293539 4.06113 0)
(-0.219056 4.15923 0)
(-0.152967 4.22581 0)
(-0.0866102 4.3037 0)
(-0.0258194 4.22209 0)
(0.494638 -1.96888 0)
(0.506078 -2.14285 0)
(0.520444 -2.31479 0)
(0.484047 -2.25279 0)
(0.717166 -1.56393 0)
(0.669125 -0.908665 0)
(0.753946 1.10531 0)
(0.806671 2.16011 0)
(0.629756 2.34913 0)
(0.101105 2.11319 0)
(-0.169908 2.52435 0)
(-0.252432 3.10735 0)
(-0.262772 3.56009 0)
(-0.232995 3.84356 0)
(-0.188099 4.00396 0)
(-0.147491 4.10732 0)
(-0.108452 4.17722 0)
(-0.0613307 4.24834 0)
(-0.0165396 4.18147 0)
(0.39165 -1.97821 0)
(0.389791 -2.14167 0)
(0.374936 -2.31589 0)
(0.309003 -2.28011 0)
(0.480195 -1.60681 0)
(0.118411 -0.729497 0)
(0.634976 1.01706 0)
(0.821894 2.16486 0)
(0.778065 2.61056 0)
(0.461626 2.52198 0)
(-0.00224742 2.64918 0)
(-0.029278 3.1581 0)
(-0.0598339 3.55303 0)
(-0.0673863 3.82491 0)
(-0.0734525 3.98431 0)
(-0.0721475 4.08504 0)
(-0.0621212 4.15069 0)
(-0.0377329 4.21136 0)
(-0.00977763 4.15543 0)
(0.294964 -1.97515 0)
(0.283009 -2.12481 0)
(0.247087 -2.29694 0)
(0.179156 -2.27848 0)
(0.305605 -1.58976 0)
(-0.063445 -0.637161 0)
(0.434381 0.338929 0)
(0.8056 2.01411 0)
(0.85003 2.70323 0)
(0.682738 2.81437 0)
(0.361347 2.85414 0)
(0.277444 3.21701 0)
(0.199688 3.60237 0)
(0.106549 3.85737 0)
(0.0373762 4.00792 0)
(-0.00308453 4.09437 0)
(-0.0196019 4.1462 0)
(-0.0201522 4.19645 0)
(-0.00862857 4.13916 0)
(0.203846 -1.96335 0)
(0.185562 -2.10323 0)
(0.146897 -2.27685 0)
(0.106252 -2.3001 0)
(0.240173 -1.71639 0)
(0.494401 -0.600527 0)
(0.546507 -0.219467 0)
(0.788279 1.90168 0)
(0.869064 2.73433 0)
(0.814629 2.95802 0)
(0.663001 3.0024 0)
(0.585972 3.28785 0)
(0.482772 3.73539 0)
(0.263179 3.96923 0)
(0.125377 4.08047 0)
(0.0470779 4.13448 0)
(0.0119249 4.16106 0)
(-0.0126909 4.20502 0)
(-0.0154371 4.12488 0)
(0.113232 -1.94269 0)
(0.0860821 -2.07809 0)
(0.0476202 -2.26041 0)
(0.0220728 -2.35263 0)
(0.143725 -1.95016 0)
(0.617673 -0.889407 0)
(0.630052 0.115931 0)
(0.685659 1.83002 0)
(0.843578 2.7096 0)
(0.84266 2.98414 0)
(0.817332 3.05371 0)
(0.779791 3.33133 0)
(0.668718 3.92722 0)
(0.332452 4.16597 0)
(0.160216 4.19725 0)
(0.0618665 4.19732 0)
(0.0234535 4.18975 0)
(-0.0184894 4.23354 0)
(-0.0301164 4.10341 0)
(0.0222155 -1.90843 0)
(-0.0221082 -2.03857 0)
(-0.0766539 -2.22733 0)
(-0.134478 -2.39386 0)
(-0.076744 -2.18848 0)
(0.458679 -1.20623 0)
(0.465405 -0.300232 0)
(0.518519 1.63715 0)
(0.767828 2.65389 0)
(0.806997 2.96451 0)
(0.817698 3.05825 0)
(0.818589 3.3153 0)
(0.581466 4.18152 0)
(0.249989 4.40018 0)
(0.114058 4.32384 0)
(0.0302342 4.26207 0)
(0.00788602 4.22085 0)
(-0.039012 4.27334 0)
(-0.0494222 4.06614 0)
(-0.0648911 -1.85593 0)
(-0.13319 -1.97308 0)
(-0.223622 -2.15189 0)
(-0.348502 -2.36363 0)
(-0.379999 -2.30823 0)
(-0.0362409 -1.48427 0)
(0.000594079 -0.0197722 0)
(0.308117 1.48539 0)
(0.616157 2.57134 0)
(0.700129 2.9208 0)
(0.684422 3.0678 0)
(0.6505 3.47136 0)
(0.168571 4.47654 0)
(0.0452839 4.5739 0)
(-0.0127875 4.40734 0)
(-0.0434541 4.30045 0)
(-0.0335318 4.23943 0)
(-0.0704316 4.31127 0)
(-0.0687082 4.0072 0)
(-0.139633 -1.78393 0)
(-0.233285 -1.87709 0)
(-0.363705 -2.02159 0)
(-0.556273 -2.22538 0)
(-0.739513 -2.28243 0)
(-0.708031 -1.73622 0)
(-0.665796 -0.428611 0)
(-0.150382 1.35513 0)
(0.345871 2.42823 0)
(0.462763 2.88194 0)
(0.39726 3.11459 0)
(0.126136 3.78922 0)
(-0.370906 4.68225 0)
(-0.210427 4.61393 0)
(-0.180638 4.41354 0)
(-0.13936 4.29266 0)
(-0.0915186 4.2349 0)
(-0.105075 4.33205 0)
(-0.0827171 3.92589 0)
(-0.192237 -1.69407 0)
(-0.306566 -1.75468 0)
(-0.468464 -1.84537 0)
(-0.710281 -1.98415 0)
(-1.0446 -2.07064 0)
(-1.33497 -1.73514 0)
(-1.41198 -0.57526 0)
(-0.940374 1.00276 0)
(-0.438936 2.13784 0)
(-0.172889 2.88446 0)
(-0.406339 3.38373 0)
(-0.590959 4.09263 0)
(-0.848559 4.67543 0)
(-0.456753 4.50759 0)
(-0.346869 4.33727 0)
(-0.235483 4.23303 0)
(-0.152951 4.20185 0)
(-0.134721 4.32404 0)
(-0.0876357 3.82704 0)
(-0.211915 -1.59504 0)
(-0.336889 -1.61705 0)
(-0.51484 -1.64691 0)
(-0.774629 -1.69213 0)
(-1.17358 -1.72001 0)
(-1.68208 -1.53842 0)
(-2.02169 -0.779206 0)
(-1.90923 0.533552 0)
(-1.58082 1.88768 0)
(-1.21795 2.8872 0)
(-1.2915 3.53445 0)
(-1.31122 4.1644 0)
(-1.09238 4.43288 0)
(-0.654707 4.28913 0)
(-0.472203 4.1954 0)
(-0.31376 4.13172 0)
(-0.205014 4.14245 0)
(-0.152915 4.28477 0)
(-0.0822436 3.721 0)
(-0.188445 -1.50631 0)
(-0.307745 -1.48474 0)
(-0.482156 -1.45201 0)
(-0.732148 -1.40556 0)
(-1.09836 -1.3237 0)
(-1.60369 -1.11795 0)
(-2.10156 -0.600304 0)
(-2.32004 0.353735 0)
(-2.21101 1.57037 0)
(-1.93607 2.64907 0)
(-1.80234 3.38288 0)
(-1.54997 3.86905 0)
(-1.1229 4.0453 0)
(-0.750629 4.01846 0)
(-0.533364 4.01063 0)
(-0.359971 3.99929 0)
(-0.237472 4.0549 0)
(-0.156827 4.21057 0)
(-0.068733 3.61442 0)
(-0.123029 -1.43601 0)
(-0.209489 -1.37283 0)
(-0.346149 -1.27729 0)
(-0.557329 -1.14397 0)
(-0.873205 -0.958949 0)
(-1.29805 -0.671878 0)
(-1.77739 -0.187993 0)
(-2.12265 0.550133 0)
(-2.19288 1.49022 0)
(-2.03962 2.4202 0)
(-1.7813 3.10404 0)
(-1.43371 3.51402 0)
(-1.04547 3.71079 0)
(-0.756562 3.79337 0)
(-0.544021 3.84758 0)
(-0.378018 3.88268 0)
(-0.252083 3.97507 0)
(-0.149077 4.13621 0)
(-0.0502647 3.53099 0)
(-0.0408381 -1.36311 0)
(-0.0691731 -1.27249 0)
(-0.117375 -1.13229 0)
(-0.204972 -0.926131 0)
(-0.378215 -0.641502 0)
(-0.684022 -0.264434 0)
(-1.01441 0.231821 0)
(-1.32096 0.838234 0)
(-1.48511 1.5439 0)
(-1.47695 2.23409 0)
(-1.29623 2.77106 0)
(-1.06238 3.1322 0)
(-0.827268 3.36703 0)
(-0.636722 3.51986 0)
(-0.474774 3.62158 0)
(-0.342139 3.69942 0)
(-0.231762 3.81818 0)
(-0.125177 3.98056 0)
(-0.0299151 3.42061 0)
)
;

boundaryField
{
    leftWall
    {
        type            noSlip;
    }
    rightWall
    {
        type            noSlip;
    }
    lowerWall
    {
        type            noSlip;
    }
    atmosphere
    {
        type            pressureInletOutletVelocity;
        value           nonuniform List<vector> 
46
(
(0 -1.27465 0)
(0 -1.28071 0)
(0 -1.28306 0)
(0 -1.28724 0)
(0 -1.29259 0)
(0 -1.29914 0)
(0 -1.30689 0)
(0 -1.3158 0)
(0 -1.32583 0)
(0 -1.3369 0)
(0 -1.34893 0)
(0 -1.3618 0)
(0 -1.37539 0)
(0 -1.38953 0)
(0 -1.40399 0)
(0 -1.41846 0)
(0 -1.43254 0)
(0 -1.44571 0)
(0 -1.45729 0)
(0 -1.46634 0)
(0 -1.47162 0)
(0 -1.4715 0)
(0 -1.46383 0)
(0 -1.45079 0)
(0 -1.43928 0)
(0 -1.42427 0)
(0 -1.40527 0)
(0 -1.36311 0)
(0 -1.27249 0)
(0 -1.13229 0)
(0 -0.926131 0)
(0 -0.641502 0)
(0 -0.264434 0)
(-1.01441 0.231821 0)
(-1.32096 0.838234 0)
(-1.48511 1.5439 0)
(-1.47695 2.23409 0)
(-1.29623 2.77106 0)
(-1.06238 3.1322 0)
(-0.827268 3.36703 0)
(-0.636722 3.51986 0)
(-0.474774 3.62158 0)
(-0.342139 3.69942 0)
(-0.231762 3.81818 0)
(-0.125177 3.98056 0)
(-0.0299151 3.42061 0)
)
;
    }
    defaultFaces
    {
        type            empty;
    }
}


// ************************************************************************* //
