/*--------------------------------*- C++ -*----------------------------------*\
  =========                 |
  \\      /  F ield         | OpenFOAM: The Open Source CFD Toolbox
   \\    /   O peration     | Website:  https://openfoam.org
    \\  /    A nd           | Version:  13
     \\/     M anipulation  |
\*---------------------------------------------------------------------------*/
FoamFile
{
    format      ascii;
    class       surfaceScalarField;
    location    "0.15";
    object      phi;
}
// * * * * * * * * * * * * * * * * * * * * * * * * * * * * * * * * * * * * * //

dimensions      [0 3 -1 0 0 0 0];

internalField   nonuniform List<scalar> 
4432
(
4.29194e-06
-4.29194e-06
1.11024e-05
-6.81042e-06
1.78565e-05
-6.75414e-06
2.42627e-05
-6.40623e-06
3.06009e-05
-6.33817e-06
3.70857e-05
-6.48476e-06
4.38212e-05
-6.73548e-06
5.08463e-05
-7.02512e-06
5.81726e-05
-7.32632e-06
6.57934e-05
-7.6208e-06
7.36791e-05
-7.8857e-06
8.17663e-05
-8.08725e-06
8.99204e-05
-8.15406e-06
9.78811e-05
-7.96075e-06
0.00010523
-7.34891e-06
0.000111354
-6.12434e-06
0.000115223
-3.86903e-06
0.000114695
5.28492e-07
0.000105198
9.49696e-06
8.12802e-05
2.39178e-05
4.27056e-05
3.85746e-05
3.58408e-06
3.91216e-05
3.58408e-06
4.32682e-06
-8.61877e-06
1.11182e-05
-1.36018e-05
1.7874e-05
-1.351e-05
2.42923e-05
-1.28245e-05
3.0638e-05
-1.26839e-05
3.7131e-05
-1.29778e-05
4.38764e-05
-1.34809e-05
5.09127e-05
-1.40614e-05
5.82534e-05
-1.4667e-05
6.58938e-05
-1.52612e-05
7.38036e-05
-1.57955e-05
8.19248e-05
-1.62085e-05
9.01415e-05
-1.63707e-05
9.82219e-05
-1.60412e-05
0.000105774
-1.49012e-05
0.000112202
-1.25524e-05
0.000116683
-8.34963e-06
0.000118517
-1.30552e-06
0.00011724
1.0774e-05
0.000109441
3.17168e-05
8.63835e-05
6.16318e-05
4.31895e-05
8.23156e-05
4.67736e-05
4.35205e-06
-1.29708e-05
1.11011e-05
-2.03509e-05
1.78124e-05
-2.02212e-05
2.42011e-05
-1.92131e-05
3.05249e-05
-1.90077e-05
3.70017e-05
-1.94546e-05
4.37349e-05
-2.02141e-05
5.07625e-05
-2.1089e-05
5.81009e-05
-2.20054e-05
6.57492e-05
-2.29096e-05
7.36839e-05
-2.37302e-05
8.18601e-05
-2.43846e-05
9.01821e-05
-2.46927e-05
9.84492e-05
-2.43083e-05
0.00010632
-2.27719e-05
0.000113272
-1.95041e-05
0.000118527
-1.36047e-05
0.000120713
-3.49234e-06
0.000118263
1.32245e-05
0.000110155
3.98243e-05
9.37139e-05
7.80734e-05
5.75199e-05
0.00011851
0.000104293
4.384e-06
-1.73548e-05
1.10844e-05
-2.70513e-05
1.77307e-05
-2.68675e-05
2.40717e-05
-2.55541e-05
3.03647e-05
-2.53007e-05
3.68214e-05
-2.59114e-05
4.35408e-05
-2.69334e-05
5.05604e-05
-2.81086e-05
5.79011e-05
-2.9346e-05
6.55681e-05
-3.05766e-05
7.35499e-05
-3.1712e-05
8.18203e-05
-3.2655e-05
9.03059e-05
-3.31783e-05
9.88468e-05
-3.28493e-05
0.00010718
-3.1105e-05
0.000114878
-2.72018e-05
0.000121178
-1.99051e-05
0.00012481
-7.12439e-06
0.000123731
1.43039e-05
0.000115021
4.85342e-05
9.64387e-05
9.66555e-05
6.13254e-05
0.000153623
0.000165619
4.42325e-06
-2.17781e-05
1.10663e-05
-3.36943e-05
1.76287e-05
-3.343e-05
2.39063e-05
-3.18316e-05
3.01607e-05
-3.15551e-05
3.65944e-05
-3.23451e-05
4.3299e-05
-3.3638e-05
5.03117e-05
-3.51213e-05
5.76588e-05
-3.66931e-05
6.53536e-05
-3.82714e-05
7.34011e-05
-3.97594e-05
8.17966e-05
-4.10505e-05
9.04879e-05
-4.18697e-05
9.93677e-05
-4.1729e-05
0.000108285
-4.00219e-05
0.000116922
-3.58389e-05
0.000124567
-2.75504e-05
0.000130062
-1.26198e-05
0.000131539
1.28273e-05
0.000125366
5.47072e-05
0.000104732
0.000117289
6.68498e-05
0.000191505
0.000232469
4.47423e-06
-2.62523e-05
1.10469e-05
-4.0267e-05
1.75051e-05
-3.98882e-05
2.3705e-05
-3.80315e-05
2.99143e-05
-3.77643e-05
3.63211e-05
-3.87519e-05
4.30072e-05
-4.03242e-05
5.00094e-05
-4.21236e-05
5.736e-05
-4.40437e-05
6.50821e-05
-4.59935e-05
7.32005e-05
-4.78779e-05
8.17337e-05
-4.95837e-05
9.06492e-05
-5.07851e-05
9.99007e-05
-5.09805e-05
0.00010947
-4.95911e-05
0.000119165
-4.55342e-05
0.000128348
-3.67335e-05
0.000136131
-2.04022e-05
0.000141437
7.52078e-06
0.000140447
5.5697e-05
0.000119817
0.00013792
7.67027e-05
0.000234619
0.000309171
4.53824e-06
-3.07905e-05
1.10193e-05
-4.6748e-05
1.73514e-05
-4.62203e-05
2.34603e-05
-4.41404e-05
2.96155e-05
-4.39196e-05
3.59866e-05
-4.5123e-05
4.26439e-05
-4.69814e-05
4.96244e-05
-4.91041e-05
5.69673e-05
-5.13866e-05
6.47069e-05
-5.37331e-05
7.28899e-05
-5.60609e-05
8.1556e-05
-5.82497e-05
9.07005e-05
-5.99296e-05
0.000100351
-6.06309e-05
0.000110615
-5.98555e-05
0.000121436
-5.63547e-05
0.000132335
-4.76323e-05
0.000142917
-3.09847e-05
0.000153316
-2.87762e-06
0.000159416
4.95968e-05
0.000138275
0.000159061
8.84353e-05
0.000284459
0.000397607
4.6077e-06
-3.53982e-05
1.09669e-05
-5.31072e-05
1.71583e-05
-5.24118e-05
2.3165e-05
-5.01471e-05
2.9254e-05
-5.00085e-05
3.55756e-05
-5.14447e-05
4.2189e-05
-5.35948e-05
4.91328e-05
-5.60479e-05
5.64539e-05
-5.87077e-05
6.41989e-05
-6.14781e-05
7.24348e-05
-6.42968e-05
8.12191e-05
-6.7034e-05
9.05884e-05
-6.92989e-05
0.000100656
-7.06983e-05
0.000111617
-7.08168e-05
0.000123569
-6.83066e-05
0.000136406
-6.04689e-05
0.000150153
-4.47325e-05
0.000165802
-1.85265e-05
0.000176892
3.8507e-05
0.000146844
0.000189109
9.06665e-05
0.000340636
0.000488273
-1.22451e-05
1.22451e-05
-1.88657e-05
6.62061e-06
-2.16536e-05
2.78785e-06
-2.14232e-05
-2.30343e-07
-1.95007e-05
-1.9225e-06
-1.67751e-05
-2.72544e-06
-1.3875e-05
-2.90019e-06
-1.11116e-05
-2.76335e-06
-8.67383e-06
-2.43777e-06
-6.62207e-06
-2.05171e-06
-4.95326e-06
-1.66885e-06
-3.6365e-06
-1.3165e-06
-2.61548e-06
-1.02074e-06
-1.83129e-06
-7.83759e-07
-1.2609e-06
-5.7045e-07
-8.19409e-07
-4.41686e-07
-4.89848e-07
-3.29625e-07
-2.32593e-07
-2.57111e-07
-2.32591e-07
-1.40863e-05
2.63314e-05
-2.02143e-05
1.27486e-05
-2.22105e-05
4.78414e-06
-2.14632e-05
-9.77602e-07
-1.92167e-05
-4.169e-06
-1.62309e-05
-5.71106e-06
-1.30771e-05
-6.05409e-06
-1.0169e-05
-5.67135e-06
-7.65036e-06
-4.95648e-06
-5.58869e-06
-4.11308e-06
-3.96155e-06
-3.29581e-06
-2.71775e-06
-2.55981e-06
-1.79781e-06
-1.94084e-06
-1.14193e-06
-1.43994e-06
-6.86326e-07
-1.02639e-06
-3.94313e-07
-7.33514e-07
-2.14598e-07
-5.09101e-07
-9.76035e-08
-3.74066e-07
-3.30227e-07
-1.54218e-05
4.17533e-05
-2.16654e-05
1.89922e-05
-2.33095e-05
6.42829e-06
-2.21076e-05
-2.17946e-06
-1.95334e-05
-6.74333e-06
-1.63381e-05
-8.9062e-06
-1.30884e-05
-9.30391e-06
-1.01455e-05
-8.61408e-06
-7.62633e-06
-7.47588e-06
-5.57446e-06
-6.16499e-06
-3.95828e-06
-4.91252e-06
-2.72543e-06
-3.79311e-06
-1.81411e-06
-2.85258e-06
-1.15571e-06
-2.09811e-06
-7.05011e-07
-1.47682e-06
-4.07297e-07
-1.03102e-06
-2.19554e-07
-6.96874e-07
-1.02656e-07
-4.90998e-07
-4.32868e-07
-1.83106e-05
6.00639e-05
-2.444e-05
2.51216e-05
-2.50767e-05
7.06493e-06
-2.30548e-05
-4.20131e-06
-1.99428e-05
-9.85542e-06
-1.6415e-05
-1.24339e-05
-1.30093e-05
-1.27098e-05
-9.9674e-06
-1.16559e-05
-7.42816e-06
-1.00156e-05
-5.38847e-06
-8.20495e-06
-3.7955e-06
-6.50584e-06
-2.59029e-06
-4.99816e-06
-1.7037e-06
-3.73908e-06
-1.08952e-06
-2.71212e-06
-6.44881e-07
-1.92151e-06
-3.66098e-07
-1.30984e-06
-1.98727e-07
-8.64288e-07
-8.77025e-08
-6.02046e-07
-5.20534e-07
-2.29424e-05
8.30063e-05
-2.83885e-05
3.05677e-05
-2.75124e-05
6.18871e-06
-2.42932e-05
-7.42041e-06
-2.04489e-05
-1.36998e-05
-1.64964e-05
-1.63862e-05
-1.28189e-05
-1.63876e-05
-9.70649e-06
-1.47682e-05
-7.16085e-06
-1.25612e-05
-5.12167e-06
-1.02439e-05
-3.56684e-06
-8.06058e-06
-2.38496e-06
-6.17963e-06
-1.52234e-06
-4.60151e-06
-9.35761e-07
-3.29864e-06
-5.37897e-07
-2.31954e-06
-3.01376e-07
-1.54642e-06
-1.42602e-07
-1.02305e-06
-6.18753e-08
-6.82797e-07
-5.824e-07
-2.8712e-05
0.000111718
-3.32398e-05
3.50956e-05
-3.06372e-05
3.58614e-06
-2.59341e-05
-1.21236e-05
-2.1078e-05
-1.8556e-05
-1.65718e-05
-2.0892e-05
-1.26076e-05
-2.0352e-05
-9.3194e-06
-1.80561e-05
-6.70838e-06
-1.51721e-05
-4.7021e-06
-1.22498e-05
-3.19556e-06
-9.56702e-06
-2.09246e-06
-7.28249e-06
-1.32263e-06
-5.37124e-06
-7.55429e-07
-3.8658e-06
-4.21313e-07
-2.65371e-06
-1.92706e-07
-1.77497e-06
-7.87991e-08
-1.1369e-06
-3.11046e-08
-7.30541e-07
-6.13543e-07
-3.81885e-05
0.000149907
-3.98784e-05
3.67856e-05
-3.45824e-05
-1.70971e-06
-2.8043e-05
-1.86629e-05
-2.17996e-05
-2.47996e-05
-1.65421e-05
-2.61493e-05
-1.22007e-05
-2.46932e-05
-8.82645e-06
-2.14304e-05
-6.2275e-06
-1.7771e-05
-4.27894e-06
-1.41983e-05
-2.81053e-06
-1.10356e-05
-1.75181e-06
-8.34128e-06
-1.02362e-06
-6.09951e-06
-5.58687e-07
-4.33073e-06
-2.41774e-07
-2.97061e-06
-7.65347e-08
-1.94009e-06
-5.30708e-09
-1.20809e-06
4.57318e-09
-7.40511e-07
-6.09038e-07
-4.86625e-05
0.000198569
-5.01514e-05
3.82745e-05
-3.97401e-05
-1.2121e-05
-3.04759e-05
-2.79269e-05
-2.26913e-05
-3.25841e-05
-1.65277e-05
-3.23126e-05
-1.1796e-05
-2.94246e-05
-8.22545e-06
-2.5001e-05
-5.58752e-06
-2.0409e-05
-3.67568e-06
-1.61101e-05
-2.31203e-06
-1.23994e-05
-1.36031e-06
-9.29303e-06
-7.18234e-07
-6.74166e-06
-2.96434e-07
-4.75256e-06
-5.4657e-08
-3.21241e-06
5.52117e-08
-2.04994e-06
7.86212e-08
-1.23155e-06
4.57274e-08
-7.07744e-07
-5.63364e-07
9.85953e-06
-4.52578e-05
2.30945e-05
-6.63422e-05
3.56994e-05
-6.50166e-05
4.80514e-05
-6.24992e-05
6.0728e-05
-6.2685e-05
7.39442e-05
-6.46608e-05
8.77927e-05
-6.74434e-05
0.000102366
-7.06209e-05
0.00011779
-7.41323e-05
0.000134206
-7.78934e-05
0.000151804
-8.18957e-05
0.000170757
-8.59863e-05
0.000191302
-8.9844e-05
0.000213886
-9.32829e-05
0.000238939
-9.58689e-05
0.000267072
-9.64396e-05
0.000299992
-9.33898e-05
0.000338111
-8.28506e-05
0.00037182
-5.22359e-05
0.000356414
5.39126e-05
0.000291562
0.000253962
0.000221868
0.00041033
0.000555072
0.000155069
9.98765e-06
-5.52454e-05
2.25318e-05
-7.88864e-05
3.43808e-05
-7.68657e-05
4.616e-05
-7.42784e-05
5.83933e-05
-7.49183e-05
7.12127e-05
-7.74803e-05
8.46786e-05
-8.09093e-05
9.88976e-05
-8.48398e-05
0.000114032
-8.92671e-05
0.000130268
-9.41293e-05
0.000147846
-9.9473e-05
0.000167008
-0.000105149
0.000188168
-0.000111004
0.000211844
-0.000116959
0.000238492
-0.000122517
0.000269185
-0.000127132
0.00030415
-0.000128355
0.000338991
-0.000117691
0.000354241
-6.74864e-05
0.000317362
9.07921e-05
0.000274705
0.000296619
0.000238061
0.000446974
0.000606715
0.000186417
1.00256e-05
-6.5271e-05
2.1744e-05
-9.06048e-05
3.2731e-05
-8.78527e-05
4.38626e-05
-8.54101e-05
5.55504e-05
-8.6606e-05
6.78338e-05
-8.97637e-05
8.07562e-05
-9.38316e-05
9.44419e-05
-9.85256e-05
0.000109085
-0.000103911
0.000124893
-0.000109937
0.000142127
-0.000116707
0.000161127
-0.000124149
0.000182318
-0.000132195
0.000205915
-0.000140556
0.000232877
-0.000149479
0.000264285
-0.00015854
0.000297611
-0.000161681
0.000312336
-0.000132417
0.000290225
-4.53744e-05
0.000272899
0.000108117
0.000239864
0.000329653
0.000203462
0.000483376
0.000600962
0.000209215
9.93493e-06
-7.5206e-05
2.07038e-05
-0.000101374
3.07726e-05
-9.79214e-05
4.11897e-05
-9.58272e-05
5.22186e-05
-9.7635e-05
6.38179e-05
-0.000101363
7.60286e-05
-0.000106042
8.89932e-05
-0.00011149
0.000102929
-0.000117846
0.000118031
-0.000125039
0.000134599
-0.000133275
0.000153059
-0.000142609
0.000173493
-0.000152629
0.000195916
-0.00016298
0.000222452
-0.000176015
0.000252244
-0.000188332
0.000267148
-0.000176585
0.000242753
-0.000108022
0.000186554
1.08245e-05
0.000152789
0.000141883
0.000161031
0.000321411
0.000167437
0.00047697
0.000559421
0.000208978
9.70462e-06
-8.49106e-05
1.94118e-05
-0.000111081
2.85241e-05
-0.000107034
3.81579e-05
-0.000105461
4.84061e-05
-0.000107883
5.91686e-05
-0.000112125
7.04946e-05
-0.000117368
8.25418e-05
-0.000123537
9.55381e-05
-0.000130843
0.000109648
-0.000139148
0.000125296
-0.000148923
0.000142802
-0.000160115
0.000161693
-0.00017152
0.000182912
-0.000184199
0.000207289
-0.000200392
0.000229301
-0.000210344
0.000207888
-0.000155172
0.000135302
-3.54361e-05
5.61711e-05
8.99542e-05
2.32071e-05
0.000174847
6.29647e-05
0.000281653
0.000119447
0.000420488
0.000495382
0.000183486
9.32955e-06
-9.42401e-05
1.78829e-05
-0.000119634
2.60142e-05
-0.000115165
3.47927e-05
-0.00011424
4.41364e-05
-0.000117227
5.39138e-05
-0.000121903
6.41868e-05
-0.000127641
7.51249e-05
-0.000134475
8.69448e-05
-0.000142663
9.98006e-05
-0.000152004
0.000114295
-0.000163417
0.000130271
-0.000176091
0.000147371
-0.000188619
0.000168367
-0.000205195
0.000193716
-0.000225741
0.000185449
-0.000202077
0.000123227
-9.29493e-05
2.65166e-05
6.12732e-05
-3.39425e-05
0.000150414
-4.99492e-05
0.000190853
-1.22398e-05
0.000243943
6.7024e-05
0.000341224
0.000417182
0.000145224
8.80229e-06
-0.000103042
1.61438e-05
-0.000126976
2.32824e-05
-0.000122304
3.11332e-05
-0.00012209
3.94573e-05
-0.000125551
4.81175e-05
-0.000130563
5.71886e-05
-0.000136712
6.68427e-05
-0.000144129
7.72543e-05
-0.000153074
8.86184e-05
-0.000163368
0.000101476
-0.000176275
0.000115079
-0.000189695
0.000130798
-0.000204338
0.000149582
-0.000223979
0.000164143
-0.000240302
0.00012832
-0.000166253
3.40388e-05
1.33213e-06
-3.9588e-05
0.000134898
-6.5191e-05
0.000176017
-6.96339e-05
0.000195296
-4.63251e-05
0.000220634
2.56065e-05
0.000269292
0.000336633
0.000106156
8.1343e-06
-0.000111177
1.42416e-05
-0.000133083
2.03913e-05
-0.000128453
2.7253e-05
-0.000128952
3.44679e-05
-0.000132766
4.19113e-05
-0.000138006
4.96607e-05
-0.000144462
5.78591e-05
-0.000152328
6.65907e-05
-0.000161806
7.60775e-05
-0.000172855
8.62534e-05
-0.000186451
9.68112e-05
-0.000200252
0.000112517
-0.000220043
0.000133822
-0.000245284
0.000121158
-0.000227639
5.18953e-05
-9.69898e-05
-3.16231e-05
8.48505e-05
-5.84269e-05
0.000161702
-6.22347e-05
0.000179824
-6.08945e-05
0.000193956
-5.04269e-05
0.000210166
-1.10141e-05
0.000229879
0.000275152
5.04663e-05
7.36481e-06
-0.000118541
1.22634e-05
-0.000137981
1.74504e-05
-0.00013364
2.32901e-05
-0.000134792
2.93438e-05
-0.00013882
3.5498e-05
-0.000144161
4.17944e-05
-0.000150758
4.82674e-05
-0.000158801
5.4835e-05
-0.000168373
6.15879e-05
-0.000179608
6.77383e-05
-0.000192601
7.56575e-05
-0.000208172
8.9861e-05
-0.000234247
0.000100801
-0.000256224
7.52174e-05
-0.000202057
5.97624e-07
-2.237e-05
-4.523e-05
0.000130678
-4.8669e-05
0.000165142
-4.65822e-05
0.000177736
-4.34931e-05
0.000190867
-3.85916e-05
0.000205264
-2.47079e-05
0.000215995
0.000242456
7.98783e-06
6.55719e-06
-0.000125099
1.02967e-05
-0.000141721
1.45529e-05
-0.000137897
1.93457e-05
-0.000139585
2.41668e-05
-0.000143641
2.8887e-05
-0.000148881
3.34417e-05
-0.000155313
3.76975e-05
-0.000163056
4.14103e-05
-0.000172086
4.46239e-05
-0.000182822
4.72803e-05
-0.000195258
5.58484e-05
-0.00021674
6.98738e-05
-0.000248272
6.64364e-05
-0.000252786
3.09518e-05
-0.000166572
-2.18955e-05
3.0476e-05
-3.41985e-05
0.000142981
-3.01437e-05
0.000161086
-2.91388e-05
0.000176731
-2.62663e-05
0.000187994
-2.10838e-05
0.000200082
-1.30032e-05
0.000207915
0.000222266
7.18659e-06
5.73212e-06
-0.000130831
8.27583e-06
-0.000144265
1.15583e-05
-0.000141179
1.51928e-05
-0.000143219
1.85829e-05
-0.000147031
2.15719e-05
-0.00015187
2.40185e-05
-0.00015776
2.58128e-05
-0.000164851
2.71142e-05
-0.000173388
2.89054e-05
-0.000184613
3.46313e-05
-0.000200983
4.99527e-05
-0.000232061
6.09908e-05
-0.000259311
5.29604e-05
-0.000244756
3.25762e-05
-0.000146187
1.3591e-06
6.16925e-05
-6.28016e-06
0.000150621
-1.14485e-05
0.000166254
-1.41528e-05
0.000179435
-1.31791e-05
0.000187021
-7.64552e-06
0.000194549
1.32331e-06
0.000198946
0.000204667
1.89218e-05
4.78433e-06
-0.000135615
5.9183e-06
-0.000145399
8.09597e-06
-0.000143357
1.0434e-05
-0.000145557
1.23109e-05
-0.000148908
1.36955e-05
-0.000153254
1.48404e-05
-0.000158905
1.6336e-05
-0.000166346
2.04384e-05
-0.00017749
3.06416e-05
-0.000194816
5.31817e-05
-0.000223524
8.05785e-05
-0.000259458
8.17421e-05
-0.000260474
6.58636e-05
-0.000228878
6.90699e-05
-0.000149393
5.23527e-05
7.84092e-05
2.33345e-05
0.00017964
4.42009e-06
0.000185168
-3.42345e-06
0.000187278
-5.49203e-06
0.00018909
-1.2013e-06
0.000190258
7.81445e-06
0.00018993
0.000189364
2.31175e-05
3.63386e-06
-0.000139249
3.29297e-06
-0.000145058
4.51928e-06
-0.000144583
6.05794e-06
-0.000147096
7.62555e-06
-0.000150475
9.97017e-06
-0.000155599
1.48411e-05
-0.000163775
2.36215e-05
-0.000175127
4.34697e-05
-0.000197338
8.64705e-05
-0.000237817
0.000133012
-0.000270066
0.000147424
-0.00027387
0.000105849
-0.000218899
6.73838e-05
-0.000190413
7.04606e-05
-0.000152469
8.74984e-05
6.13713e-05
4.24499e-05
0.000224688
1.23823e-05
0.000215236
-4.08394e-07
0.000200069
-4.12231e-06
0.000192803
-1.01607e-06
0.000187151
6.97619e-06
0.000181938
0.000176716
1.96254e-05
2.74548e-06
-0.000141994
1.9507e-06
-0.000144263
3.58727e-06
-0.00014622
6.72052e-06
-0.000150229
1.26146e-05
-0.000156369
2.52375e-05
-0.000168222
4.54254e-05
-0.000183963
7.28961e-05
-0.000202597
0.000105859
-0.000230301
0.00013451
-0.000266467
0.000155079
-0.000290634
0.000152426
-0.000271216
0.000120674
-0.000187146
6.71595e-05
-0.000136899
4.83678e-05
-0.000133678
6.82354e-05
4.15034e-05
3.10596e-05
0.000261864
5.10176e-06
0.000241193
-7.06282e-06
0.000212234
-9.68018e-06
0.000195421
-6.21377e-06
0.000183685
1.32718e-06
0.000174397
0.000165997
1.20455e-05
3.06189e-06
-0.000145056
5.87782e-06
-0.000147079
1.09142e-05
-0.000151256
1.78826e-05
-0.000157197
2.80044e-05
-0.000166491
3.98949e-05
-0.000180112
5.48507e-05
-0.000198919
7.35443e-05
-0.000221291
9.6699e-05
-0.000253456
0.000121611
-0.000291379
0.000139199
-0.000308223
0.000138466
-0.000270482
0.000122468
-0.000171148
7.57712e-05
-9.02026e-05
3.62943e-05
-9.42009e-05
8.64023e-06
6.91573e-05
-1.01917e-05
0.000280695
-2.11412e-05
0.000252143
-2.39667e-05
0.00021506
-2.15807e-05
0.000193035
-1.57983e-05
0.000177903
-7.50589e-06
0.000166105
0.00015595
2.5424e-06
2.60532e-06
-0.000147661
6.25198e-06
-0.000150725
1.03364e-05
-0.00015534
1.52957e-05
-0.000162156
2.11302e-05
-0.000172326
2.75252e-05
-0.000186507
3.41916e-05
-0.000205585
4.35547e-05
-0.000230654
5.78051e-05
-0.000267706
7.62147e-05
-0.000309789
8.8064e-05
-0.000320072
8.09488e-05
-0.000263367
6.75692e-05
-0.000157769
4.88337e-05
-7.1467e-05
-1.07599e-05
-3.46073e-05
-6.48402e-05
0.000123238
-6.74294e-05
0.000283285
-5.64316e-05
0.000241146
-4.69508e-05
0.000205579
-3.77738e-05
0.000183858
-2.81994e-05
0.000168328
-1.81205e-05
0.000156026
0.000145574
-7.74455e-06
1.08908e-06
-0.000148751
2.67717e-06
-0.000152313
4.10224e-06
-0.000156765
5.38157e-06
-0.000163435
6.42443e-06
-0.000173368
6.83207e-06
-0.000186914
6.2318e-06
-0.000204985
6.35554e-06
-0.000230777
8.59133e-06
-0.000269942
9.83979e-06
-0.000311037
1.61833e-06
-0.00031185
-1.71605e-05
-0.000244588
-3.10278e-05
-0.000143901
-4.70401e-05
-5.54545e-05
-0.000105522
2.38744e-05
-0.000152878
0.000170594
-0.000123348
0.000253755
-9.17097e-05
0.000209508
-7.07956e-05
0.000184665
-5.48904e-05
0.000167953
-4.13151e-05
0.000154753
-2.91292e-05
0.00014384
0.000134358
-1.79134e-05
-1.01329e-06
-0.000147737
-1.8738e-06
-0.000151453
-3.28651e-06
-0.000155352
-5.31372e-06
-0.000161408
-8.53339e-06
-0.000170148
-1.35261e-05
-0.000181922
-2.1033e-05
-0.000197478
-3.1514e-05
-0.000220296
-4.67964e-05
-0.000254659
-6.91799e-05
-0.000288653
-9.46363e-05
-0.000286393
-0.00011687
-0.000222354
-0.000136022
-0.00012475
-0.000163349
-2.81275e-05
-0.000208697
6.92222e-05
-0.000211399
0.000173297
-0.000157362
0.000199717
-0.000116857
0.000169002
-8.98749e-05
0.000157683
-6.94759e-05
0.000147554
-5.30038e-05
0.000138281
-3.91629e-05
0.00013
0.000122337
-2.71418e-05
-2.8683e-06
-0.000144869
-5.92133e-06
-0.0001484
-9.68564e-06
-0.000151588
-1.44566e-05
-0.000156637
-2.09515e-05
-0.000163653
-3.00393e-05
-0.000172834
-4.30677e-05
-0.00018445
-6.29588e-05
-0.000200405
-9.4209e-05
-0.000223409
-0.000136726
-0.000246136
-0.00017985
-0.00024327
-0.000210084
-0.000192119
-0.000231846
-0.000102988
-0.000259336
-6.37679e-07
-0.000267292
7.71784e-05
-0.000226586
0.000132591
-0.000166882
0.000140014
-0.000128808
0.000130928
-0.000101112
0.000129987
-7.93669e-05
0.000125809
-6.17993e-05
0.000120714
-4.72273e-05
0.000115428
0.000109924
-3.48138e-05
-4.39663e-06
-0.000140472
-9.22189e-06
-0.000143574
-1.47861e-05
-0.000146024
-2.15973e-05
-0.000149826
-3.03255e-05
-0.000154925
-4.18989e-05
-0.00016126
-5.77806e-05
-0.000168568
-8.1299e-05
-0.000176886
-0.00011748
-0.000187228
-0.000167349
-0.000196267
-0.000221876
-0.000188743
-0.000264888
-0.000149107
-0.000287127
-8.07488e-05
-0.000282501
-5.2638e-06
-0.000257363
5.2041e-05
-0.000208136
8.33627e-05
-0.000161082
9.29599e-05
-0.000130335
0.000100181
-0.000105042
0.000104693
-8.43705e-05
0.000105138
-6.72704e-05
0.000103613
-5.29017e-05
0.000101059
9.76486e-05
-4.06267e-05
-5.63766e-06
-0.000134835
-1.17438e-05
-0.000137468
-1.85861e-05
-0.000139181
-2.66789e-05
-0.000141733
-3.66201e-05
-0.000144984
-4.91694e-05
-0.000148711
-6.53162e-05
-0.000152421
-8.69418e-05
-0.000155261
-0.000117458
-0.000156712
-0.000158662
-0.000155062
-0.000204129
-0.000143277
-0.000240134
-0.000113102
-0.000255045
-6.58376e-05
-0.000244391
-1.59173e-05
-0.000215464
2.31134e-05
-0.000179241
4.71404e-05
-0.000149212
6.29309e-05
-0.000125356
7.63253e-05
-0.000103811
8.31479e-05
-8.5457e-05
8.6784e-05
-6.97619e-05
8.79181e-05
-5.62616e-05
8.75586e-05
8.59616e-05
-4.45746e-05
-6.50108e-06
-0.000128333
-1.34265e-05
-0.000130543
-2.10433e-05
-0.000131564
-2.97674e-05
-0.000133009
-4.0087e-05
-0.000134664
-5.2556e-05
-0.000136242
-6.7728e-05
-0.000137249
-8.61758e-05
-0.000136813
-0.000109001
-0.000133887
-0.000137115
-0.000126948
-0.000167369
-0.000113023
-0.000191336
-8.9136e-05
-0.000200554
-5.66194e-05
-0.000193353
-2.31182e-05
-0.000174424
4.18514e-06
-0.000153995
2.67108e-05
-0.000135453
4.43894e-05
-0.000116939
5.78108e-05
-9.94427e-05
6.56518e-05
-8.37868e-05
7.1128e-05
-6.99098e-05
7.40411e-05
-5.76481e-05
7.52969e-05
7.51628e-05
-4.68492e-05
-7.00686e-06
-0.000121327
-1.43799e-05
-0.00012317
-2.23514e-05
-0.000123593
-3.12328e-05
-0.000124128
-4.13749e-05
-0.000124522
-5.31325e-05
-0.000124485
-6.68178e-05
-0.000123563
-8.25283e-05
-0.000121103
-0.000100134
-0.000116282
-0.000119195
-0.000107887
-0.000137945
-9.42731e-05
-0.000152512
-7.45686e-05
-0.000158711
-5.04207e-05
-0.000155896
-2.59334e-05
-0.000147208
-4.50256e-06
-0.000135154
1.46572e-05
-0.000121796
3.10313e-05
-0.000107323
4.33376e-05
-9.34147e-05
5.17437e-05
-8.03425e-05
5.80559e-05
-6.83588e-05
6.20576e-05
-5.74849e-05
6.44231e-05
6.54108e-05
-4.77329e-05
-7.21824e-06
-0.000114109
-1.47438e-05
-0.000115644
-2.27443e-05
-0.000115593
-3.14539e-05
-0.000115418
-4.10991e-05
-0.000114877
-5.18753e-05
-0.000113709
-6.39099e-05
-0.000111529
-7.71795e-05
-0.000107833
-9.13918e-05
-0.000102069
-0.000105763
-9.35154e-05
-0.00011878
-8.12569e-05
-0.000128346
-6.50019e-05
-0.000132692
-4.6075e-05
-0.00013171
-2.69149e-05
-0.000126992
-9.22123e-06
-0.000119144
6.8097e-06
-0.000109029
2.09164e-05
-9.78062e-05
3.21148e-05
-8.67111e-05
4.06487e-05
-7.58821e-05
4.72269e-05
-6.56681e-05
5.18437e-05
-5.61806e-05
5.49356e-05
5.67508e-05
-4.75206e-05
-7.18824e-06
-0.000106921
-1.46305e-05
-0.000108202
-2.2421e-05
-0.000107802
-3.07356e-05
-0.000107103
-3.97091e-05
-0.000105903
-4.94381e-05
-0.00010398
-5.99346e-05
-0.000101032
-7.1075e-05
-9.66926e-05
-8.25525e-05
-9.05917e-05
-9.37356e-05
-8.23323e-05
-0.000103508
-7.14846e-05
-0.000110504
-5.80061e-05
-0.000113815
-4.27645e-05
-0.000113535
-2.71942e-05
-0.000110419
-1.2337e-05
-0.000104805
1.19551e-06
-9.73247e-05
1.34359e-05
-8.87476e-05
2.35378e-05
-7.98524e-05
3.17536e-05
-7.09127e-05
3.82872e-05
-6.22688e-05
4.31998e-05
-5.40778e-05
4.67446e-05
4.91493e-05
-4.64764e-05
-6.97695e-06
-9.99437e-05
-1.41611e-05
-0.000101018
-2.15859e-05
-0.000100378
-2.93734e-05
-9.93157e-05
-3.75955e-05
-9.76813e-05
-4.62824e-05
-9.5293e-05
-5.53846e-05
-9.19302e-05
-6.47316e-05
-8.73457e-05
-7.40208e-05
-8.13026e-05
-8.27918e-05
-7.35615e-05
-9.03465e-05
-6.393e-05
-9.58329e-05
-5.25198e-05
-9.86519e-05
-3.99456e-05
-9.87853e-05
-2.70608e-05
-9.65893e-05
-1.4533e-05
-9.25282e-05
-2.86564e-06
-8.68528e-05
7.76059e-06
-8.02296e-05
1.69146e-05
-7.30893e-05
2.46133e-05
-6.57343e-05
3.09322e-05
-5.84567e-05
3.59222e-05
-5.14359e-05
3.97236e-05
4.25299e-05
-4.48166e-05
-6.63958e-06
-9.33041e-05
-1.34406e-05
-9.42175e-05
-2.04024e-05
-9.34159e-05
-2.75957e-05
-9.21223e-05
-3.50531e-05
-9.02237e-05
-4.27624e-05
-8.75837e-05
-5.06479e-05
-8.40447e-05
-5.85507e-05
-7.9443e-05
-6.62183e-05
-7.36352e-05
-7.32784e-05
-6.65016e-05
-7.92277e-05
-5.79808e-05
-8.35455e-05
-4.8202e-05
-8.59125e-05
-3.75786e-05
-8.62982e-05
-2.66751e-05
-8.48489e-05
-1.59823e-05
-8.18555e-05
-5.859e-06
-7.752e-05
3.42502e-06
-7.23243e-05
1.1719e-05
-6.65747e-05
1.88637e-05
-6.05302e-05
2.48877e-05
-5.44266e-05
2.98186e-05
-4.84405e-05
3.37375e-05
3.67997e-05
-4.27105e-05
-6.2237e-06
-8.70803e-05
-1.25644e-05
-8.78769e-05
-1.90073e-05
-8.69729e-05
-2.55813e-05
-8.55482e-05
-3.22938e-05
-8.35111e-05
-3.91101e-05
-8.07672e-05
-4.59456e-05
-7.7209e-05
-5.26542e-05
-7.27343e-05
-5.90291e-05
-6.72603e-05
-6.47982e-05
-6.07325e-05
-6.96216e-05
-5.31575e-05
-7.31545e-05
-4.4669e-05
-7.51763e-05
-3.55567e-05
-7.56543e-05
-2.6197e-05
-7.46915e-05
-1.69451e-05
-7.24712e-05
-8.07928e-06
-6.91442e-05
9.80061e-08
-6.50478e-05
7.62256e-06
-6.04004e-05
1.42163e-05
-5.5425e-05
1.99123e-05
-5.03149e-05
2.47086e-05
-4.52287e-05
2.86512e-05
3.1862e-05
-4.02911e-05
-5.76217e-06
-8.13182e-05
-1.16026e-05
-8.20366e-05
-1.75001e-05
-8.10753e-05
-2.34571e-05
-7.95912e-05
-2.94629e-05
-7.75053e-05
-3.54725e-05
-7.47576e-05
-4.14035e-05
-7.1278e-05
-4.71316e-05
-6.70061e-05
-5.24912e-05
-6.19006e-05
-5.72751e-05
-5.59486e-05
-6.12454e-05
-4.91871e-05
-6.41786e-05
-4.17357e-05
-6.59292e-05
-3.38062e-05
-6.6462e-05
-2.56642e-05
-6.58343e-05
-1.75729e-05
-6.4154e-05
-9.75964e-06
-6.16347e-05
-2.42141e-06
-5.83641e-05
4.35199e-06
-5.45932e-05
1.04454e-05
-5.04915e-05
1.58106e-05
-4.62158e-05
2.04328e-05
-4.1903e-05
2.43385e-05
2.76221e-05
-3.76631e-05
-5.27489e-06
-7.60435e-05
-1.06017e-05
-7.67096e-05
-1.59496e-05
-7.57274e-05
-2.13084e-05
-7.42326e-05
-2.66548e-05
-7.21589e-05
-3.19411e-05
-6.94712e-05
-3.70916e-05
-6.61274e-05
-4.20019e-05
-6.20958e-05
-4.65408e-05
-5.73617e-05
-5.05537e-05
-5.19359e-05
-5.38728e-05
-4.5868e-05
-5.63462e-05
-3.92624e-05
-5.78734e-05
-3.22791e-05
-5.84252e-05
-2.51126e-05
-5.80356e-05
-1.79627e-05
-5.67843e-05
-1.1011e-05
-5.48055e-05
-4.40031e-06
-5.22036e-05
1.75013e-06
-4.9144e-05
7.38577e-06
-4.57614e-05
1.24281e-05
-4.21866e-05
1.68581e-05
-3.85362e-05
2.06881e-05
2.39925e-05
-3.49064e-05
-4.77614e-06
-7.12673e-05
-9.59095e-06
-7.18945e-05
-1.44e-05
-7.09184e-05
-1.91883e-05
-6.94443e-05
-2.3925e-05
-6.74223e-05
-2.85635e-05
-6.48329e-05
-3.30366e-05
-6.16545e-05
-3.72579e-05
-5.78746e-05
-4.1124e-05
-5.34958e-05
-4.45184e-05
-4.85416e-05
-4.73212e-05
-4.30653e-05
-4.94273e-05
-3.71564e-05
-5.07662e-05
-3.09404e-05
-5.13137e-05
-2.45653e-05
-5.10917e-05
-1.81848e-05
-5.01601e-05
-1.19426e-05
-4.86035e-05
-5.95687e-06
-4.65297e-05
-3.23698e-07
-4.40381e-05
4.89432e-06
-4.12469e-05
9.63696e-06
-3.82611e-05
1.38724e-05
-3.51777e-05
1.76048e-05
2.08946e-05
-3.20798e-05
-4.27761e-06
-6.69893e-05
-8.59106e-06
-6.75807e-05
-1.28808e-05
-6.66286e-05
-1.71304e-05
-6.51947e-05
-2.13055e-05
-6.3247e-05
-2.53623e-05
-6.07761e-05
-2.92425e-05
-5.77744e-05
-3.28752e-05
-5.42421e-05
-3.61787e-05
-5.01923e-05
-3.90653e-05
-4.56551e-05
-4.14479e-05
-4.06827e-05
-4.32521e-05
-3.53523e-05
-4.44278e-05
-2.97647e-05
-4.49572e-05
-2.4036e-05
-4.48547e-05
-1.82872e-05
-4.41627e-05
-1.26346e-05
-4.29417e-05
-7.17782e-06
-4.12777e-05
-1.98759e-06
-3.92482e-05
2.86489e-06
-3.69466e-05
7.33549e-06
-3.44576e-05
1.13835e-05
-3.18603e-05
1.50075e-05
1.82598e-05
-2.92255e-05
-3.79123e-06
-6.31978e-05
-7.61807e-06
-6.37539e-05
-1.14119e-05
-6.28346e-05
-1.51546e-05
-6.14518e-05
-1.8812e-05
-5.95896e-05
-2.23436e-05
-5.72445e-05
-2.56995e-05
-5.44185e-05
-2.88218e-05
-5.11199e-05
-3.16462e-05
-4.73679e-05
-3.41059e-05
-4.31953e-05
-3.61372e-05
-3.86514e-05
-3.76863e-05
-3.38032e-05
-3.87176e-05
-2.87334e-05
-3.92178e-05
-2.35357e-05
-3.91969e-05
-1.83081e-05
-3.8686e-05
-1.31454e-05
-3.77325e-05
-8.13117e-06
-3.63934e-05
-3.32665e-06
-3.47437e-05
1.21523e-06
-3.28503e-05
5.44216e-06
-3.07823e-05
9.31544e-06
-2.86036e-05
1.28288e-05
1.60291e-05
-2.63729e-05
-3.32479e-06
-5.98729e-05
-6.68311e-06
-6.03957e-05
-1.00053e-05
-5.95123e-05
-1.32716e-05
-5.81854e-05
-1.64498e-05
-5.64113e-05
-1.95035e-05
-5.41909e-05
-2.23903e-05
-5.15317e-05
-2.50631e-05
-4.84471e-05
-2.74714e-05
-4.49596e-05
-2.95641e-05
-4.11025e-05
-3.12938e-05
-3.69216e-05
-3.26215e-05
-3.24754e-05
-3.35214e-05
-2.78334e-05
-3.39841e-05
-2.3073e-05
-3.40173e-05
-1.82748e-05
-3.36451e-05
-1.35175e-05
-3.29035e-05
-8.87274e-06
-3.18333e-05
-4.3968e-06
-3.04953e-05
-1.22738e-07
-2.89423e-05
3.8891e-06
-2.7233e-05
7.60612e-06
-2.54171e-05
1.10129e-05
1.41529e-05
-2.35409e-05
-2.8812e-06
-5.69919e-05
-5.7911e-06
-5.74859e-05
-8.66536e-06
-5.6638e-05
-1.14833e-05
-5.53674e-05
-1.42159e-05
-5.36789e-05
-1.68309e-05
-5.1576e-05
-1.92931e-05
-4.90696e-05
-2.1564e-05
-4.61761e-05
-2.36041e-05
-4.29195e-05
-2.53743e-05
-3.93323e-05
-2.68391e-05
-3.54569e-05
-2.79699e-05
-3.13446e-05
-2.87481e-05
-2.70552e-05
-2.91672e-05
-2.26539e-05
-2.92337e-05
-1.82083e-05
-2.89663e-05
-1.37849e-05
-2.83928e-05
-9.44629e-06
-2.75457e-05
-5.24394e-06
-2.6465e-05
-1.20342e-06
-2.52018e-05
2.62588e-06
-2.38016e-05
6.20583e-06
-2.23028e-05
9.51414e-06
1.25903e-05
-2.07401e-05
-2.45937e-06
-5.45327e-05
-4.9408e-06
-5.50043e-05
-7.38907e-06
-5.41897e-05
-9.78375e-06
-5.29729e-05
-1.20993e-05
-5.13635e-05
-1.43083e-05
-4.93671e-05
-1.63814e-05
-4.69965e-05
-1.8288e-05
-4.42696e-05
-1.99969e-05
-4.12106e-05
-2.14783e-05
-3.78511e-05
-2.27055e-05
-3.42298e-05
-2.36575e-05
-3.03927e-05
-2.43209e-05
-2.63919e-05
-2.46915e-05
-2.22833e-05
-2.47748e-05
-1.8125e-05
-2.45856e-05
-1.39742e-05
-2.41461e-05
-9.88584e-06
-2.34833e-05
-5.90677e-06
-2.26212e-05
-2.06561e-06
-2.16075e-05
1.6122e-06
-2.04761e-05
5.07446e-06
-1.92575e-05
8.29564e-06
1.13085e-05
-1.79755e-05
-2.05564e-06
-5.2477e-05
-4.12774e-06
-5.29321e-05
-6.17023e-06
-5.21473e-05
-8.1638e-06
-5.09794e-05
-1.00868e-05
-4.94406e-05
-1.19163e-05
-4.75376e-05
-1.36288e-05
-4.52841e-05
-1.51999e-05
-4.26986e-05
-1.66056e-05
-3.9805e-05
-1.78233e-05
-3.66335e-05
-1.88331e-05
-3.32201e-05
-1.96197e-05
-2.96062e-05
-2.01735e-05
-2.58381e-05
-2.04919e-05
-2.19649e-05
-2.05796e-05
-1.80373e-05
-2.04484e-05
-1.41055e-05
-2.01164e-05
-1.02178e-05
-1.96057e-05
-6.41761e-06
-1.89346e-05
-2.73673e-06
-1.81387e-05
8.16224e-07
-1.72427e-05
4.1785e-06
-1.62746e-05
7.32766e-06
1.02815e-05
-1.52475e-05
-1.66262e-06
-5.08143e-05
-3.34533e-06
-5.12492e-05
-5.00205e-06
-5.04905e-05
-6.61521e-06
-4.93663e-05
-8.16742e-06
-4.78883e-05
-9.64032e-06
-4.60647e-05
-1.10153e-05
-4.39092e-05
-1.22736e-05
-4.14403e-05
-1.33972e-05
-3.86816e-05
-1.43691e-05
-3.56617e-05
-1.51752e-05
-3.2414e-05
-1.58047e-05
-2.89768e-05
-1.62511e-05
-2.53916e-05
-1.65132e-05
-2.17028e-05
-1.65951e-05
-1.79554e-05
-1.65063e-05
-1.41944e-05
-1.62615e-05
-1.04628e-05
-1.58784e-05
-6.80077e-06
-1.5374e-05
-3.24127e-06
-1.47651e-05
2.07245e-07
-1.4084e-05
3.49735e-06
-1.33453e-05
6.58899e-06
9.49054e-06
-1.25542e-05
-1.26568e-06
-4.95485e-05
-2.57742e-06
-4.99374e-05
-3.86509e-06
-4.92028e-05
-5.11495e-06
-4.81163e-05
-6.31482e-06
-4.66883e-05
-7.45098e-06
-4.49284e-05
-8.50939e-06
-4.28507e-05
-9.47587e-06
-4.04739e-05
-1.03368e-05
-3.78208e-05
-1.10797e-05
-3.49188e-05
-1.16944e-05
-3.17993e-05
-1.21735e-05
-2.84976e-05
-1.25133e-05
-2.50518e-05
-1.27138e-05
-2.15022e-05
-1.27791e-05
-1.78901e-05
-1.27176e-05
-1.4256e-05
-1.25411e-05
-1.06394e-05
-1.22646e-05
-7.07738e-06
-1.19035e-05
-3.60252e-06
-1.14684e-05
-2.28012e-07
-1.09844e-05
3.01332e-06
-1.046e-05
6.06455e-06
8.92269e-06
-9.89216e-06
-8.54799e-07
-4.86936e-05
-1.80217e-06
-4.89901e-05
-2.72589e-06
-4.8279e-05
-3.6185e-06
-4.72235e-05
-4.47374e-06
-4.58329e-05
-5.2833e-06
-4.41187e-05
-6.03796e-06
-4.2096e-05
-6.72788e-06
-3.97839e-05
-7.34321e-06
-3.72055e-05
-7.87472e-06
-3.43872e-05
-8.31462e-06
-3.13594e-05
-8.65718e-06
-2.81549e-05
-8.89942e-06
-2.48095e-05
-9.04151e-06
-2.13601e-05
-9.08706e-06
-1.78446e-05
-9.04316e-06
-1.43e-05
-8.92025e-06
-1.07625e-05
-8.73199e-06
-7.26583e-06
-8.49418e-06
-3.84052e-06
-8.22088e-06
-5.01467e-07
-7.92615e-06
2.71848e-06
-7.60901e-06
5.74734e-06
8.57132e-06
-7.25764e-06
-4.50794e-07
-4.82428e-05
-1.02956e-06
-4.84113e-05
-1.58701e-06
-4.77215e-05
-2.11928e-06
-4.66911e-05
-2.62676e-06
-4.53253e-05
-3.10721e-06
-4.36382e-05
-3.55654e-06
-4.16467e-05
-3.96962e-06
-3.93709e-05
-4.34087e-06
-3.68342e-05
-4.6647e-06
-3.40633e-05
-4.936e-06
-3.1088e-05
-5.15052e-06
-2.79404e-05
-5.3054e-06
-2.46546e-05
-5.39957e-06
-2.1266e-05
-5.43422e-06
-1.781e-05
-5.41331e-06
-1.43211e-05
-5.34415e-06
-1.08318e-05
-5.23861e-06
-7.37153e-06
-5.11438e-06
-3.9649e-06
-4.99041e-06
-6.25554e-07
-4.89014e-06
2.61813e-06
-4.78985e-06
5.64701e-06
8.44262e-06
-4.66115e-06
-1.07314e-07
-3.17987e-07
-5.05396e-07
-6.78913e-07
-8.4264e-07
-9.9716e-07
-1.14173e-06
-1.27508e-06
-1.39573e-06
-1.50216e-06
-1.59293e-06
-1.66673e-06
-1.7225e-06
-1.75952e-06
-1.77759e-06
-1.77737e-06
-1.76096e-06
-1.73375e-06
-1.7077e-06
-1.69658e-06
-1.71712e-06
-1.73647e-06
-1.74383e-06
-6.48107e-05
0.00021988
-0.000129022
6.42113e-05
-0.000164954
3.59322e-05
6.83515e-05
-0.000233306
0.000106158
0.000300139
-6.11709e-05
0.000231541
-0.000140242
0.000115004
0.000108766
-0.000180657
0.000183015
0.000326339
0.000103064
0.000311492
-1.05186e-05
0.000228586
0.000175659
-7.74113e-05
0.000217252
0.000318065
0.000185787
0.000342957
0.000104613
0.00030976
0.000253782
2.64898e-05
0.000218134
0.000283417
0.000230469
0.000330622
0.000190146
0.000350082
0.000315224
0.000128704
0.00019294
0.0002357
0.00024039
0.000283172
0.000262359
0.000328114
0.000321716
0.000255867
0.000150944
0.000190912
0.000208051
0.000226065
0.00026781
0.000268356
0.000280735
0.00030879
8.85259e-05
0.000152852
0.000139673
0.000174918
0.000209175
0.000198854
0.000212991
0.000276919
3.34661e-05
0.000127374
7.07436e-05
0.00013764
0.000124326
0.000145271
0.000148088
0.000189229
2.45108e-05
0.000110049
4.93968e-05
0.000112754
8.14957e-05
0.000113172
0.000111276
0.000118308
3.1461e-05
9.75103e-05
4.71784e-05
9.70368e-05
6.50699e-05
9.52811e-05
9.22075e-05
8.41381e-05
3.24537e-05
8.81742e-05
4.29501e-05
8.65405e-05
5.40726e-05
8.41586e-05
8.0998e-05
6.52819e-05
2.67831e-05
8.10168e-05
3.44095e-05
7.89142e-05
4.21798e-05
7.63883e-05
7.34366e-05
4.97413e-05
1.7795e-05
7.52674e-05
2.37515e-05
7.29576e-05
2.96977e-05
7.04421e-05
6.77224e-05
3.54119e-05
7.60094e-06
7.02089e-05
1.26947e-05
6.78639e-05
1.76902e-05
6.54465e-05
6.29475e-05
2.24652e-05
-2.86011e-06
6.53246e-05
1.91689e-06
6.3087e-05
6.51231e-06
6.08512e-05
5.85976e-05
1.08623e-05
-1.29221e-05
6.03335e-05
-8.17067e-06
5.83357e-05
-3.68013e-06
5.63607e-05
5.43879e-05
5.29731e-07
-2.19823e-05
5.51741e-05
-1.71553e-05
5.35088e-05
-1.26444e-05
5.18499e-05
5.01898e-05
-8.44617e-06
-2.95731e-05
4.99335e-05
-2.47055e-05
4.86414e-05
-2.01813e-05
4.73258e-05
4.59999e-05
-1.59913e-05
-3.54557e-05
4.47625e-05
-3.06543e-05
4.38401e-05
-2.61977e-05
4.28694e-05
4.188e-05
-2.20778e-05
-3.96212e-05
3.98091e-05
-3.50066e-05
3.92255e-05
-3.07174e-05
3.85802e-05
3.79072e-05
-2.67446e-05
-4.22273e-05
3.51873e-05
-3.78997e-05
3.48979e-05
-3.38618e-05
3.45423e-05
3.4147e-05
-3.01015e-05
-4.35126e-05
3.09671e-05
-3.95365e-05
3.09218e-05
-3.58035e-05
3.08094e-05
3.06436e-05
-3.23001e-05
-4.373e-05
2.71763e-05
-4.01329e-05
2.73247e-05
-3.67296e-05
2.7406e-05
2.74222e-05
-3.35083e-05
-4.3111e-05
2.38107e-05
-3.98931e-05
2.41067e-05
-3.68232e-05
2.4336e-05
2.4493e-05
-3.38939e-05
-4.18529e-05
2.0847e-05
-3.89977e-05
2.12514e-05
-3.62523e-05
2.15906e-05
2.18545e-05
-3.36138e-05
-4.0117e-05
1.82535e-05
-3.76004e-05
1.87348e-05
-3.51633e-05
1.91535e-05
1.94976e-05
-3.28063e-05
-3.80337e-05
1.59961e-05
-3.58283e-05
1.65295e-05
-3.3679e-05
1.70042e-05
1.74071e-05
-3.15884e-05
-3.57071e-05
1.40402e-05
-3.37845e-05
1.4607e-05
-3.19e-05
1.51197e-05
1.55646e-05
-3.00574e-05
-3.32186e-05
1.23525e-05
-3.15503e-05
1.29387e-05
-2.99067e-05
1.34762e-05
1.39502e-05
-2.82922e-05
-3.06292e-05
1.0902e-05
-2.91882e-05
1.14977e-05
-2.77622e-05
1.20502e-05
1.25434e-05
-2.63555e-05
-2.79841e-05
9.6605e-06
-2.67455e-05
1.02591e-05
-2.55149e-05
1.08195e-05
1.1325e-05
-2.42966e-05
-2.53158e-05
8.60329e-06
-2.4257e-05
9.20029e-06
-2.32016e-05
9.76402e-06
1.0277e-05
-2.21536e-05
-2.26465e-05
7.70891e-06
-2.17479e-05
8.30179e-06
-2.08496e-05
8.86568e-06
9.38303e-06
-1.99555e-05
-1.99905e-05
6.95945e-06
-1.92355e-05
7.54689e-06
-1.84787e-05
8.10891e-06
8.62865e-06
-1.77242e-05
-1.73562e-05
6.34034e-06
-1.6731e-05
6.92183e-06
-1.61026e-05
7.48064e-06
8.00157e-06
-1.54754e-05
-1.47472e-05
5.84021e-06
-1.4241e-05
6.41575e-06
-1.37307e-05
6.9704e-06
7.49159e-06
-1.32206e-05
-1.21645e-05
5.45065e-06
-1.17691e-05
6.02046e-06
-1.13688e-05
6.57015e-06
7.09067e-06
-1.09678e-05
-9.60739e-06
5.16592e-06
-9.31711e-06
5.73023e-06
-9.02111e-06
6.27422e-06
6.79276e-06
-8.72315e-06
-7.07449e-06
4.98278e-06
-6.88571e-06
5.54149e-06
-6.69035e-06
6.0789e-06
6.5936e-06
-6.49115e-06
-4.58095e-06
4.90259e-06
-4.49446e-06
5.45502e-06
-4.40016e-06
5.98463e-06
6.49242e-06
-4.29897e-06
-1.73701e-06
-1.72682e-06
-1.71225e-06
-1.69308e-06
-0.000176431
0.000141695
-0.000143772
5.61511e-06
-0.000102434
-5.34591e-05
-7.03374e-05
-6.00229e-05
-4.88289e-05
-5.40924e-05
-3.33424e-05
-4.77994e-05
-2.24042e-05
-4.03628e-05
-1.46377e-05
-3.27675e-05
-9.23953e-06
-2.58074e-05
-5.51719e-06
-1.98326e-05
-2.98897e-06
-1.49276e-05
-1.31748e-06
-1.09643e-05
-2.56869e-07
-7.80205e-06
3.59034e-07
-5.36835e-06
6.1657e-07
-3.46996e-06
6.32293e-07
-2.06569e-06
4.91774e-07
-1.09113e-06
2.58878e-07
-4.74959e-07
-3.04522e-07
-0.000208275
0.000169313
-0.000186207
-1.64531e-05
-0.000128187
-0.000111479
-7.65202e-05
-0.00011169
-4.59279e-05
-8.46844e-05
-2.76383e-05
-6.60893e-05
-1.62677e-05
-5.17334e-05
-8.93945e-06
-4.00955e-05
-4.3283e-06
-3.04185e-05
-1.43987e-06
-2.27211e-05
3.40354e-07
-1.67079e-05
1.31942e-06
-1.19433e-05
1.81248e-06
-8.29512e-06
1.90266e-06
-5.45859e-06
1.76628e-06
-3.33366e-06
1.46073e-06
-1.7602e-06
1.0294e-06
-6.59881e-07
5.16441e-07
3.79439e-08
2.11956e-07
-0.000177741
0.000269643
-0.000181735
-1.24593e-05
-0.00012704
-0.000166174
-6.84208e-05
-0.000170309
-3.34551e-05
-0.00011965
-1.6152e-05
-8.33924e-05
-6.34496e-06
-6.15407e-05
-8.5345e-07
-4.5587e-05
2.12908e-06
-3.3401e-05
3.64644e-06
-2.42383e-05
4.27229e-06
-1.73335e-05
4.35384e-06
-1.20248e-05
4.13564e-06
-8.07704e-06
3.66037e-06
-4.98347e-06
3.05912e-06
-2.73251e-06
2.36573e-06
-1.06685e-06
1.60614e-06
9.97046e-08
7.98076e-07
8.46054e-07
1.01011e-06
-8.43491e-05
0.000380481
-0.000103761
6.95281e-06
-7.51523e-05
-0.000194782
-3.62274e-05
-0.000209234
-9.36159e-06
-0.000146516
3.12082e-06
-9.58746e-05
7.85425e-06
-6.6274e-05
9.52236e-06
-4.7255e-05
9.80274e-06
-3.36813e-05
9.3722e-06
-2.38077e-05
8.5857e-06
-1.65469e-05
7.66634e-06
-1.11055e-05
6.61998e-06
-7.03084e-06
5.56107e-06
-3.92465e-06
4.43384e-06
-1.60528e-06
3.33665e-06
3.03661e-08
2.21862e-06
1.21779e-06
1.09522e-06
1.96956e-06
2.10542e-06
5.35331e-05
0.000455653
3.00909e-05
3.03948e-05
2.84453e-05
-0.000193137
2.92068e-05
-0.000209995
2.95241e-05
-0.000146833
2.73864e-05
-9.37368e-05
2.41766e-05
-6.30641e-05
2.08986e-05
-4.3977e-05
1.79683e-05
-3.0751e-05
1.54015e-05
-2.12409e-05
1.30632e-05
-1.42087e-05
1.10297e-05
-9.07219e-06
9.15074e-06
-5.15203e-06
7.42506e-06
-2.19897e-06
5.85008e-06
-3.02582e-08
4.31121e-06
1.56928e-06
2.83424e-06
2.69482e-06
1.39355e-06
3.41036e-06
3.49904e-06
0.000226166
0.000485353
0.00018746
6.91007e-05
0.000141414
-0.000147091
9.99863e-05
-0.000168567
6.95703e-05
-0.000116417
5.14753e-05
-7.56416e-05
4.00408e-05
-5.16295e-05
3.18886e-05
-3.58247e-05
2.58053e-05
-2.46678e-05
2.10982e-05
-1.65338e-05
1.73728e-05
-1.04834e-05
1.42461e-05
-5.94565e-06
1.15463e-05
-2.45226e-06
9.25162e-06
9.57788e-08
7.1618e-06
2.05958e-06
5.23289e-06
3.49817e-06
3.41928e-06
4.50846e-06
1.67752e-06
5.15222e-06
5.17663e-06
0.000329703
0.00046444
0.00028986
0.000108944
0.000215702
-7.29333e-05
0.000144233
-9.7098e-05
9.73999e-05
-6.95836e-05
6.99848e-05
-4.82264e-05
5.2758e-05
-3.44027e-05
4.09629e-05
-2.40296e-05
3.24469e-05
-1.61518e-05
2.60485e-05
-1.01355e-05
2.10631e-05
-5.49809e-06
1.70362e-05
-1.91878e-06
1.373e-05
8.53977e-07
1.08587e-05
2.96707e-06
8.33768e-06
4.58058e-06
6.05867e-06
5.7771e-06
3.94461e-06
6.62252e-06
1.93299e-06
7.16395e-06
7.10971e-06
0.000363657
0.000377702
0.00032234
0.000150261
0.00023314
1.62672e-05
0.000156916
-2.0874e-05
0.000109451
-2.21183e-05
8.02562e-05
-1.90316e-05
6.08022e-05
-1.49486e-05
4.71933e-05
-1.04207e-05
3.72777e-05
-6.23615e-06
2.97958e-05
-2.65362e-06
2.3974e-05
3.23703e-07
1.93019e-05
2.7534e-06
1.54504e-05
4.70543e-06
1.21726e-05
6.24482e-06
9.31246e-06
7.44062e-06
6.74794e-06
8.34153e-06
4.38517e-06
8.98532e-06
2.14793e-06
9.40135e-06
9.25777e-06
0.000277139
0.000289792
0.000260166
0.000167234
0.000198469
7.79641e-05
0.000144501
3.30937e-05
0.000107992
1.43908e-05
8.24673e-05
6.49353e-06
6.39672e-05
3.5517e-06
5.03341e-05
3.21253e-06
4.00723e-05
4.02575e-06
3.21629e-05
5.25569e-06
2.59198e-05
6.5668e-06
2.08732e-05
7.79998e-06
1.66934e-05
8.88522e-06
1.31403e-05
9.79783e-06
1.00427e-05
1.05381e-05
7.2706e-06
1.11136e-05
4.72205e-06
1.1534e-05
2.31322e-06
1.18104e-05
1.15711e-05
0.000176516
0.000231583
0.00017951
0.00016424
0.000154342
0.000103132
0.000124743
6.26932e-05
9.94346e-05
3.96992e-05
7.91625e-05
2.67658e-05
6.31931e-05
1.95214e-05
5.0715e-05
1.56908e-05
4.0922e-05
1.38186e-05
3.31449e-05
1.30328e-05
2.68737e-05
1.28379e-05
2.17268e-05
1.2947e-05
1.7418e-05
1.31939e-05
1.37316e-05
1.34842e-05
1.05042e-05
1.37654e-05
7.60895e-06
1.40089e-05
4.9437e-06
1.41994e-05
2.42315e-06
1.43312e-05
1.39945e-05
0.000118835
0.000196886
0.000128998
0.000154078
0.000120709
0.000111421
0.000104659
7.87433e-05
8.77936e-05
5.65647e-05
7.26037e-05
4.19559e-05
5.96609e-05
3.24643e-05
4.89313e-05
2.64203e-05
4.01248e-05
2.2625e-05
3.28895e-05
2.0268e-05
2.6902e-05
1.88255e-05
2.18893e-05
1.79597e-05
1.76294e-05
1.74538e-05
1.39444e-05
1.71691e-05
1.06922e-05
1.70175e-05
7.75787e-06
1.69433e-05
5.04616e-06
1.69113e-05
2.47562e-06
1.69021e-05
1.64702e-05
8.75071e-05
0.00017466
9.69652e-05
0.00014462
9.47985e-05
0.000113588
8.61686e-05
8.73733e-05
7.53284e-05
6.74051e-05
6.44381e-05
5.28463e-05
5.44225e-05
4.24799e-05
4.56207e-05
3.52221e-05
3.80583e-05
3.01873e-05
3.16172e-05
2.67092e-05
2.6132e-05
2.43108e-05
2.14338e-05
2.26579e-05
1.73684e-05
2.15192e-05
1.38015e-05
2.07359e-05
1.06189e-05
2.02001e-05
7.72375e-06
1.98386e-05
5.03252e-06
1.96028e-05
2.47185e-06
1.9463e-05
1.89422e-05
6.50229e-05
0.000159379
7.30742e-05
0.000136569
7.38642e-05
0.000112798
6.97599e-05
9.14777e-05
6.31774e-05
7.39878e-05
5.57133e-05
6.03104e-05
4.82785e-05
4.99146e-05
4.13428e-05
4.21577e-05
3.5097e-05
3.64332e-05
2.95726e-05
3.22337e-05
2.47216e-05
2.91618e-05
2.04615e-05
2.69181e-05
1.66992e-05
2.52814e-05
1.33435e-05
2.40916e-05
1.03099e-05
2.32337e-05
7.52225e-06
2.26264e-05
4.91173e-06
2.22135e-05
2.41589e-06
2.19591e-05
2.13582e-05
4.70679e-05
0.000147723
5.42969e-05
0.00012934
5.67497e-05
0.000110345
5.54843e-05
9.27432e-05
5.18823e-05
7.75899e-05
4.7063e-05
6.51297e-05
4.17919e-05
5.51857e-05
3.65411e-05
4.74086e-05
3.15682e-05
4.14062e-05
2.69892e-05
3.68129e-05
2.28341e-05
3.33171e-05
1.90848e-05
3.06674e-05
1.56986e-05
2.86676e-05
1.26223e-05
2.71678e-05
9.7998e-06
2.60562e-05
7.17569e-06
2.52506e-05
4.69709e-06
2.46922e-05
2.31396e-06
2.43424e-05
2.36723e-05
3.23165e-05
0.000137871
3.91295e-05
0.000122527
4.2575e-05
0.0001069
4.31446e-05
9.21737e-05
4.16446e-05
7.909e-05
3.88414e-05
6.79329e-05
3.53344e-05
5.86928e-05
3.15437e-05
5.11995e-05
2.77378e-05
4.52124e-05
2.40716e-05
4.04793e-05
2.06219e-05
3.67669e-05
1.74151e-05
3.38743e-05
1.44468e-05
3.16359e-05
1.16948e-05
2.99197e-05
9.12792e-06
2.86231e-05
6.71031e-06
2.76682e-05
4.40463e-06
2.6998e-05
2.17362e-06
2.65736e-05
2.5846e-05
1.98808e-05
0.000128853
2.65512e-05
0.000115857
3.06689e-05
0.000102782
3.24875e-05
9.03551e-05
3.24974e-05
7.90801e-05
3.12292e-05
6.92012e-05
2.91397e-05
6.07826e-05
2.65825e-05
5.3757e-05
2.38099e-05
4.79853e-05
2.09882e-05
4.33012e-05
1.82184e-05
3.95368e-05
1.5555e-05
3.65377e-05
1.30207e-05
3.41701e-05
1.06177e-05
3.23228e-05
8.33488e-06
3.09059e-05
6.15386e-06
2.98493e-05
4.0516e-06
2.91003e-05
2.00314e-06
2.86222e-05
2.78492e-05
9.19068e-06
0.000120192
1.59358e-05
0.000109112
2.05756e-05
9.81422e-05
2.32862e-05
8.76445e-05
2.44031e-05
7.79633e-05
2.43076e-05
6.9297e-05
2.33475e-05
6.17428e-05
2.18148e-05
5.52899e-05
1.99357e-05
4.98646e-05
1.78721e-05
4.5365e-05
1.57347e-05
4.16744e-05
1.35939e-05
3.86785e-05
1.14905e-05
3.62736e-05
9.44402e-06
3.43693e-05
7.45984e-06
3.289e-05
5.53372e-06
3.17754e-05
3.65528e-06
3.09789e-05
1.81082e-06
3.04668e-05
2.966e-05
1.58607e-07
0.000111587
6.94538e-06
0.000102325
1.19743e-05
9.31134e-05
1.53483e-05
8.42706e-05
1.72977e-05
7.60139e-05
1.80996e-05
6.84952e-05
1.80349e-05
6.18076e-05
1.73428e-05
5.59822e-05
1.62228e-05
5.09847e-05
1.48244e-05
4.67637e-05
1.32596e-05
4.32393e-05
1.16066e-05
4.03317e-05
9.91659e-06
3.79636e-05
8.22142e-06
3.60645e-05
6.53863e-06
3.45729e-05
4.87542e-06
3.34387e-05
3.23199e-06
3.26224e-05
1.60455e-06
3.20943e-05
3.12647e-05
-7.39667e-06
0.000102993
-5.03758e-07
9.54321e-05
4.75831e-06
8.78513e-05
8.56223e-06
8.04666e-05
1.11077e-05
7.34685e-05
1.2589e-05
6.70138e-05
1.32322e-05
6.11645e-05
1.32284e-05
5.59862e-05
1.27435e-05
5.14698e-05
1.19185e-05
4.75888e-05
1.08616e-05
4.42964e-05
9.65301e-06
4.15404e-05
8.34957e-06
3.92672e-05
6.99058e-06
3.74235e-05
5.60272e-06
3.59608e-05
4.2018e-06
3.48398e-05
2.79651e-06
3.40279e-05
1.39129e-06
3.34997e-05
3.2656e-05
-1.35995e-05
9.45145e-05
-6.69238e-06
8.85249e-05
-1.25349e-06
8.24124e-05
2.85141e-06
7.63617e-05
5.81177e-06
7.05081e-05
7.79466e-06
6.50309e-05
8.96598e-06
5.99932e-05
9.50397e-06
5.54483e-05
9.53811e-06
5.14358e-05
9.2033e-06
4.79238e-05
8.59031e-06
4.49096e-05
7.77924e-06
4.23516e-05
6.82968e-06
4.02169e-05
5.78498e-06
3.84684e-05
4.67865e-06
3.70673e-05
3.53241e-06
3.59862e-05
2.36186e-06
3.51986e-05
1.1766e-06
3.46851e-05
3.38326e-05
-1.85049e-05
8.62749e-05
-1.16943e-05
8.17142e-05
-6.20413e-06
7.69222e-05
-1.90489e-06
7.20624e-05
1.32342e-06
6.72797e-05
3.66542e-06
6.26889e-05
5.24493e-06
5.84138e-05
6.19464e-06
5.44987e-05
6.65868e-06
5.0972e-05
6.71641e-06
4.78663e-05
6.48021e-06
4.51459e-05
6.01621e-06
4.28158e-05
5.38445e-06
4.08488e-05
4.63026e-06
3.92228e-05
3.78734e-06
3.79104e-05
2.88314e-06
3.68905e-05
1.93912e-06
3.61427e-05
9.63797e-07
3.56604e-05
3.47964e-05
-2.2221e-05
7.83944e-05
-1.56137e-05
7.5107e-05
-1.01823e-05
7.14908e-05
-5.81593e-06
6.7696e-05
-2.4007e-06
6.38645e-05
1.72185e-07
6.01161e-05
2.03727e-06
5.65488e-05
3.31591e-06
5.32202e-05
4.09168e-06
5.01963e-05
4.49128e-06
4.74668e-05
4.56965e-06
4.50677e-05
4.40254e-06
4.2983e-05
4.04631e-06
4.12052e-05
3.54948e-06
3.97198e-05
2.94682e-06
3.85133e-05
2.26761e-06
3.75699e-05
1.53617e-06
3.68742e-05
7.57128e-07
3.64395e-05
3.55535e-05
-2.48754e-05
7.09697e-05
-1.85629e-05
6.87944e-05
-1.32835e-05
6.62115e-05
-8.94874e-06
6.33612e-05
-5.4667e-06
6.03825e-05
-2.74199e-06
5.73914e-05
-6.7466e-07
5.44815e-05
8.23158e-07
5.17224e-05
1.87019e-06
4.91493e-05
2.52203e-06
4.6815e-05
2.85977e-06
4.473e-05
2.94414e-06
4.28988e-05
2.82824e-06
4.13212e-05
2.5584e-06
3.99898e-05
2.17027e-06
3.89015e-05
1.6972e-06
3.8043e-05
1.16195e-06
3.74095e-05
5.59991e-07
3.70415e-05
3.61135e-05
-2.66069e-05
6.40683e-05
-2.06586e-05
6.28461e-05
-1.56048e-05
6.11579e-05
-1.13793e-05
5.91359e-05
-7.91034e-06
5.69138e-05
-5.12098e-06
5.46022e-05
-2.93016e-06
5.22907e-05
-1.25686e-06
5.00491e-05
-3.43623e-08
4.79267e-05
8.15534e-07
4.5965e-05
1.35868e-06
4.41868e-05
1.64995e-06
4.26076e-05
1.73871e-06
4.12326e-05
1.66746e-06
4.00611e-05
1.46897e-06
3.91001e-05
1.17771e-06
3.83344e-05
8.19769e-07
3.77675e-05
3.80742e-07
3.74805e-05
3.64943e-05
-2.75547e-05
5.77292e-05
-2.20171e-05
5.73086e-05
-1.72426e-05
5.63836e-05
-1.3186e-05
5.50795e-05
-9.79421e-06
5.35221e-05
-7.00725e-06
5.18153e-05
-4.76122e-06
5.00447e-05
-2.99136e-06
4.82792e-05
-1.63631e-06
4.65716e-05
-6.34672e-07
4.49633e-05
6.88509e-08
4.34833e-05
5.25339e-07
4.21511e-05
7.80894e-07
4.09771e-05
8.71498e-07
3.99706e-05
8.4153e-07
3.91301e-05
7.12981e-07
3.84629e-05
5.12369e-07
3.79681e-05
2.27229e-07
3.77656e-05
3.67215e-05
-2.785e-05
5.19655e-05
-2.27486e-05
5.22075e-05
-1.82895e-05
5.19247e-05
-1.44456e-05
5.12358e-05
-1.11802e-05
5.02569e-05
-8.44829e-06
4.90835e-05
-6.20038e-06
4.77968e-05
-4.38456e-06
4.64633e-05
-2.94921e-06
4.51361e-05
-1.84341e-06
4.38575e-05
-1.01895e-06
4.26588e-05
-4.30977e-07
4.15632e-05
-3.97947e-08
4.0586e-05
1.92171e-07
3.97387e-05
2.96128e-07
3.90262e-05
3.04189e-07
3.84549e-05
2.3917e-07
3.80331e-05
9.45461e-08
3.79103e-05
3.68161e-05
-2.76111e-05
4.67705e-05
-2.29544e-05
4.7551e-05
-1.88315e-05
4.7802e-05
-1.52304e-05
4.76349e-05
-1.21277e-05
4.71543e-05
-9.49146e-06
4.64473e-05
-7.28416e-06
4.55894e-05
-5.46481e-06
4.46438e-05
-3.99119e-06
4.36624e-05
-2.82093e-06
4.26872e-05
-1.91299e-06
4.17509e-05
-1.22845e-06
4.08786e-05
-7.31397e-07
4.0089e-05
-3.88161e-07
3.93955e-05
-1.69143e-07
3.88073e-05
-4.50606e-08
3.83309e-05
8.64999e-09
3.79794e-05
-1.81127e-08
3.79371e-05
3.6798e-05
-2.69411e-05
4.21233e-05
-2.27247e-05
4.33348e-05
-1.89468e-05
4.40243e-05
-1.5607e-05
4.42953e-05
-1.26928e-05
4.42401e-05
-1.01827e-05
4.39373e-05
-8.04935e-06
4.3456e-05
-6.26103e-06
4.28555e-05
-4.78382e-06
4.21852e-05
-3.58283e-06
4.14862e-05
-2.62343e-06
4.07915e-05
-1.87204e-06
4.01273e-05
-1.29685e-06
3.95138e-05
-8.67811e-07
3.89665e-05
-5.57164e-07
3.84967e-05
-3.38223e-07
3.8112e-05
-1.87808e-07
3.78291e-05
-1.07346e-07
3.78567e-05
3.66907e-05
-2.59281e-05
3.79942e-05
-2.21385e-05
3.95454e-05
-1.87053e-05
4.05912e-05
-1.56362e-05
4.12263e-05
-1.29272e-05
4.15311e-05
-1.05655e-05
4.15755e-05
-8.53167e-06
4.14223e-05
-6.80202e-06
4.11258e-05
-5.34972e-06
4.07329e-05
-4.14637e-06
4.02829e-05
-3.16299e-06
3.98082e-05
-2.3709e-06
3.93353e-05
-1.74224e-06
3.88852e-05
-1.25031e-06
3.84747e-05
-8.69752e-07
3.81162e-05
-5.76237e-07
3.78185e-05
-3.48021e-07
3.76009e-05
-1.78461e-07
3.76871e-05
3.65122e-05
-2.46462e-05
3.43482e-05
-2.1264e-05
3.61632e-05
-1.81682e-05
3.74955e-05
-1.53723e-05
3.84304e-05
-1.28783e-05
3.90372e-05
-1.06801e-05
3.93774e-05
-8.76511e-06
3.95073e-05
-7.11583e-06
3.94766e-05
-5.71157e-06
3.93288e-05
-4.52949e-06
3.91009e-05
-3.5456e-06
3.88244e-05
-2.73561e-06
3.85254e-05
-2.07539e-06
3.82251e-05
-1.54137e-06
3.79408e-05
-1.11077e-06
3.76857e-05
-7.61515e-07
3.74693e-05
-4.73214e-07
3.73127e-05
-2.33081e-07
3.7447e-05
3.62791e-05
-2.31564e-05
3.11491e-05
-2.01586e-05
3.31654e-05
-1.73886e-05
3.47255e-05
-1.48631e-05
3.59049e-05
-1.25885e-05
3.67627e-05
-1.05638e-05
3.73528e-05
-8.78144e-06
3.77251e-05
-7.22925e-06
3.79246e-05
-5.89156e-06
3.79912e-05
-4.75026e-06
3.79597e-05
-3.78572e-06
3.786e-05
-2.97755e-06
3.77173e-05
-2.30503e-06
3.75527e-05
-1.74759e-06
3.73834e-05
-1.28497e-06
3.72231e-05
-8.97351e-07
3.70818e-05
-5.65708e-07
3.69811e-05
-2.72525e-07
3.71539e-05
3.60066e-05
-2.15082e-05
2.83607e-05
-1.88707e-05
3.05278e-05
-1.6412e-05
3.22668e-05
-1.41505e-05
3.36434e-05
-1.20957e-05
3.4708e-05
-1.02501e-05
3.55072e-05
-8.61001e-06
3.60851e-05
-7.1675e-06
3.64822e-05
-5.91101e-06
3.67349e-05
-4.82641e-06
3.68753e-05
-3.89787e-06
3.69317e-05
-3.10839e-06
3.6928e-05
-2.44041e-06
3.68849e-05
-1.8761e-06
3.68192e-05
-1.39768e-06
3.67447e-05
-9.87511e-07
3.66716e-05
-6.28016e-07
3.66216e-05
-2.97961e-07
3.68238e-05
3.57086e-05
-1.97417e-05
2.59488e-05
-1.744e-05
2.82262e-05
-1.52768e-05
3.01035e-05
-1.32709e-05
3.16375e-05
-1.14334e-05
3.28706e-05
-9.76917e-06
3.38431e-05
-8.27766e-06
3.45938e-05
-6.95404e-06
3.51588e-05
-5.7901e-06
3.55711e-05
-4.77507e-06
3.58605e-05
-3.89631e-06
3.6053e-05
-3.13986e-06
3.61717e-05
-2.49096e-06
3.62361e-05
-1.93433e-06
3.62626e-05
-1.45451e-06
3.62649e-05
-1.03603e-06
3.62531e-05
-6.62776e-07
3.62483e-05
-3.10573e-07
3.64716e-05
3.5398e-05
-1.78884e-05
2.38818e-05
-1.58993e-05
2.6237e-05
-1.40155e-05
2.82197e-05
-1.22553e-05
2.98774e-05
-1.06308e-05
3.12461e-05
-9.14804e-06
3.23604e-05
-7.80874e-06
3.32545e-05
-6.61049e-06
3.39606e-05
-5.54776e-06
3.45085e-05
-4.61252e-06
3.49253e-05
-3.79486e-06
3.52355e-05
-3.08347e-06
3.54604e-05
-2.46607e-06
3.56187e-05
-1.92975e-06
3.57263e-05
-1.46123e-06
3.57964e-05
-1.04707e-06
3.5839e-05
-6.72716e-07
3.58739e-05
-3.11651e-07
3.61105e-05
3.50864e-05
-1.59733e-05
2.2131e-05
-1.42751e-05
2.45389e-05
-1.26552e-05
2.65998e-05
-1.11306e-05
2.83529e-05
-9.71342e-06
2.98289e-05
-8.41062e-06
3.10576e-05
-7.22522e-06
3.20692e-05
-6.15668e-06
3.28921e-05
-5.20158e-06
3.35535e-05
-4.35412e-06
3.40779e-05
-3.60672e-06
3.44881e-05
-2.95034e-06
3.4804e-05
-2.37496e-06
3.50433e-05
-1.86979e-06
3.52211e-05
-1.42358e-06
3.53502e-05
-1.02484e-06
3.54402e-05
-6.60573e-07
3.55096e-05
-3.02512e-07
3.57524e-05
3.47839e-05
-1.40159e-05
2.06714e-05
-1.25893e-05
2.31123e-05
-1.12186e-05
2.52291e-05
-9.91961e-06
2.70539e-05
-8.70366e-06
2.86129e-05
-7.57812e-06
2.99321e-05
-6.54687e-06
3.10379e-05
-5.61069e-06
3.19559e-05
-4.76779e-06
3.27105e-05
-4.01424e-06
3.33243e-05
-3.34437e-06
3.38182e-05
-2.75117e-06
3.42107e-05
-2.22656e-06
3.45186e-05
-1.76171e-06
3.47562e-05
-1.34726e-06
3.49357e-05
-9.73534e-07
3.50664e-05
-6.29123e-07
3.51652e-05
-2.84476e-07
3.54078e-05
3.44994e-05
-1.20312e-05
1.94821e-05
-1.08592e-05
2.19404e-05
-9.72479e-06
2.40947e-05
-8.64187e-06
2.5971e-05
-7.62095e-06
2.75919e-05
-6.66935e-06
2.89804e-05
-5.79144e-06
3.01598e-05
-4.98895e-06
3.11533e-05
-4.26138e-06
3.19828e-05
-3.60626e-06
3.26691e-05
-3.0196e-06
3.32314e-05
-2.49608e-06
3.36871e-05
-2.02941e-06
3.40519e-05
-1.61252e-06
3.43393e-05
-1.23779e-06
3.45609e-05
-8.97257e-07
3.47259e-05
-5.81102e-07
3.48491e-05
-2.58865e-07
3.50856e-05
3.42406e-05
-1.00312e-05
1.85455e-05
-9.09957e-06
2.10088e-05
-8.1899e-06
2.31849e-05
-7.31432e-06
2.50953e-05
-6.48237e-06
2.67598e-05
-5.70104e-06
2.81989e-05
-4.97494e-06
2.94335e-05
-4.30647e-06
3.04846e-05
-3.69611e-06
3.13722e-05
-3.14264e-06
3.21154e-05
-2.64343e-06
3.2732e-05
-2.19469e-06
3.32382e-05
-1.79169e-06
3.36488e-05
-1.42897e-06
3.39765e-05
-1.10052e-06
3.42324e-05
-8.00004e-07
3.44254e-05
-5.19188e-07
3.45683e-05
-2.27013e-07
3.47935e-05
3.40137e-05
-8.02574e-06
1.78481e-05
-7.32268e-06
2.03057e-05
-6.62791e-06
2.24901e-05
-5.95188e-06
2.44192e-05
-5.30313e-06
2.61109e-05
-4.68825e-06
2.75838e-05
-4.11193e-06
2.8857e-05
-3.57703e-06
2.99495e-05
-3.0848e-06
3.08797e-05
-2.63504e-06
3.16654e-05
-2.22631e-06
3.2323e-05
-1.85614e-06
3.28679e-05
-1.52122e-06
3.33137e-05
-1.21755e-06
3.36728e-05
-9.40636e-07
3.39555e-05
-6.85655e-07
3.41705e-05
-4.46006e-07
3.43287e-05
-1.90321e-07
3.45379e-05
3.38234e-05
-6.02228e-06
1.73792e-05
-5.53793e-06
1.98213e-05
-5.04944e-06
2.20016e-05
-4.56585e-06
2.39355e-05
-4.09481e-06
2.56397e-05
-3.64249e-06
2.71313e-05
-3.21356e-06
2.84278e-05
-2.81122e-06
2.95469e-05
-2.43732e-06
3.05056e-05
-2.09251e-06
3.13204e-05
-1.77638e-06
3.20067e-05
-1.48761e-06
3.2579e-05
-1.22418e-06
3.30502e-05
-9.83421e-07
3.3432e-05
-7.62246e-07
3.37344e-05
-5.57265e-07
3.39656e-05
-3.63589e-07
3.41351e-05
-1.50325e-07
3.43247e-05
3.36731e-05
-4.05615e-06
1.71364e-05
-3.78639e-06
1.95516e-05
-3.49938e-06
2.17145e-05
-3.20321e-06
2.36392e-05
-2.90496e-06
2.53413e-05
-2.61061e-06
2.68368e-05
-2.32497e-06
2.8142e-05
-2.05165e-06
2.92734e-05
-1.79316e-06
3.0247e-05
-1.551e-06
3.10781e-05
-1.32575e-06
3.17814e-05
-1.11723e-06
3.23704e-05
-9.24608e-07
3.28576e-05
-7.4652e-07
3.32539e-05
-5.81207e-07
3.35691e-05
-4.26712e-07
3.38111e-05
-2.79762e-07
3.39883e-05
-1.1106e-07
3.41561e-05
3.3562e-05
-1.64351e-06
-1.57421e-06
-1.48909e-06
-1.39199e-06
-1.28659e-06
-1.17628e-06
-1.06404e-06
-9.52322e-07
-8.43083e-07
-7.3774e-07
-6.37228e-07
-5.42046e-07
-4.52312e-07
-3.67832e-07
-2.8817e-07
-2.12794e-07
-1.39842e-07
-5.41237e-08
)
;

boundaryField
{
    leftWall
    {
        type            calculated;
        value           uniform 0;
    }
    rightWall
    {
        type            calculated;
        value           uniform 0;
    }
    lowerWall
    {
        type            calculated;
        value           uniform 0;
    }
    atmosphere
    {
        type            calculated;
        value           nonuniform List<scalar> 
46
(
-4.81355e-05
-4.82005e-05
-4.7534e-05
-4.65175e-05
-4.51616e-05
-4.34837e-05
-4.15021e-05
-3.92375e-05
-3.67135e-05
-3.39569e-05
-3.09972e-05
-2.78665e-05
-2.45989e-05
-2.1229e-05
-1.7792e-05
-1.43214e-05
-1.08483e-05
-7.39884e-06
-3.99103e-06
-6.36739e-07
2.63863e-06
5.66635e-06
8.44998e-06
4.89578e-06
5.44485e-06
5.97007e-06
6.47326e-06
1.70869e-05
1.94822e-05
2.16293e-05
2.3542e-05
2.52358e-05
2.67264e-05
2.80297e-05
2.91616e-05
3.01377e-05
3.09727e-05
3.16809e-05
3.22752e-05
3.27678e-05
3.31695e-05
3.34895e-05
3.37358e-05
3.39153e-05
3.40704e-05
3.35079e-05
)
;
    }
    defaultFaces
    {
        type            empty;
    }
}


// ************************************************************************* //
