/*--------------------------------*- C++ -*----------------------------------*\
  =========                 |
  \\      /  F ield         | OpenFOAM: The Open Source CFD Toolbox
   \\    /   O peration     | Website:  https://openfoam.org
    \\  /    A nd           | Version:  13
     \\/     M anipulation  |
\*---------------------------------------------------------------------------*/
FoamFile
{
    format      ascii;
    class       volScalarField;
    location    "0.15";
    object      rho;
}
// * * * * * * * * * * * * * * * * * * * * * * * * * * * * * * * * * * * * * //

dimensions      [1 -3 0 0 0 0 0];

internalField   nonuniform List<scalar> 
2268
(
1000
1000
1000
1000
1000
1000
1000
1000
1000
1000
1000
1000
1000
1000
1000
1000
1000
1000
999.989
999.975
999.974
974.086
716.172
1000
1000
1000
1000
1000
1000
1000
1000
1000
1000
1000
1000
1000
1000
1000
1000
1000
1000
999.998
999.917
999.969
999.962
741.02
1000
1000
1000
1000
1000
1000
1000
1000
1000
1000
1000
1000
1000
1000
1000
1000
1000
1000
1000
999.999
999.932
999.929
752.768
1000
1000
1000
1000
1000
1000
1000
1000
1000
1000
1000
1000
1000
1000
1000
1000
1000
1000
1000
1000
999.961
999.95
826.737
1000
1000
1000
1000
1000
1000
1000
1000
1000
1000
1000
1000
1000
1000
1000
1000
1000
1000
1000
1000
999.914
999.867
985.038
1000
1000
1000
1000
1000
1000
1000
1000
1000
1000
1000
1000
1000
1000
1000
1000
1000
1000
1000
999.007
999.688
999.667
999.614
1000
1000
1000
1000
1000
1000
1000
1000
1000
1000
1000
1000
1000
1000
1000
1000
1000
999.999
1000
987.746
992.72
998.178
996.233
1000
1000
1000
1000
1000
1000
1000
1000
1000
1000
1000
1000
1000
1000
1000
1000
999.987
999.977
999.969
935.989
806.22
961.025
990.656
1
1
1
1
1
1
1
1
1
1
1
1
1
1
1
1
1
1
1
1
1
1
1
1
1
1
1
1
1
1
1
1
1
1
1
1
1
1
1
1
1
1
1
1
1
1
1
1
1
1
1
1
1
1
1
1
1
1
1
1
1
1
1
1
1
1
1
1
1
1
1
1
1
1
1
1
1
1
1
1
1
1
1
1
1
1
1
1
1
1
1
1
1
1
1
1
1
1
1
1
1
1
1
1
1
1
1
1
1
1
1
1
1
1
1
1
1
1
1
1
1
1
1
1
1
1
1
1
1
1
1
1
1
1
1
1
1
1
1
1
1
1
1
1
1
1
1
1
1
1
1
1
1000
1000
1000
1000
1000
1000
1000
1000
1000
1000
1000
1000
1000
1000
1000
999.985
999.949
999.48
917.476
552.434
113.525
280.329
949.461
1000
1000
1000
1000
1000
1000
1000
1000
1000
1000
1000
1000
1000
1000
999.997
999.976
999.088
796.469
219.364
6.83948
6.10973
13.9737
872.019
1000
1000
1000
1000
1000
1000
1000
1000
1000
1000
1000
1000
1000
1000
999.992
999.657
770.089
129.631
4.10274
1.71885
2.15078
5.12815
470.318
1000
1000
1000
1000
1000
1000
1000
1000
1000
1000
1000
1000
1000
999.999
999.929
883.27
174.525
4.12088
1.35881
1.09213
1.2571
2.22032
18.0609
1000
1000
1000
1000
1000
1000
1000
1000
1000
1000
1000
1000
999.999
999.992
999.278
324.451
4.68326
1.3555
1.04734
1.01546
1.04581
1.24271
2.43743
1000
1000
1000
1000
1000
1000
1000
1000
1000
1000
1000
1000
999.997
999.85
605.731
19.0943
1.39835
1.04091
1.00544
1.0023
1.00964
1.05937
1.33782
1000
1000
1000
1000
1000
1000
1000
1000
1000
1000
999.999
999.997
999.977
965.573
165.854
1.93635
1.08415
1.00492
1.00057
1.00035
1.00175
1.00911
1.0842
1000
1000
1000
1000
1000
1000
1000
999.999
999.998
999.996
999.992
999.977
999.814
463.302
4.21712
1.13197
1.05879
1.00043
1.00006
1.00005
1.00029
1.0039
1.01438
999.999
999.999
999.999
999.999
999.998
999.997
999.995
999.991
999.982
999.962
999.9
999.813
997.647
138.659
1.34224
1.03882
1.00358
1.00009
1.00001
1.00001
1.00004
1.00073
1.00283
999.993
999.986
999.987
999.984
999.977
999.967
999.949
999.914
999.832
999.645
999.383
998.254
656.34
30.8714
1.29817
1.09015
1.00009
1.00004
1.00001
1
1.00001
1.00007
1.0004
999.916
999.859
999.859
999.827
999.768
999.671
999.512
999.213
998.518
996.786
988.159
918.263
318.007
16.8292
1.05328
1.01674
1.00009
1.00008
1.00001
1
1
1.00001
1.00005
999.058
998.586
998.55
998.235
997.691
996.836
992.996
969.406
903.069
751.185
506.596
243.311
49.4491
29.8498
3.15046
1.00317
1.00054
1.00002
1
1
1
1
1.00001
896.616
854.525
843.413
805.611
747.383
663.538
544.143
381.785
224.512
79.3082
1.00056
1.00139
1.00255
19.5397
11.4209
1.04272
1.00052
1.00001
1
1
1
1
1
201.036
152.805
140.622
108.143
70.265
31.572
1
1
1
1.00002
1.00032
1.00056
1.00139
1.13191
11.4092
2.83437
1.00089
1.00001
1
1
1
1
1
1
1
1
1
1
1
1
1
1
1
1.00002
1.00053
1.00194
1.00606
11.2513
3.4723
1.0064
1.00023
1
1
1
1
1
1
1
1
1
1
1
1
1
1
1.00007
1.00523
1.00641
1.00995
1.00868
5.75771
2.64699
1.00003
1
1
1
1
1
1
1
1
1
1
1
1
1
1
1.00004
1.0007
1.01487
1.41466
1.72752
1.60389
2.45267
1.24682
1.00001
1
1
1
1
1
1
1
1
1
1
1
1
1
1
1.00005
1.00085
1.01359
1.77874
2.17291
2.17577
1.77814
1.00008
1
1
1
1
1
1
1
1
1
1
1
1
1
1
1
1.00001
1.00042
1.00158
1.32009
2.05673
1.45867
1.00083
1.00005
1
1
1
1
1
1
1
1
1
1
1
1
1
1
1
1.00006
1.00059
1.00044
1
1
1.0135
1.00006
1.00001
1
1
1
1
1
1
1
1
1
1
1
1
1
1
1
1
1
1
1
1
1
1
1
1
1
1
1
1
1
1
1
1
1
1
1
1
1
1
1
1
1
1
1
1
1
1
1
1
1
1
1
1
1
1
1
1
1
1
1
1
1
1
1
1
1
1
1
1
1
1
1
1
1
1
1
1
1
1
1
1
1
1
1
1
1
1
1
1
1
1
1
1
1
1
1
1
1
1
1
1
1
1
1
1
1
1
1
1
1
1
1
1
1
1
1
1
1
1
1
1
1
1
1
1
1
1
1
1
1
1
1
1
1
1
1
1
1
1
1
1
1
1
1
1
1
1
1
1
1
1
1
1
1
1
1
1
1
1
1
1
1
1
1
1
1
1
1
1
1
1
1
1
1
1
1
1
1
1
1
1
1
1
1
1
1
1
1
1
1
1
1
1
1
1
1
1
1
1
1
1
1
1
1
1
1
1
1
1
1
1
1
1
1
1
1
1
1
1
1
1
1
1
1
1
1
1
1
1
1
1
1
1
1
1
1
1
1
1
1
1
1
1
1
1
1
1
1
1
1
1
1
1
1
1
1
1
1
1
1
1
1
1
1
1
1
1
1
1
1
1
1
1
1
1
1
1
1
1
1
1
1
1
1
1
1
1
1
1
1
1
1
1
1
1
1
1
1
1
1
1
1
1
1
1
1
1
1
1
1
1
1
1
1
1
1
1
1
1
1
1
1
1
1
1
1
1
1
1
1
1
1
1
1
1
1
1
1
1
1
1
1
1
1
1
1
1
1
1
1
1
1
1
1
1
1
1
1
1
1
1
1
1
1
1
1
1
1
1
1
1
1
1
1
1
1
1
1
1
1
1
1
1
1
1
1
1
1
1
1
1
1
1
1
1
1
1
1
1
1
1
1
1
1
1
1
1
1
1
1
1
1
1
1
1
1
1
1
1
1
1
1
1
1
1
1
1
1
1
1
1
1
1
1
1
1
1
1
1
1
1
1
1
1
1
1
1
1
1
1
1
1
1
1
1
1
1
1
1
1
1
1
1
1
1
1
1
1
1
1
1
1
1
1
1
1
1
1
1
1
1
1
1
1
1
1
1
1
1
1
1
1
1
1
1
1
1
1
1
1
1
1
1
1
1
1
1
1
1
1
1
1
1
1
367.683
1
1
1
502.41
18.3384
1
1.00011
492.962
109.992
1.06089
1.00021
348.71
218.777
4.26414
1.20286
51.7811
191.919
57.4516
1.57137
5.1585
44.6064
65.6421
38.3438
1.96688
3.95294
25.8441
38.0513
1.22181
1.5757
1.96072
4.54133
1.03149
1.11251
1.15347
1.16566
1.00451
1.01459
1.02192
1.02371
1.00059
1.00175
1.00272
1.00287
1.00007
1.00019
1.0003
1.00031
1.00001
1.00002
1.00003
1.00003
1
1
1
1
1
1
1
1
1
1
1
1
1
1
1
1
1
1
1
1
1
1
1
1
1
1
1
1
1
1
1
1
1
1
1
1
1
1
1
1
1
1
1
1
1
1
1
1
1
1
1
1
1
1
1
1
1
1
1
1
1
1
1
1
1
1
1
1
1
1
1
1
1
1
1
1
1
1
1
1
1
1
1
1
1
1
1
1
1
1
1
1
1
1
1
1
1
1
1
1
1
1
1
1
1
1
1
1
1
1
1
1
1
1
1
1
1
1
1
1
1
1
1
1
1
1
1
1
1
1
1
1
1
1
1
1.00023
1.00005
1.00001
1
1
1
1
1
1
1
1
1
1
1
1
1
1
1
1
1.00066
1.00494
1.00049
1
1
1
1
1
1
1
1
1
1
1
1
1
1
1
1
1.00071
1.03808
1.01666
1.00122
1.00005
1
1
1
1
1
1
1
1
1
1
1
1
1
1
1.04361
1.05585
1.04349
1.00498
1.00022
1.00001
1
1
1
1
1
1
1
1
1
1
1
1
1
2.84122
1.14296
1.04023
1.00444
1.00028
1.00001
1
1
1
1
1
1
1
1
1
1
1
1
1
11.6012
1.45016
1.04032
1.00357
1.00023
1.00001
1
1
1
1
1
1
1
1
1
1
1
1
1
6.07214
1.9515
1.02008
1.00161
1.00011
1.00001
1
1
1
1
1
1
1
1
1
1
1
1
1
1.1158
1.1022
1.00674
1.00021
1.00001
1
1
1
1
1
1
1
1
1
1
1
1
1
1
1.01277
1.00358
1.0004
1.00003
1
1
1
1
1
1
1
1
1
1
1
1
1
1
1
1.00146
1.00032
1.00004
1
1
1
1
1
1
1
1
1
1
1
1
1
1
1
1
1.00015
1.00003
1
1
1
1
1
1
1
1
1
1
1
1
1
1
1
1
1
1.00001
1
1
1
1
1
1
1
1
1
1
1
1
1
1
1
1
1
1
1
1
1
1
1
1
1
1
1
1
1
1
1
1
1
1
1
1
1
1
1
1
1
1
1
1
1
1
1
1
1
1
1
1
1
1
1
1
1
1
1
1
1
1
1
1
1
1
1
1
1
1
1
1
1
1
1
1
1
1
1
1
1
1
1
1
1
1
1
1
1
1
1
1
1
1
1
1
1
1
1
1
1
1
1
1
1
1
1
1
1
1
1
1
1
1
1
1
1
1
1
1
1
1
1
1
1
1
1
1
1
1
1
1
1
1
1
1
1
1
1
1
1
1
1
1
1
1
1
1
1
1
1
1
1
1
1
1
1
1
1
1
1
1
1
1
1
1
1
1
1
1
1
1
1
1
1
1
1
1
1
1
1
1
1
1
1
1
1
1
1
1
1
1
1
1
1
1
1
1
1
1
1
1
1
1
1
1
1
1
1
1
1
1
1
1
1
1
1
1
1
1
1
1
1
1
1
1
1
1
1
1
1
1
1
1
1
1
1
1
1
1
1
1
1
1
1
1
1
1
1
1
1
1
1
1
1
1
1
1
1
1
1
1
1
1
1
1
1
1
1
1
1
1
1
1
1
1
1
1
1
1
1
1
1
1
1
1
1
1
1
1
1
1
1
1
1
1
1
1
1
1
1
1
1
1
1
1
1
1
1
1
1
1
1
1
1
1
1
1
1
1
1
1
1
1
1
1
1
1
1
1
1
1
1
1
1
1
1
1
1
1
1
1
1
1
1
1
1
1
1
1
1
1
1
1
1
1
1
1
1
1
1
1
1
1
1
1
1
1
1
1
1
1
1
1
1
1
1
1
1
1
1
1
1
1
1
1
1
1
1
1
1
1
1
1
1
1
1
1
1
1
1
1
1
1
1
1
1
1
1
1
1
1
1
1
1
1
1
1
1
1
1
1
1
1
1
1
1
1
1
1
1
1
1
1
1
1
1
1
1
1
1
1
1
1
1
1
1
1
1
1
1
1
1
1
1
1
1
1
1
1
1
1
1
1
1
1
1
1
1
1
1
1
1
1
1
1
1
1
1
1
1
1
1
1
1
1
1
1
1
1
1
1
1
1
1
1
1
1
1
1
1
1
1
1
1
1
1
1
1
1
1
1
1
1
1
1
1
1
1
1
1
1
1
1
1
1
1
1
1
1
1
1
1
1
1
1
1
1
1
1
1
1
1
1
1
1
1
1
1
1
1
1
1
1
1
1
1
1
1
1
1
1
1
1
1
1
1
1
1
)
;

boundaryField
{
    leftWall
    {
        type            calculated;
        value           nonuniform List<scalar> 
50
(
1000
1000
1000
1000
1000
1000
1000
1000
1000
1000
1000
1000
1000
1000
1000
1000
999.999
999.993
999.916
999.058
896.616
201.036
1
1
1
1
1
1
1
1
1
1
1
1
1
1
1
1
1
1
1
1
1
1
1
1
1
1
1
1
)
;
    }
    rightWall
    {
        type            calculated;
        value           uniform 1;
    }
    lowerWall
    {
        type            calculated;
        value           nonuniform List<scalar> 
62
(
1000
1000
1000
1000
1000
1000
1000
1000
1000
1000
1000
1000
1000
1000
1000
1000
1000
1000
999.989
999.975
999.974
974.086
716.172
716.172
741.02
752.768
826.737
985.038
999.614
996.233
990.656
367.683
1
1
1
1
1
1
1
1
1
1
1
1
1
1
1
1
1
1
1
1
1
1
1
1
1
1
1
1
1
1
)
;
    }
    atmosphere
    {
        type            calculated;
        value           uniform 1;
    }
    defaultFaces
    {
        type            empty;
    }
}


// ************************************************************************* //
