/*--------------------------------*- C++ -*----------------------------------*\
  =========                 |
  \\      /  F ield         | OpenFOAM: The Open Source CFD Toolbox
   \\    /   O peration     | Website:  https://openfoam.org
    \\  /    A nd           | Version:  13
     \\/     M anipulation  |
\*---------------------------------------------------------------------------*/
FoamFile
{
    format      ascii;
    class       volVectorField;
    location    "0.15";
    object      U;
}
// * * * * * * * * * * * * * * * * * * * * * * * * * * * * * * * * * * * * * //

dimensions      [0 1 -1 0 0 0 0];

internalField   nonuniform List<vector> 
2268
(
(0.0214534 -0.0115612 0)
(0.0851274 -0.0183903 0)
(0.16439 -0.0182344 0)
(0.24094 -0.0172684 0)
(0.313559 -0.0170776 0)
(0.386153 -0.0174748 0)
(0.461352 -0.0181517 0)
(0.539799 -0.0189316 0)
(0.621628 -0.0197392 0)
(0.706867 -0.0205308 0)
(0.795277 -0.0212478 0)
(0.886359 -0.0217881 0)
(0.979101 -0.0219397 0)
(1.07131 -0.021358 0)
(1.15907 -0.0196359 0)
(1.2364 -0.0163097 0)
(1.29449 -0.0103122 0)
(1.32157 0.0024079 0)
(1.28358 0.0282604 0)
(1.11797 0.0741824 0)
(0.777781 0.121429 0)
(0.248904 0.119396 0)
(-0.117717 -0.0568557 0)
(0.0215242 -0.0348025 0)
(0.085461 -0.0551164 0)
(0.164803 -0.0547341 0)
(0.241233 -0.0519156 0)
(0.313837 -0.051342 0)
(0.386534 -0.0525323 0)
(0.461868 -0.0545666 0)
(0.54044 -0.0569134 0)
(0.622409 -0.059357 0)
(0.70786 -0.0617519 0)
(0.796553 -0.0639021 0)
(0.887975 -0.065542 0)
(0.981243 -0.0661228 0)
(1.07449 -0.0646538 0)
(1.16415 -0.0598462 0)
(1.2446 -0.0501101 0)
(1.30816 -0.0325727 0)
(1.34264 -0.000132058 0)
(1.3484 0.0572714 0)
(1.32078 0.155329 0)
(1.20246 0.278636 0)
(0.80287 0.341366 0)
(0.322515 0.12922 0)
(0.0215856 -0.0582385 0)
(0.0855753 -0.0916879 0)
(0.164564 -0.0911166 0)
(0.240378 -0.0865184 0)
(0.312574 -0.0855619 0)
(0.385076 -0.0875505 0)
(0.460281 -0.0909514 0)
(0.538737 -0.0948739 0)
(0.620638 -0.0989734 0)
(0.706128 -0.103005 0)
(0.795015 -0.106639 0)
(0.886882 -0.10948 0)
(0.98105 -0.110688 0)
(1.07595 -0.108662 0)
(1.16845 -0.101269 0)
(1.25363 -0.0858402 0)
(1.32441 -0.0582387 0)
(1.36971 -0.0111097 0)
(1.37347 0.0669447 0)
(1.31559 0.195124 0)
(1.20605 0.380397 0)
(0.952534 0.54505 0)
(0.511076 0.405169 0)
(0.0217308 -0.0818155 0)
(0.0857617 -0.128006 0)
(0.164196 -0.127199 0)
(0.239175 -0.120907 0)
(0.310827 -0.119634 0)
(0.383067 -0.122468 0)
(0.458113 -0.127265 0)
(0.536444 -0.132788 0)
(0.618304 -0.138587 0)
(0.703912 -0.144328 0)
(0.793162 -0.149571 0)
(0.885812 -0.153825 0)
(0.98144 -0.155991 0)
(1.07878 -0.153938 0)
(1.17536 -0.144846 0)
(1.26731 -0.125127 0)
(1.34851 -0.0890708 0)
(1.40743 -0.0267958 0)
(1.43007 0.0776237 0)
(1.38211 0.243178 0)
(1.24091 0.474714 0)
(0.963964 0.736472 0)
(0.580192 0.719552 0)
(0.0219722 -0.105515 0)
(0.0860221 -0.163966 0)
(0.163677 -0.162805 0)
(0.237625 -0.154922 0)
(0.308622 -0.153456 0)
(0.380548 -0.157213 0)
(0.45541 -0.163451 0)
(0.533614 -0.170617 0)
(0.615461 -0.178184 0)
(0.701258 -0.185742 0)
(0.79101 -0.192779 0)
(0.884726 -0.198742 0)
(0.982242 -0.20229 0)
(1.08258 -0.200889 0)
(1.18418 -0.191299 0)
(1.28476 -0.169091 0)
(1.37909 -0.12665 0)
(1.45592 -0.0512311 0)
(1.50249 0.0772798 0)
(1.48466 0.285753 0)
(1.365 0.581889 0)
(1.02029 0.931501 0)
(0.639465 1.07044 0)
(0.0223791 -0.129498 0)
(0.0863946 -0.199582 0)
(0.16299 -0.197894 0)
(0.235719 -0.18854 0)
(0.30597 -0.187035 0)
(0.377531 -0.191811 0)
(0.452166 -0.199533 0)
(0.530197 -0.208383 0)
(0.611996 -0.217793 0)
(0.697952 -0.227292 0)
(0.788221 -0.236349 0)
(0.883111 -0.244374 0)
(0.982695 -0.249756 0)
(1.08628 -0.249769 0)
(1.19344 -0.241129 0)
(1.30371 -0.218531 0)
(1.41296 -0.172071 0)
(1.51057 -0.0868964 0)
(1.58856 0.0601712 0)
(1.61843 0.304474 0)
(1.55463 0.68419 0)
(1.16984 1.13831 0)
(0.70828 1.45216 0)
(0.0230053 -0.15389 0)
(0.0868356 -0.234862 0)
(0.16203 -0.232503 0)
(0.23337 -0.221834 0)
(0.302777 -0.220454 0)
(0.373876 -0.226337 0)
(0.448171 -0.235581 0)
(0.525903 -0.246153 0)
(0.607526 -0.257476 0)
(0.693517 -0.269039 0)
(0.784207 -0.280354 0)
(0.880212 -0.290795 0)
(0.981822 -0.298468 0)
(1.08881 -0.30071 0)
(1.20197 -0.294619 0)
(1.3225 -0.273892 0)
(1.4479 -0.225701 0)
(1.56929 -0.134563 0)
(1.68524 0.019688 0)
(1.78006 0.283378 0)
(1.77991 0.749563 0)
(1.36385 1.34708 0)
(0.780155 1.88041 0)
(0.0237681 -0.178567 0)
(0.0871746 -0.269734 0)
(0.160665 -0.266522 0)
(0.230504 -0.254721 0)
(0.298953 -0.253657 0)
(0.369434 -0.260736 0)
(0.443222 -0.271542 0)
(0.520479 -0.283878 0)
(0.601758 -0.29719 0)
(0.687629 -0.310952 0)
(0.778617 -0.324764 0)
(0.875586 -0.337958 0)
(0.979032 -0.348421 0)
(1.08949 -0.353815 0)
(1.20898 -0.351824 0)
(1.33972 -0.335099 0)
(1.48168 -0.288935 0)
(1.62967 -0.202434 0)
(1.78047 -0.0650876 0)
(1.9263 0.187916 0)
(1.95736 0.739785 0)
(1.41491 1.57126 0)
(0.78331 2.36413 0)
(-0.0870359 0.0299405 0)
(-0.192055 0.0166621 0)
(-0.234364 0.00745398 0)
(-0.247546 -7.454e-05 0)
(-0.232765 -0.00432379 0)
(-0.206007 -0.00633624 0)
(-0.173784 -0.00679573 0)
(-0.141631 -0.00656171 0)
(-0.112223 -0.00588107 0)
(-0.0867162 -0.00501178 0)
(-0.0655823 -0.00413328 0)
(-0.0485962 -0.00333088 0)
(-0.0352582 -0.00264372 0)
(-0.0250664 -0.00206817 0)
(-0.0173553 -0.00156874 0)
(-0.0116271 -0.00127725 0)
(-0.00739171 -0.00100969 0)
(-0.00407396 -0.000817763 0)
(-0.00134235 -0.000711359 0)
(-0.108712 0.0941073 0)
(-0.213616 0.0477674 0)
(-0.243572 0.0190698 0)
(-0.250147 -0.00258337 0)
(-0.231248 -0.0146734 0)
(-0.201253 -0.0204569 0)
(-0.166122 -0.0217362 0)
(-0.131643 -0.0204757 0)
(-0.100807 -0.0179703 0)
(-0.0748092 -0.0149893 0)
(-0.0538942 -0.0120782 0)
(-0.0376333 -0.00945481 0)
(-0.0253616 -0.00724254 0)
(-0.0164448 -0.00543383 0)
(-0.0102 -0.00392233 0)
(-0.00601333 -0.00291186 0)
(-0.00332369 -0.00209587 0)
(-0.00163641 -0.00157324 0)
(-0.000581791 -0.00143623 0)
(-0.118736 0.165844 0)
(-0.233261 0.0785684 0)
(-0.257914 0.0286851 0)
(-0.260019 -0.00695657 0)
(-0.236317 -0.0262405 0)
(-0.203328 -0.0354489 0)
(-0.166582 -0.0373434 0)
(-0.131507 -0.0347562 0)
(-0.100553 -0.0302304 0)
(-0.0746048 -0.0249992 0)
(-0.053811 -0.019951 0)
(-0.0376734 -0.015434 0)
(-0.0255026 -0.0116437 0)
(-0.016622 -0.00859229 0)
(-0.0103955 -0.00608009 0)
(-0.00619722 -0.00428519 0)
(-0.00346181 -0.00292901 0)
(-0.00172555 -0.00210098 0)
(-0.000611275 -0.00185517 0)
(-0.141539 0.249411 0)
(-0.274292 0.110112 0)
(-0.282202 0.0352732 0)
(-0.274755 -0.0144131 0)
(-0.243594 -0.039956 0)
(-0.206125 -0.0517295 0)
(-0.166449 -0.0534532 0)
(-0.129851 -0.0492514 0)
(-0.0983411 -0.0425043 0)
(-0.0723394 -0.0349359 0)
(-0.051769 -0.0277517 0)
(-0.0359613 -0.0213617 0)
(-0.0241472 -0.0160153 0)
(-0.0155545 -0.0116867 0)
(-0.0095917 -0.00825604 0)
(-0.00562732 -0.00569192 0)
(-0.00307176 -0.00379374 0)
(-0.00150884 -0.00265558 0)
(-0.000539673 -0.00231593 0)
(-0.18147 0.345982 0)
(-0.335728 0.139735 0)
(-0.315813 0.0342846 0)
(-0.29458 -0.0269764 0)
(-0.252672 -0.0567256 0)
(-0.209234 -0.0699127 0)
(-0.165803 -0.0706766 0)
(-0.12721 -0.064201 0)
(-0.0949017 -0.0548656 0)
(-0.0688259 -0.0448371 0)
(-0.0485597 -0.0353983 0)
(-0.0331958 -0.0271679 0)
(-0.0218665 -0.0202701 0)
(-0.0137445 -0.0146062 0)
(-0.00819778 -0.0103077 0)
(-0.00457287 -0.00694849 0)
(-0.00236137 -0.0046051 0)
(-0.00110757 -0.00312371 0)
(-0.000401536 -0.00268244 0)
(-0.23191 0.484549 0)
(-0.409854 0.165338 0)
(-0.35909 0.0259249 0)
(-0.320951 -0.0457405 0)
(-0.263868 -0.0773529 0)
(-0.212349 -0.0902331 0)
(-0.164275 -0.08916 0)
(-0.123428 -0.0797345 0)
(-0.0903873 -0.0673911 0)
(-0.0643081 -0.0546736 0)
(-0.044472 -0.0428408 0)
(-0.029714 -0.0327228 0)
(-0.0189626 -0.0242486 0)
(-0.0114447 -0.0174105 0)
(-0.00643169 -0.012102 0)
(-0.00326888 -0.00807496 0)
(-0.001485 -0.00526826 0)
(-0.000581394 -0.00343723 0)
(-0.00022868 -0.00291383 0)
(-0.324689 0.611809 0)
(-0.517519 0.174213 0)
(-0.415286 0.0121824 0)
(-0.356308 -0.0722809 0)
(-0.278781 -0.103911 0)
(-0.215854 -0.113515 0)
(-0.161838 -0.109145 0)
(-0.118366 -0.0958276 0)
(-0.0846 -0.0800055 0)
(-0.0586776 -0.0642539 0)
(-0.0394641 -0.0500688 0)
(-0.0254867 -0.0379661 0)
(-0.0155156 -0.0278835 0)
(-0.00870467 -0.0199179 0)
(-0.00432077 -0.0136829 0)
(-0.00172961 -0.00902964 0)
(-0.000425699 -0.00570176 0)
(3.42505e-05 -0.00358139 0)
(-2.67403e-05 -0.00298063 0)
(-0.349318 0.893127 0)
(-0.706156 0.212037 0)
(-0.488085 -0.0218528 0)
(-0.397136 -0.10765 0)
(-0.295802 -0.13839 0)
(-0.219389 -0.14198 0)
(-0.158386 -0.1317 0)
(-0.111927 -0.113078 0)
(-0.0775571 -0.0929776 0)
(-0.0519796 -0.0737832 0)
(-0.0335789 -0.0570412 0)
(-0.0204994 -0.0429063 0)
(-0.0114629 -0.0312338 0)
(-0.00554225 -0.0221551 0)
(-0.00190218 -0.0150364 0)
(5.62973e-05 -0.00970008 0)
(0.000791301 -0.00593013 0)
(0.000742476 -0.00353817 0)
(0.000206484 -0.00285193 0)
(0.0247926 -0.217697 0)
(0.0871449 -0.323034 0)
(0.157674 -0.317716 0)
(0.225002 -0.304646 0)
(0.291713 -0.304633 0)
(0.360882 -0.31379 0)
(0.433496 -0.327097 0)
(0.509622 -0.342286 0)
(0.589969 -0.358911 0)
(0.675262 -0.376477 0)
(0.766303 -0.394785 0)
(0.864145 -0.413063 0)
(0.969676 -0.429314 0)
(1.08493 -0.442058 0)
(1.21294 -0.448941 0)
(1.35487 -0.442416 0)
(1.51139 -0.414532 0)
(1.6845 -0.366365 0)
(1.85473 -0.277887 0)
(1.95412 0.075619 0)
(1.85351 1.09956 0)
(1.44341 2.02984 0)
(0.930949 2.96599 0)
(0.0258195 -0.271361 0)
(0.0864718 -0.393166 0)
(0.152704 -0.38427 0)
(0.216213 -0.370194 0)
(0.280263 -0.372247 0)
(0.347278 -0.384463 0)
(0.417841 -0.40124 0)
(0.491954 -0.420426 0)
(0.57055 -0.441823 0)
(0.654577 -0.465043 0)
(0.745127 -0.490182 0)
(0.843261 -0.516368 0)
(0.950648 -0.542396 0)
(1.07131 -0.567735 0)
(1.20729 -0.58873 0)
(1.35362 -0.602249 0)
(1.5035 -0.61529 0)
(1.66199 -0.593011 0)
(1.81496 -0.402908 0)
(1.85522 0.220235 0)
(1.60457 1.47027 0)
(1.48432 2.36526 0)
(1.05307 3.30396 0)
(0.0266505 -0.32547 0)
(0.0849117 -0.458702 0)
(0.146169 -0.445845 0)
(0.205446 -0.431983 0)
(0.266406 -0.436826 0)
(0.330607 -0.452278 0)
(0.398306 -0.472546 0)
(0.469484 -0.49584 0)
(0.545303 -0.52232 0)
(0.62696 -0.551714 0)
(0.715459 -0.584378 0)
(0.811612 -0.619693 0)
(0.919138 -0.65748 0)
(1.0423 -0.696185 0)
(1.17368 -0.733949 0)
(1.30008 -0.77944 0)
(1.44113 -0.810517 0)
(1.59998 -0.729692 0)
(1.66975 -0.36939 0)
(1.56032 0.668596 0)
(1.3049 1.87638 0)
(1.26175 2.53513 0)
(1.10872 3.32688 0)
(0.0271069 -0.379459 0)
(0.0822541 -0.519514 0)
(0.138063 -0.50269 0)
(0.192868 -0.490187 0)
(0.250285 -0.498253 0)
(0.310942 -0.516895 0)
(0.374927 -0.540562 0)
(0.442193 -0.567976 0)
(0.514172 -0.599702 0)
(0.592293 -0.63545 0)
(0.676754 -0.675909 0)
(0.768952 -0.721251 0)
(0.87605 -0.770545 0)
(0.994228 -0.820439 0)
(1.10005 -0.881032 0)
(1.20889 -0.953198 0)
(1.35321 -0.949103 0)
(1.43187 -0.70362 0)
(1.26152 -0.0855278 0)
(0.856361 0.891768 0)
(0.74671 2.05248 0)
(0.88545 2.72646 0)
(1.02866 3.1141 0)
(0.0271263 -0.432605 0)
(0.0784627 -0.574859 0)
(0.12845 -0.554439 0)
(0.178592 -0.544334 0)
(0.231963 -0.555779 0)
(0.288308 -0.577377 0)
(0.347713 -0.604228 0)
(0.410034 -0.635637 0)
(0.477122 -0.67258 0)
(0.550402 -0.714503 0)
(0.628511 -0.763021 0)
(0.716536 -0.818853 0)
(0.821864 -0.876873 0)
(0.92002 -0.937988 0)
(0.995027 -1.02566 0)
(1.11347 -1.08601 0)
(1.22764 -0.953169 0)
(1.07238 -0.448826 0)
(0.510201 0.317742 0)
(0.119166 0.934423 0)
(0.130366 1.73546 0)
(0.509135 2.5772 0)
(0.798508 2.88279 0)
(0.0266769 -0.484111 0)
(0.0735624 -0.624167 0)
(0.117458 -0.600921 0)
(0.162779 -0.594042 0)
(0.211563 -0.608729 0)
(0.262835 -0.632902 0)
(0.316825 -0.662622 0)
(0.373167 -0.697788 0)
(0.434448 -0.739711 0)
(0.501267 -0.787398 0)
(0.571039 -0.844619 0)
(0.65657 -0.90993 0)
(0.752013 -0.973707 0)
(0.81624 -1.05212 0)
(0.896783 -1.15478 0)
(1.03779 -1.15633 0)
(0.991725 -0.730697 0)
(0.429246 0.121439 0)
(-0.0957135 0.71393 0)
(-0.280319 1.01494 0)
(-0.26168 1.40776 0)
(0.179435 2.0953 0)
(0.556685 2.50737 0)
(0.0257845 -0.533098 0)
(0.0676657 -0.666996 0)
(0.105282 -0.642009 0)
(0.145646 -0.63889 0)
(0.189302 -0.656434 0)
(0.23482 -0.682706 0)
(0.282645 -0.7149 0)
(0.332086 -0.753485 0)
(0.38682 -0.799909 0)
(0.445008 -0.852989 0)
(0.505755 -0.919283 0)
(0.588133 -0.990294 0)
(0.656212 -1.06143 0)
(0.697739 -1.16238 0)
(0.801206 -1.25305 0)
(0.885281 -1.04787 0)
(0.578688 -0.253385 0)
(-0.13037 0.593041 0)
(-0.318118 0.918806 0)
(-0.385673 1.05335 0)
(-0.365456 1.22688 0)
(-0.0720949 1.58853 0)
(0.324703 2.0273 0)
(0.024467 -0.578972 0)
(0.0609536 -0.703321 0)
(0.0922373 -0.677877 0)
(0.127553 -0.678686 0)
(0.165622 -0.69848 0)
(0.204884 -0.72627 0)
(0.245945 -0.760402 0)
(0.28777 -0.801825 0)
(0.335046 -0.851821 0)
(0.381691 -0.909818 0)
(0.433582 -0.982824 0)
(0.502931 -1.05505 0)
(0.529893 -1.14449 0)
(0.591117 -1.2665 0)
(0.714526 -1.30318 0)
(0.664988 -0.747154 0)
(-0.0102501 0.310689 0)
(-0.309294 0.843077 0)
(-0.327644 0.976503 0)
(-0.34161 1.0533 0)
(-0.312423 1.14746 0)
(-0.211328 1.29542 0)
(0.0662311 1.60239 0)
(0.0227674 -0.620993 0)
(0.0537614 -0.732992 0)
(0.0788449 -0.708442 0)
(0.10916 -0.71297 0)
(0.141362 -0.734267 0)
(0.174072 -0.762923 0)
(0.207836 -0.798309 0)
(0.241237 -0.841566 0)
(0.278943 -0.893541 0)
(0.310248 -0.954742 0)
(0.351064 -1.0278 0)
(0.389069 -1.10398 0)
(0.389968 -1.22694 0)
(0.47614 -1.35074 0)
(0.553595 -1.19624 0)
(0.318383 -0.290304 0)
(-0.272708 0.625716 0)
(-0.258209 0.905737 0)
(-0.255624 0.967645 0)
(-0.247677 1.03803 0)
(-0.216353 1.11759 0)
(-0.198136 1.18334 0)
(-0.0758756 1.35532 0)
(0.0208695 -0.658099 0)
(0.0465441 -0.755771 0)
(0.0655544 -0.73343 0)
(0.0910323 -0.741262 0)
(0.117067 -0.763355 0)
(0.142725 -0.792254 0)
(0.168102 -0.828006 0)
(0.191173 -0.871416 0)
(0.215484 -0.922633 0)
(0.228387 -0.982739 0)
(0.254209 -1.0498 0)
(0.259817 -1.14563 0)
(0.293286 -1.30598 0)
(0.37977 -1.39962 0)
(0.380607 -0.986119 0)
(-0.0100645 0.0867202 0)
(-0.218287 0.771731 0)
(-0.155456 0.884531 0)
(-0.16202 0.953573 0)
(-0.152079 1.02031 0)
(-0.12446 1.09358 0)
(-0.10281 1.14208 0)
(-0.0338023 1.24216 0)
(0.0189485 -0.691179 0)
(0.039224 -0.772793 0)
(0.0517686 -0.753921 0)
(0.0722554 -0.764378 0)
(0.0912169 -0.786141 0)
(0.108539 -0.813928 0)
(0.123694 -0.847852 0)
(0.134288 -0.888204 0)
(0.144162 -0.93458 0)
(0.145532 -0.989863 0)
(0.168719 -1.05681 0)
(0.19625 -1.19239 0)
(0.307716 -1.35982 0)
(0.352402 -1.36013 0)
(0.291891 -0.736253 0)
(0.00462729 0.314356 0)
(-0.0020713 0.805354 0)
(-0.0504243 0.873914 0)
(-0.0688597 0.956777 0)
(-0.0781882 1.00822 0)
(-0.058059 1.06261 0)
(-0.0221121 1.09788 0)
(0.046171 1.14884 0)
(0.0169208 -0.72127 0)
(0.0305844 -0.784343 0)
(0.0357521 -0.770093 0)
(0.0505898 -0.781748 0)
(0.0617353 -0.801016 0)
(0.070481 -0.825208 0)
(0.0772698 -0.854336 0)
(0.0817796 -0.889977 0)
(0.0936441 -0.935622 0)
(0.122946 -0.999621 0)
(0.208222 -1.10355 0)
(0.356294 -1.28993 0)
(0.49193 -1.40517 0)
(0.403434 -1.28277 0)
(0.373583 -0.792129 0)
(0.295102 0.406428 0)
(0.219647 0.87269 0)
(0.0554503 0.932461 0)
(0.000155032 0.982881 0)
(-0.0337684 1.00993 0)
(-0.0226685 1.03456 0)
(0.0132528 1.04674 0)
(0.0791507 1.05883 0)
(0.0148875 -0.744675 0)
(0.0198186 -0.787767 0)
(0.0187878 -0.779532 0)
(0.0287283 -0.791405 0)
(0.0363808 -0.807943 0)
(0.045148 -0.830124 0)
(0.0627417 -0.860853 0)
(0.0948362 -0.905586 0)
(0.159229 -0.978633 0)
(0.302669 -1.10447 0)
(0.613644 -1.33583 0)
(0.818564 -1.48458 0)
(0.757799 -1.36584 0)
(0.416497 -1.16756 0)
(0.336313 -0.873522 0)
(0.440083 0.483185 0)
(0.38444 1.08211 0)
(0.116425 1.06449 0)
(0.0218577 1.03706 0)
(-0.0230964 1.02594 0)
(-0.0195531 1.01504 0)
(0.011492 1.00045 0)
(0.0690822 0.983786 0)
(0.0148288 -0.759904 0)
(0.0108726 -0.780921 0)
(0.0127613 -0.783377 0)
(0.0249516 -0.798669 0)
(0.0470292 -0.819804 0)
(0.0871239 -0.856311 0)
(0.179971 -0.928387 0)
(0.311581 -1.01013 0)
(0.474884 -1.15783 0)
(0.641281 -1.40489 0)
(0.809871 -1.54425 0)
(0.843206 -1.49108 0)
(0.814506 -1.07325 0)
(0.469367 -0.867938 0)
(0.278259 -0.822789 0)
(0.293466 0.107939 0)
(0.342462 1.2745 0)
(0.0563383 1.23048 0)
(-0.023038 1.10817 0)
(-0.055074 1.04572 0)
(-0.0485287 0.999119 0)
(-0.0172444 0.959812 0)
(0.0341643 0.922337 0)
(0.0186538 -0.773107 0)
(0.0174746 -0.778419 0)
(0.0451904 -0.797328 0)
(0.073219 -0.825688 0)
(0.12077 -0.869552 0)
(0.178739 -0.947217 0)
(0.251026 -1.04074 0)
(0.344283 -1.15506 0)
(0.453023 -1.32124 0)
(0.576542 -1.51894 0)
(0.721225 -1.62264 0)
(0.733577 -1.46872 0)
(0.76164 -0.969015 0)
(0.596818 -0.59875 0)
(0.204053 -0.641964 0)
(0.141438 0.220291 0)
(0.0270496 1.46319 0)
(-0.140227 1.33931 0)
(-0.128195 1.15716 0)
(-0.131704 1.05073 0)
(-0.105852 0.976763 0)
(-0.0658204 0.918859 0)
(-0.0146777 0.86784 0)
(0.0106779 -0.790145 0)
(0.0194427 -0.80476 0)
(0.0459115 -0.830019 0)
(0.0671338 -0.865093 0)
(0.0974254 -0.919609 0)
(0.131332 -0.997148 0)
(0.166082 -1.10149 0)
(0.209225 -1.2314 0)
(0.268812 -1.41953 0)
(0.357193 -1.64377 0)
(0.454097 -1.72877 0)
(0.429376 -1.48402 0)
(0.415122 -0.923376 0)
(0.449053 -0.447211 0)
(-0.0182004 -0.369622 0)
(-0.137552 0.492369 0)
(-0.3987 1.56039 0)
(-0.377512 1.35439 0)
(-0.274134 1.14779 0)
(-0.236356 1.02371 0)
(-0.180606 0.937817 0)
(-0.126503 0.870881 0)
(-0.0703902 0.813978 0)
(0.0024237 -0.803065 0)
(0.00952195 -0.821211 0)
(0.0190987 -0.846046 0)
(0.0260229 -0.883128 0)
(0.0327744 -0.938422 0)
(0.0383604 -1.01467 0)
(0.0384545 -1.11694 0)
(0.0363746 -1.25841 0)
(0.0464009 -1.47336 0)
(0.0591495 -1.71166 0)
(0.0432833 -1.74977 0)
(-0.0694613 -1.40961 0)
(-0.129465 -0.847768 0)
(-0.135979 -0.387877 0)
(-0.457103 -0.0393253 0)
(-0.693386 0.86127 0)
(-0.785469 1.50829 0)
(-0.589762 1.24372 0)
(-0.42605 1.0681 0)
(-0.343452 0.957795 0)
(-0.258617 0.876644 0)
(-0.189888 0.811696 0)
(-0.126578 0.756494 0)
(-0.00333121 -0.802651 0)
(-0.00729095 -0.822184 0)
(-0.0129855 -0.845046 0)
(-0.0215037 -0.879742 0)
(-0.0345545 -0.930911 0)
(-0.0549993 -1.00044 0)
(-0.0866619 -1.09308 0)
(-0.131129 -1.22946 0)
(-0.187236 -1.43731 0)
(-0.294286 -1.64549 0)
(-0.457013 -1.63141 0)
(-0.624534 -1.24924 0)
(-0.660784 -0.730629 0)
(-0.769281 -0.255409 0)
(-1.02241 0.303562 0)
(-1.17739 1.02269 0)
(-1.00281 1.26404 0)
(-0.726483 1.03717 0)
(-0.543886 0.934794 0)
(-0.42955 0.858534 0)
(-0.326354 0.79513 0)
(-0.246887 0.741438 0)
(-0.177517 0.693996 0)
(-0.00748021 -0.790701 0)
(-0.0229872 -0.810774 0)
(-0.0407858 -0.829823 0)
(-0.0627179 -0.860219 0)
(-0.0917309 -0.902977 0)
(-0.131665 -0.959939 0)
(-0.188413 -1.03401 0)
(-0.26759 -1.14086 0)
(-0.388993 -1.29896 0)
(-0.603223 -1.45086 0)
(-0.879512 -1.42536 0)
(-1.0954 -1.08866 0)
(-1.18113 -0.538249 0)
(-1.31771 0.01616 0)
(-1.46763 0.483464 0)
(-1.34986 0.875333 0)
(-1.03925 0.918778 0)
(-0.782216 0.809128 0)
(-0.607711 0.780277 0)
(-0.483099 0.7413 0)
(-0.375082 0.701482 0)
(-0.291204 0.663945 0)
(-0.219125 0.627746 0)
(-0.0112368 -0.770718 0)
(-0.0359099 -0.788774 0)
(-0.0631367 -0.804016 0)
(-0.0954738 -0.827991 0)
(-0.135996 -0.860786 0)
(-0.1888 -0.902543 0)
(-0.260089 -0.953015 0)
(-0.356832 -1.01649 0)
(-0.503583 -1.10304 0)
(-0.745463 -1.18575 0)
(-1.06037 -1.15827 0)
(-1.34755 -0.924378 0)
(-1.524 -0.49587 0)
(-1.55602 -0.00288156 0)
(-1.46908 0.388525 0)
(-1.2508 0.580548 0)
(-0.967731 0.60701 0)
(-0.777119 0.616516 0)
(-0.623701 0.631853 0)
(-0.505896 0.623238 0)
(-0.403012 0.605823 0)
(-0.320659 0.584699 0)
(-0.249613 0.560514 0)
(-0.0146182 -0.743563 0)
(-0.0460004 -0.75898 0)
(-0.0800729 -0.770223 0)
(-0.119465 -0.787252 0)
(-0.166846 -0.809574 0)
(-0.225929 -0.836306 0)
(-0.301685 -0.864996 0)
(-0.398258 -0.89205 0)
(-0.528918 -0.917877 0)
(-0.724462 -0.931977 0)
(-0.98221 -0.878065 0)
(-1.22616 -0.692366 0)
(-1.36715 -0.38953 0)
(-1.3672 -0.063653 0)
(-1.24496 0.181872 0)
(-1.05107 0.320522 0)
(-0.868991 0.398515 0)
(-0.735547 0.468735 0)
(-0.608578 0.502533 0)
(-0.505548 0.51562 0)
(-0.413102 0.51573 0)
(-0.336295 0.508467 0)
(-0.26916 0.4952 0)
(-0.0169694 -0.710312 0)
(-0.0528654 -0.723264 0)
(-0.0913355 -0.730597 0)
(-0.134625 -0.741188 0)
(-0.184952 -0.754074 0)
(-0.245197 -0.767829 0)
(-0.318893 -0.779692 0)
(-0.407729 -0.784412 0)
(-0.514731 -0.776449 0)
(-0.651657 -0.748346 0)
(-0.821056 -0.67972 0)
(-0.984242 -0.54439 0)
(-1.0785 -0.346006 0)
(-1.07359 -0.133227 0)
(-0.991193 0.0410759 0)
(-0.87768 0.170155 0)
(-0.774662 0.274806 0)
(-0.676793 0.354328 0)
(-0.576452 0.395996 0)
(-0.489798 0.422811 0)
(-0.40977 0.43502 0)
(-0.340592 0.438229 0)
(-0.279104 0.433988 0)
(-0.0183123 -0.673499 0)
(-0.0568561 -0.684384 0)
(-0.0976299 -0.68819 0)
(-0.142396 -0.693353 0)
(-0.192918 -0.698531 0)
(-0.251132 -0.702135 0)
(-0.319159 -0.701577 0)
(-0.397795 -0.692805 0)
(-0.486689 -0.670599 0)
(-0.586354 -0.627663 0)
(-0.693664 -0.553469 0)
(-0.791265 -0.439806 0)
(-0.850151 -0.293629 0)
(-0.854407 -0.14193 0)
(-0.816756 -0.0102639 0)
(-0.758694 0.0991157 0)
(-0.6907 0.194365 0)
(-0.614482 0.265628 0)
(-0.536573 0.311418 0)
(-0.464949 0.34506 0)
(-0.397148 0.364862 0)
(-0.3363 0.375396 0)
(-0.281244 0.378184 0)
(-0.0189655 -0.634941 0)
(-0.0584897 -0.644059 0)
(-0.0998698 -0.64494 0)
(-0.144379 -0.645726 0)
(-0.193282 -0.645023 0)
(-0.247832 -0.641324 0)
(-0.308977 -0.63233 0)
(-0.376788 -0.614981 0)
(-0.450734 -0.58569 0)
(-0.529309 -0.539262 0)
(-0.606586 -0.469314 0)
(-0.670574 -0.374157 0)
(-0.708699 -0.26189 0)
(-0.716196 -0.147307 0)
(-0.69833 -0.0416319 0)
(-0.662796 0.05302 0)
(-0.613614 0.13451 0)
(-0.554895 0.197914 0)
(-0.49433 0.244972 0)
(-0.435487 0.280849 0)
(-0.378613 0.30497 0)
(-0.325918 0.320325 0)
(-0.277405 0.328344 0)
(-0.0190329 -0.595851 0)
(-0.0582056 -0.603458 0)
(-0.0988673 -0.602127 0)
(-0.141886 -0.599599 0)
(-0.188047 -0.594656 0)
(-0.238145 -0.585982 0)
(-0.292483 -0.571728 0)
(-0.350631 -0.549528 0)
(-0.411658 -0.517 0)
(-0.473881 -0.471635 0)
(-0.532639 -0.410436 0)
(-0.579587 -0.332465 0)
(-0.607347 -0.242746 0)
(-0.614595 -0.150419 0)
(-0.604504 -0.0623162 0)
(-0.579985 0.0183294 0)
(-0.543726 0.0885837 0)
(-0.499596 0.146251 0)
(-0.452243 0.19212 0)
(-0.404101 0.228047 0)
(-0.356626 0.254324 0)
(-0.311456 0.272693 0)
(-0.269178 0.28446 0)
(-0.0185404 -0.557707 0)
(-0.0564837 -0.564011 0)
(-0.095508 -0.561108 0)
(-0.136236 -0.556201 0)
(-0.179064 -0.548357 0)
(-0.224431 -0.536464 0)
(-0.272286 -0.51914 0)
(-0.321996 -0.494802 0)
(-0.372403 -0.461855 0)
(-0.421776 -0.418563 0)
(-0.467021 -0.363444 0)
(-0.503274 -0.297102 0)
(-0.52588 -0.223551 0)
(-0.533265 -0.148358 0)
(-0.527028 -0.075418 0)
(-0.509522 -0.00709615 0)
(-0.482629 0.0539414 0)
(-0.448956 0.106204 0)
(-0.411585 0.149551 0)
(-0.372334 0.184576 0)
(-0.332821 0.211664 0)
(-0.294385 0.231812 0)
(-0.257823 0.246169 0)
(-0.0176237 -0.520927 0)
(-0.0537286 -0.526196 0)
(-0.0905287 -0.522231 0)
(-0.128473 -0.515751 0)
(-0.167733 -0.506067 0)
(-0.208465 -0.492321 0)
(-0.250439 -0.473509 0)
(-0.293008 -0.448543 0)
(-0.335167 -0.416457 0)
(-0.375376 -0.37645 0)
(-0.411161 -0.328011 0)
(-0.439397 -0.271689 0)
(-0.457557 -0.209921 0)
(-0.464745 -0.146381 0)
(-0.461518 -0.0842909 0)
(-0.449056 -0.0257294 0)
(-0.428803 0.0277629 0)
(-0.402791 0.0748724 0)
(-0.373066 0.11519 0)
(-0.341095 0.148771 0)
(-0.308267 0.175812 0)
(-0.275735 0.19689 0)
(-0.244292 0.212955 0)
(-0.0164667 -0.486161 0)
(-0.0503207 -0.490694 0)
(-0.0845515 -0.486039 0)
(-0.119456 -0.478621 0)
(-0.155109 -0.467895 0)
(-0.191461 -0.453248 0)
(-0.228222 -0.433985 0)
(-0.264763 -0.409419 0)
(-0.300177 -0.378964 0)
(-0.333227 -0.342184 0)
(-0.362207 -0.299021 0)
(-0.38508 -0.25026 0)
(-0.400155 -0.197703 0)
(-0.406755 -0.143664 0)
(-0.405206 -0.0902764 0)
(-0.39632 -0.0392392 0)
(-0.38104 0.00802947 0)
(-0.360789 0.0503597 0)
(-0.33704 0.0875405 0)
(-0.310952 0.119341 0)
(-0.283687 0.145781 0)
(-0.25624 0.167181 0)
(-0.229308 0.184285 0)
(-0.0152184 -0.453739 0)
(-0.0465405 -0.457786 0)
(-0.0780183 -0.452717 0)
(-0.109808 -0.444817 0)
(-0.141937 -0.433622 0)
(-0.174236 -0.418731 0)
(-0.206392 -0.39968 0)
(-0.237848 -0.376047 0)
(-0.267845 -0.347524 0)
(-0.295388 -0.313976 0)
(-0.319234 -0.275555 0)
(-0.338044 -0.232925 0)
(-0.350746 -0.187375 0)
(-0.35683 -0.140573 0)
(-0.35639 -0.0941306 0)
(-0.349973 -0.0493683 0)
(-0.338453 -0.00736456 0)
(-0.322653 0.0309309 0)
(-0.303537 0.065198 0)
(-0.282197 0.0951392 0)
(-0.259546 0.120675 0)
(-0.23643 0.141984 0)
(-0.21343 0.15964 0)
(-0.0139559 -0.423937 0)
(-0.0425776 -0.427667 0)
(-0.0712281 -0.422397 0)
(-0.0999519 -0.414326 0)
(-0.128712 -0.403059 0)
(-0.157304 -0.388352 0)
(-0.18541 -0.369914 0)
(-0.212549 -0.347511 0)
(-0.238092 -0.321008 0)
(-0.261267 -0.29042 0)
(-0.281178 -0.256003 0)
(-0.29691 -0.218359 0)
(-0.30774 -0.17845 0)
(-0.313305 -0.137462 0)
(-0.313624 -0.0966137 0)
(-0.309055 -0.0569884 0)
(-0.300207 -0.0194462 0)
(-0.287731 0.0154233 0)
(-0.272371 0.0470468 0)
(-0.254911 0.0751849 0)
(-0.2361 0.099688 0)
(-0.216662 0.120651 0)
(-0.197071 0.138521 0)
(-0.0126968 -0.396862 0)
(-0.0385528 -0.400356 0)
(-0.0643805 -0.39505 0)
(-0.0901534 -0.387013 0)
(-0.115742 -0.375934 0)
(-0.14096 -0.361673 0)
(-0.165494 -0.344068 0)
(-0.188939 -0.323009 0)
(-0.210783 -0.298475 0)
(-0.230427 -0.270571 0)
(-0.247216 -0.239584 0)
(-0.260515 -0.206029 0)
(-0.269827 -0.170656 0)
(-0.274888 -0.134358 0)
(-0.27569 -0.0980594 0)
(-0.272466 -0.06262 0)
(-0.26566 -0.0287419 0)
(-0.255796 0.00305193 0)
(-0.24341 0.0322888 0)
(-0.229099 0.05872 0)
(-0.213484 0.0821498 0)
(-0.197168 0.102616 0)
(-0.180528 0.120476 0)
(-0.011439 -0.37251 0)
(-0.0345537 -0.375794 0)
(-0.0576214 -0.37057 0)
(-0.0805834 -0.362702 0)
(-0.103213 -0.351972 0)
(-0.125359 -0.338308 0)
(-0.146728 -0.321637 0)
(-0.166979 -0.301933 0)
(-0.185698 -0.279245 0)
(-0.202425 -0.253726 0)
(-0.216675 -0.225662 0)
(-0.227996 -0.195499 0)
(-0.23604 -0.163834 0)
(-0.240616 -0.131357 0)
(-0.241716 -0.0987909 0)
(-0.239498 -0.066827 0)
(-0.234266 -0.0360522 0)
(-0.226433 -0.00689729 0)
(-0.216421 0.0202678 0)
(-0.204695 0.0451383 0)
(-0.19175 0.0675155 0)
(-0.178091 0.0874039 0)
(-0.164004 0.105103 0)
(-0.010187 -0.350798 0)
(-0.0306499 -0.353877 0)
(-0.0510605 -0.348811 0)
(-0.0713524 -0.341193 0)
(-0.0912278 -0.330903 0)
(-0.11057 -0.317907 0)
(-0.12911 -0.302194 0)
(-0.146565 -0.283792 0)
(-0.162602 -0.262793 0)
(-0.176866 -0.239371 0)
(-0.188994 -0.213799 0)
(-0.198662 -0.186462 0)
(-0.20562 -0.157847 0)
(-0.20973 -0.128507 0)
(-0.210988 -0.09902 0)
(-0.209504 -0.0699448 0)
(-0.205495 -0.0417692 0)
(-0.199275 -0.0148641 0)
(-0.191189 0.0104774 0)
(-0.181594 0.0339494 0)
(-0.170895 0.0553344 0)
(-0.159504 0.0746152 0)
(-0.147636 0.0920579 0)
(-0.00895781 -0.331617 0)
(-0.0268933 -0.334502 0)
(-0.0447692 -0.329626 0)
(-0.0625257 -0.322305 0)
(-0.079835 -0.312492 0)
(-0.0966011 -0.30018 0)
(-0.11259 -0.285398 0)
(-0.127564 -0.268208 0)
(-0.141258 -0.248724 0)
(-0.153397 -0.227128 0)
(-0.163709 -0.203675 0)
(-0.171956 -0.1787 0)
(-0.177957 -0.152608 0)
(-0.181614 -0.125851 0)
(-0.182925 -0.0989022 0)
(-0.181976 -0.0722218 0)
(-0.178929 -0.0462243 0)
(-0.174021 -0.0212364 0)
(-0.167516 0.00250906 0)
(-0.15968 0.0247544 0)
(-0.150877 0.0452366 0)
(-0.141432 0.0639188 0)
(-0.131501 0.0810468 0)
(-0.00776792 -0.314886 0)
(-0.0233086 -0.317601 0)
(-0.0387767 -0.312921 0)
(-0.0541247 -0.305908 0)
(-0.0690343 -0.296568 0)
(-0.0834194 -0.284914 0)
(-0.0970816 -0.270998 0)
(-0.109825 -0.254901 0)
(-0.121438 -0.236751 0)
(-0.131707 -0.216727 0)
(-0.140427 -0.195065 0)
(-0.147422 -0.172058 0)
(-0.152561 -0.148052 0)
(-0.155776 -0.123424 0)
(-0.157065 -0.0985677 0)
(-0.156497 -0.0738696 0)
(-0.154202 -0.0496905 0)
(-0.150356 -0.0263227 0)
(-0.145156 -0.00394967 0)
(-0.138806 0.0172334 0)
(-0.13162 0.0369224 0)
(-0.123861 0.0550429 0)
(-0.115635 0.0718266 0)
(-0.00662448 -0.300513 0)
(-0.0198915 -0.303093 0)
(-0.0330717 -0.298603 0)
(-0.0461283 -0.291891 0)
(-0.0587826 -0.282998 0)
(-0.0709512 -0.27195 0)
(-0.0824713 -0.258812 0)
(-0.0931826 -0.243676 0)
(-0.102918 -0.226676 0)
(-0.11151 -0.207984 0)
(-0.118807 -0.187817 0)
(-0.124676 -0.166439 0)
(-0.129023 -0.144144 0)
(-0.131799 -0.121258 0)
(-0.133008 -0.0981132 0)
(-0.132705 -0.0750396 0)
(-0.130993 -0.0523516 0)
(-0.128009 -0.0303159 0)
(-0.1239 -0.00910204 0)
(-0.118831 0.0111462 0)
(-0.113037 0.0301521 0)
(-0.106754 0.0477667 0)
(-0.100044 0.0641997 0)
(-0.00552326 -0.288267 0)
(-0.0166187 -0.290752 0)
(-0.0276252 -0.286442 0)
(-0.0384982 -0.280019 0)
(-0.0490219 -0.271542 0)
(-0.0591114 -0.261044 0)
(-0.0686378 -0.248598 0)
(-0.0774722 -0.234301 0)
(-0.085484 -0.218285 0)
(-0.0925464 -0.200715 0)
(-0.0985438 -0.181792 0)
(-0.10338 -0.16175 0)
(-0.106986 -0.140851 0)
(-0.109329 -0.119378 0)
(-0.110413 -0.0976186 0)
(-0.110285 -0.0758614 0)
(-0.109025 -0.0543818 0)
(-0.106744 -0.0334246 0)
(-0.103566 -0.0131664 0)
(-0.0996171 0.00628308 0)
(-0.0950367 0.0247302 0)
(-0.0900578 0.0419124 0)
(-0.084712 0.0580091 0)
(-0.0044419 -0.278026 0)
(-0.0134472 -0.280436 0)
(-0.0224013 -0.276283 0)
(-0.0311956 -0.270117 0)
(-0.0397021 -0.262004 0)
(-0.0478329 -0.251985 0)
(-0.0554901 -0.240133 0)
(-0.0625724 -0.226548 0)
(-0.0689803 -0.211357 0)
(-0.0746189 -0.194718 0)
(-0.079404 -0.176817 0)
(-0.0832671 -0.157866 0)
(-0.0861612 -0.138099 0)
(-0.0880651 -0.117764 0)
(-0.0889862 -0.0971182 0)
(-0.0889615 -0.076414 0)
(-0.0880561 -0.055897 0)
(-0.0863599 -0.0357958 0)
(-0.0839763 -0.0162943 0)
(-0.0809924 0.00251313 0)
(-0.0774967 0.02051 0)
(-0.0737057 0.0373437 0)
(-0.0696122 0.0531359 0)
(-0.00333775 -0.270226 0)
(-0.0102899 -0.272502 0)
(-0.0173019 -0.268465 0)
(-0.0241066 -0.262501 0)
(-0.0306894 -0.254671 0)
(-0.0369653 -0.245021 0)
(-0.0428637 -0.233625 0)
(-0.0483078 -0.220583 0)
(-0.0532224 -0.206021 0)
(-0.0575368 -0.19009 0)
(-0.0611895 -0.172964 0)
(-0.0641324 -0.15484 0)
(-0.0663353 -0.135931 0)
(-0.0677876 -0.116464 0)
(-0.068501 -0.096668 0)
(-0.0685089 -0.0767699 0)
(-0.0678656 -0.0569891 0)
(-0.0666445 -0.0375338 0)
(-0.064935 -0.0185864 0)
(-0.0628138 -0.000249808 0)
(-0.0603253 0.0173938 0)
(-0.0576321 0.0339655 0)
(-0.0547123 0.0494966 0)
(-0.00219374 -0.265005 0)
(-0.00706989 -0.266911 0)
(-0.0121736 -0.262989 0)
(-0.0170222 -0.257203 0)
(-0.0217151 -0.249598 0)
(-0.0261836 -0.240228 0)
(-0.030385 -0.229172 0)
(-0.0342672 -0.216529 0)
(-0.0377768 -0.202424 0)
(-0.0408621 -0.187001 0)
(-0.0434766 -0.170426 0)
(-0.0455835 -0.152881 0)
(-0.0471587 -0.134566 0)
(-0.0481944 -0.115689 0)
(-0.0487005 -0.096463 0)
(-0.0487058 -0.0770993 0)
(-0.0482575 -0.0578018 0)
(-0.0474203 -0.0387645 0)
(-0.0462804 -0.0201686 0)
(-0.0449296 -0.00212989 0)
(-0.0433995 0.0153019 0)
(-0.0417646 0.0317106 0)
(-0.0399778 0.0470305 0)
(-0.00108995 -0.261415 0)
(-0.00389049 -0.26258 0)
(-0.00704752 -0.258821 0)
(-0.00993244 -0.253216 0)
(-0.0127172 -0.245802 0)
(-0.015364 -0.236652 0)
(-0.0178575 -0.225852 0)
(-0.0201723 -0.213509 0)
(-0.0222795 -0.199746 0)
(-0.0241489 -0.184707 0)
(-0.0257518 -0.16855 0)
(-0.0270625 -0.151448 0)
(-0.0280618 -0.133586 0)
(-0.0287382 -0.115156 0)
(-0.0290917 -0.0963533 0)
(-0.0291353 -0.0773694 0)
(-0.0288986 -0.0583892 0)
(-0.0284328 -0.0395868 0)
(-0.027819 -0.0211266 0)
(-0.0271726 -0.00313788 0)
(-0.0265765 0.0142922 0)
(-0.0260455 0.0306409 0)
(-0.0254325 0.0457942 0)
(-0.000213761 -0.259741 0)
(-0.00108289 -0.26012 0)
(-0.00222303 -0.256518 0)
(-0.00317037 -0.25103 0)
(-0.00407207 -0.243712 0)
(-0.0049232 -0.234657 0)
(-0.00572383 -0.223964 0)
(-0.00646834 -0.211743 0)
(-0.00714937 -0.198123 0)
(-0.007759 -0.183248 0)
(-0.00828938 -0.167278 0)
(-0.00873326 -0.150385 0)
(-0.00908435 -0.132752 0)
(-0.0093379 -0.114569 0)
(-0.0094914 -0.0960232 0)
(-0.00954583 -0.0772967 0)
(-0.00950823 -0.058557 0)
(-0.00939641 -0.0399454 0)
(-0.00925199 -0.02156 0)
(-0.00923091 -0.00346591 0)
(-0.00928635 0.0142023 0)
(-0.00928943 0.0305384 0)
(-0.00936852 0.0455578 0)
(0.595706 1.86465 0)
(-0.968991 -0.35916 0)
(-0.771929 0.785812 0)
(-1.12175 0.876124 0)
(0.925764 3.17406 0)
(0.260385 2.03946 0)
(-0.82521 0.366267 0)
(-0.913088 1.00426 0)
(1.10211 3.69624 0)
(0.843256 3.25585 0)
(0.232062 2.06666 0)
(-0.334184 1.36218 0)
(1.16864 3.77223 0)
(1.1365 3.86927 0)
(0.786334 3.12063 0)
(0.337747 2.41332 0)
(1.08591 3.48717 0)
(1.23529 3.96788 0)
(1.21567 3.97059 0)
(0.802536 3.39472 0)
(0.890772 2.96286 0)
(1.16898 3.60761 0)
(1.37013 4.0338 0)
(1.4312 3.81075 0)
(0.689796 2.44264 0)
(0.952091 2.89798 0)
(1.26311 3.55581 0)
(1.57065 3.65096 0)
(0.365264 1.91799 0)
(0.614622 2.25109 0)
(0.905845 2.62985 0)
(1.31997 2.9137 0)
(0.0962262 1.54599 0)
(0.276976 1.71023 0)
(0.511844 1.82536 0)
(0.847117 1.8511 0)
(0.0767989 1.33015 0)
(0.194673 1.38896 0)
(0.344338 1.41724 0)
(0.538262 1.40658 0)
(0.131293 1.17554 0)
(0.209723 1.18223 0)
(0.300041 1.17118 0)
(0.400117 1.14087 0)
(0.147444 1.0531 0)
(0.202075 1.03876 0)
(0.260491 1.01325 0)
(0.320602 0.975847 0)
(0.123697 0.961028 0)
(0.164273 0.939107 0)
(0.205755 0.910714 0)
(0.247198 0.875612 0)
(0.079557 0.889343 0)
(0.111589 0.863953 0)
(0.143581 0.835128 0)
(0.175152 0.802905 0)
(0.0269353 0.829233 0)
(0.0545158 0.802427 0)
(0.0816095 0.774158 0)
(0.108053 0.744409 0)
(-0.0285414 0.773685 0)
(-0.00246758 0.747249 0)
(0.022704 0.720523 0)
(0.0469006 0.693321 0)
(-0.0826109 0.718006 0)
(-0.0565059 0.693531 0)
(-0.0316946 0.66932 0)
(-0.00814101 0.645088 0)
(-0.131471 0.660279 0)
(-0.104868 0.639124 0)
(-0.0797829 0.618219 0)
(-0.056227 0.597358 0)
(-0.172277 0.600718 0)
(-0.145451 0.583697 0)
(-0.120187 0.566603 0)
(-0.0965892 0.549457 0)
(-0.203599 0.540841 0)
(-0.177173 0.528172 0)
(-0.152237 0.515073 0)
(-0.129003 0.501813 0)
(-0.225382 0.482543 0)
(-0.200024 0.474006 0)
(-0.176018 0.46481 0)
(-0.153645 0.45536 0)
(-0.238534 0.427458 0)
(-0.214794 0.422592 0)
(-0.192231 0.416976 0)
(-0.171127 0.410983 0)
(-0.244431 0.376703 0)
(-0.222665 0.374941 0)
(-0.201871 0.372408 0)
(-0.182298 0.369339 0)
(-0.244529 0.330841 0)
(-0.224886 0.331584 0)
(-0.206006 0.331554 0)
(-0.188095 0.330831 0)
(-0.240145 0.289973 0)
(-0.22262 0.292649 0)
(-0.205661 0.294555 0)
(-0.189449 0.295657 0)
(-0.232383 0.25389 0)
(-0.216874 0.258004 0)
(-0.201767 0.261358 0)
(-0.187227 0.263854 0)
(-0.222129 0.222239 0)
(-0.208493 0.227389 0)
(-0.195127 0.231802 0)
(-0.182193 0.235349 0)
(-0.210089 0.194631 0)
(-0.198167 0.200497 0)
(-0.186414 0.205666 0)
(-0.174989 0.209992 0)
(-0.196826 0.170668 0)
(-0.186456 0.177005 0)
(-0.176176 0.182696 0)
(-0.166147 0.187586 0)
(-0.182772 0.149957 0)
(-0.173795 0.156582 0)
(-0.164847 0.162618 0)
(-0.156093 0.167903 0)
(-0.168252 0.132128 0)
(-0.160517 0.138907 0)
(-0.152767 0.145159 0)
(-0.145167 0.15071 0)
(-0.153502 0.11684 0)
(-0.146872 0.123679 0)
(-0.140191 0.130054 0)
(-0.133631 0.135778 0)
(-0.13869 0.103789 0)
(-0.133039 0.110628 0)
(-0.127314 0.117061 0)
(-0.121687 0.12289 0)
(-0.123929 0.0927103 0)
(-0.119147 0.0995116 0)
(-0.114278 0.105959 0)
(-0.109487 0.111851 0)
(-0.109287 0.0833796 0)
(-0.10528 0.0901223 0)
(-0.101181 0.0965567 0)
(-0.097144 0.102484 0)
(-0.0948004 0.0756121 0)
(-0.091491 0.0822871 0)
(-0.0880921 0.0886901 0)
(-0.0847379 0.0946356 0)
(-0.0804815 0.0692602 0)
(-0.0778076 0.0758654 0)
(-0.075052 0.0822249 0)
(-0.0723251 0.0881778 0)
(-0.0663277 0.0642133 0)
(-0.0642426 0.0707503 0)
(-0.062087 0.0770566 0)
(-0.0599443 0.0830069 0)
(-0.0523277 0.0603932 0)
(-0.0507991 0.0668653 0)
(-0.0492124 0.0731097 0)
(-0.0476232 0.0790452 0)
(-0.0384673 0.057738 0)
(-0.0374762 0.0641456 0)
(-0.0364374 0.0703186 0)
(-0.0353817 0.0762216 0)
(-0.0248142 0.0563077 0)
(-0.0243673 0.0626481 0)
(-0.0238781 0.068739 0)
(-0.0233559 0.0745834 0)
(-0.00934905 0.055861 0)
(-0.00930184 0.0621302 0)
(-0.00923511 0.0681272 0)
(-0.00914523 0.0738728 0)
(-1.00308 0.905513 0)
(-0.975989 0.116939 0)
(-0.645401 -0.134397 0)
(-0.450309 -0.2009 0)
(-0.310272 -0.208725 0)
(-0.215214 -0.195748 0)
(-0.145957 -0.170759 0)
(-0.0968675 -0.141302 0)
(-0.0628759 -0.113048 0)
(-0.0387811 -0.0879062 0)
(-0.0223166 -0.0667968 0)
(-0.0111249 -0.0494934 0)
(-0.00395491 -0.03569 0)
(0.000340817 -0.0248103 0)
(0.00265604 -0.0164505 0)
(0.00337025 -0.0102261 0)
(0.00302581 -0.00578795 0)
(0.00203782 -0.00294075 0)
(0.000635638 -0.00215138 0)
(-1.00324 0.679407 0)
(-1.04796 -0.0512413 0)
(-0.84241 -0.412389 0)
(-0.526982 -0.416438 0)
(-0.31287 -0.338573 0)
(-0.191121 -0.280146 0)
(-0.113426 -0.226626 0)
(-0.064857 -0.179014 0)
(-0.0344901 -0.138014 0)
(-0.0148105 -0.104554 0)
(-0.00271565 -0.0775807 0)
(0.00447672 -0.056196 0)
(0.00838644 -0.0395896 0)
(0.0099525 -0.0265809 0)
(0.00982683 -0.0168 0)
(0.00864752 -0.0095593 0)
(0.0066737 -0.0044213 0)
(0.00416117 -0.00111868 0)
(0.00132251 -0.00026923 0)
(-0.725626 0.850152 0)
(-0.950232 -0.164851 0)
(-0.818506 -0.748864 0)
(-0.519759 -0.713369 0)
(-0.252487 -0.507649 0)
(-0.125846 -0.369564 0)
(-0.0564324 -0.279441 0)
(-0.0179645 -0.210759 0)
(0.00348256 -0.156696 0)
(0.015241 -0.115286 0)
(0.02102 -0.08344 0)
(0.0229699 -0.0590096 0)
(0.02265 -0.0401431 0)
(0.0208296 -0.0258468 0)
(0.017969 -0.0149584 0)
(0.0145166 -0.00701778 0)
(0.0106324 -0.00143722 0)
(0.00645599 0.00210158 0)
(0.00207532 0.00293137 0)
(-0.327862 1.46243 0)
(-0.468832 -0.116171 0)
(-0.452399 -0.965799 0)
(-0.321987 -0.967797 0)
(-0.107265 -0.666759 0)
(-0.00924623 -0.444681 0)
(0.0272132 -0.315589 0)
(0.0446186 -0.228493 0)
(0.0506766 -0.164788 0)
(0.0506757 -0.117915 0)
(0.0476636 -0.0830443 0)
(0.0432607 -0.0569327 0)
(0.0381084 -0.0370818 0)
(0.0325322 -0.0221571 0)
(0.026717 -0.0109502 0)
(0.0207843 -0.00264129 0)
(0.0148643 0.00314847 0)
(0.00888795 0.00680469 0)
(0.00286975 0.00753978 0)
(0.372266 2.2667 0)
(0.301451 0.0941133 0)
(0.248727 -0.978785 0)
(0.10328 -1.05762 0)
(0.117182 -0.734874 0)
(0.145585 -0.470301 0)
(0.133346 -0.318672 0)
(0.117015 -0.224122 0)
(0.102267 -0.158071 0)
(0.0883575 -0.110532 0)
(0.0756309 -0.0756754 0)
(0.0641632 -0.0495327 0)
(0.0538307 -0.0299494 0)
(0.0442664 -0.0152874 0)
(0.0354797 -0.00429953 0)
(0.0271737 0.00382205 0)
(0.0191152 0.00946562 0)
(0.011331 0.0130412 0)
(0.00366735 0.0135917 0)
(1.27515 2.25868 0)
(1.15606 0.256881 0)
(0.970898 -0.809661 0)
(0.607727 -0.936146 0)
(0.388527 -0.653516 0)
(0.305588 -0.417503 0)
(0.239477 -0.281457 0)
(0.18835 -0.195516 0)
(0.152222 -0.135683 0)
(0.12439 -0.0924866 0)
(0.102297 -0.0607479 0)
(0.0842469 -0.0369142 0)
(0.0688156 -0.0190126 0)
(0.0555412 -0.00537201 0)
(0.0438643 0.00485818 0)
(0.0331426 0.0122684 0)
(0.0231425 0.0174707 0)
(0.0136537 0.0207799 0)
(0.0044269 0.0210581 0)
(1.82462 2.5672 0)
(1.75373 0.495016 0)
(1.41898 -0.496002 0)
(0.925632 -0.635989 0)
(0.591055 -0.449574 0)
(0.428693 -0.30034 0)
(0.322538 -0.209447 0)
(0.246869 -0.145947 0)
(0.19423 -0.0996118 0)
(0.15535 -0.0651559 0)
(0.125384 -0.0391082 0)
(0.101558 -0.0193707 0)
(0.0821041 -0.00427481 0)
(0.065673 0.0073787 0)
(0.0513033 0.0160951 0)
(0.0384936 0.022509 0)
(0.0267549 0.0270239 0)
(0.0157409 0.0299066 0)
(0.00511085 0.0298359 0)
(1.81308 2.18089 0)
(1.98038 0.764668 0)
(1.53554 -0.111422 0)
(1.01351 -0.261249 0)
(0.679762 -0.210841 0)
(0.494284 -0.15953 0)
(0.372282 -0.118685 0)
(0.285744 -0.0832824 0)
(0.224105 -0.0542807 0)
(0.178387 -0.0310895 0)
(0.143236 -0.0126254 0)
(0.11542 0.00198064 0)
(0.0927719 0.0134908 0)
(0.0737924 0.0223691 0)
(0.0574267 0.0291962 0)
(0.0429457 0.0342933 0)
(0.0297776 0.0379119 0)
(0.017494 0.040238 0)
(0.0056872 0.0397573 0)
(1.3343 1.399 0)
(1.52734 0.666135 0)
(1.2504 0.234754 0)
(0.90781 0.055074 0)
(0.662859 -0.00768281 0)
(0.502739 -0.0259413 0)
(0.388263 -0.0256404 0)
(0.30353 -0.0165132 0)
(0.240438 -0.00487356 0)
(0.192392 0.00657535 0)
(0.15487 0.0168856 0)
(0.124879 0.0257221 0)
(0.100328 0.0330666 0)
(0.0797218 0.0390039 0)
(0.061978 0.043696 0)
(0.0463029 0.0472757 0)
(0.03208 0.0498565 0)
(0.0188382 0.0515357 0)
(0.00613163 0.0506036 0)
(0.839958 1.2096 0)
(0.994748 0.798338 0)
(0.910819 0.452643 0)
(0.749143 0.243602 0)
(0.597069 0.138032 0)
(0.475123 0.0845162 0)
(0.37896 0.0581832 0)
(0.303365 0.0471453 0)
(0.244213 0.0440561 0)
(0.197543 0.0448479 0)
(0.160188 0.0473959 0)
(0.129793 0.0505608 0)
(0.104596 0.0537398 0)
(0.0832692 0.0566269 0)
(0.064811 0.0590865 0)
(0.0484527 0.061062 0)
(0.0335838 0.0625369 0)
(0.0197274 0.0635228 0)
(0.00642889 0.0621195 0)
(0.564724 1.03239 0)
(0.684793 0.771266 0)
(0.682104 0.523907 0)
(0.608443 0.348501 0)
(0.515688 0.238134 0)
(0.428637 0.169898 0)
(0.353175 0.128229 0)
(0.289877 0.103547 0)
(0.23775 0.0893247 0)
(0.194986 0.0814043 0)
(0.159734 0.0772483 0)
(0.130397 0.075298 0)
(0.105653 0.0745977 0)
(0.0844398 0.0745653 0)
(0.0659055 0.0748505 0)
(0.0493677 0.075242 0)
(0.0342643 0.075614 0)
(0.0201452 0.0759033 0)
(0.00657325 0.0740306 0)
(0.418726 0.890565 0)
(0.505743 0.71987 0)
(0.522475 0.5467 0)
(0.488947 0.40613 0)
(0.433931 0.30393 0)
(0.374539 0.232531 0)
(0.318087 0.183699 0)
(0.267543 0.150899 0)
(0.223724 0.129088 0)
(0.186284 0.114661 0)
(0.154419 0.105159 0)
(0.127213 0.0989259 0)
(0.103798 0.0948534 0)
(0.0833984 0.0922072 0)
(0.0653523 0.0905023 0)
(0.0490962 0.0894202 0)
(0.034146 0.0887535 0)
(0.0201027 0.0883811 0)
(0.00656784 0.08606 0)
(0.312765 0.805794 0)
(0.376662 0.680489 0)
(0.399155 0.550084 0)
(0.38803 0.435987 0)
(0.357741 0.345306 0)
(0.31916 0.27653 0)
(0.278748 0.225773 0)
(0.240017 0.188979 0)
(0.20462 0.162575 0)
(0.173078 0.143719 0)
(0.145303 0.13028 0)
(0.120926 0.120707 0)
(0.0994646 0.113888 0)
(0.0804221 0.109042 0)
(0.0633262 0.105619 0)
(0.047747 0.103239 0)
(0.0332939 0.101646 0)
(0.0196343 0.100676 0)
(0.00642336 0.0979438 0)
(0.224195 0.743419 0)
(0.275629 0.644654 0)
(0.301155 0.542114 0)
(0.303235 0.448423 0)
(0.2892 0.369435 0)
(0.265941 0.305923 0)
(0.23847 0.256354 0)
(0.210031 0.21842 0)
(0.182512 0.189744 0)
(0.156863 0.168226 0)
(0.133444 0.152147 0)
(0.112266 0.140166 0)
(0.093156 0.131262 0)
(0.0758516 0.124677 0)
(0.0600564 0.119855 0)
(0.045471 0.116396 0)
(0.0318023 0.114019 0)
(0.0187917 0.112539 0)
(0.00615619 0.109443 0)
(0.14877 0.692274 0)
(0.194071 0.611061 0)
(0.221462 0.527749 0)
(0.231647 0.449773 0)
(0.228554 0.381438 0)
(0.216537 0.324114 0)
(0.19928 0.277443 0)
(0.179498 0.240229 0)
(0.159004 0.210977 0)
(0.138904 0.188204 0)
(0.119794 0.170595 0)
(0.101937 0.157053 0)
(0.0853819 0.146696 0)
(0.0700512 0.138837 0)
(0.0557985 0.132952 0)
(0.0424425 0.12865 0)
(0.0297838 0.125648 0)
(0.0176377 0.123755 0)
(0.00578643 0.120351 0)
(0.0837372 0.647209 0)
(0.126325 0.578711 0)
(0.15521 0.509414 0)
(0.170795 0.443793 0)
(0.175324 0.384806 0)
(0.171614 0.333768 0)
(0.162346 0.29085 0)
(0.149699 0.255514 0)
(0.135283 0.226866 0)
(0.120204 0.203906 0)
(0.105165 0.185669 0)
(0.0905715 0.171293 0)
(0.0766221 0.160053 0)
(0.0633779 0.151356 0)
(0.0508121 0.144733 0)
(0.0388439 0.139824 0)
(0.0273582 0.136359 0)
(0.0162403 0.134155 0)
(0.00533601 0.130502 0)
(0.0273194 0.604709 0)
(0.0692284 0.546361 0)
(0.0994219 0.488185 0)
(0.118842 0.432692 0)
(0.128853 0.381907 0)
(0.131341 0.336913 0)
(0.1283 0.29811 0)
(0.121456 0.265331 0)
(0.112189 0.23808 0)
(0.101534 0.215714 0)
(0.0902146 0.19755 0)
(0.0787069 0.182938 0)
(0.0673034 0.171303 0)
(0.0561612 0.162156 0)
(0.0453439 0.155094 0)
(0.0348527 0.149799 0)
(0.0246448 0.14603 0)
(0.0146678 0.143614 0)
(0.00482704 0.139769 0)
(-0.0212803 0.563033 0)
(0.0208642 0.513608 0)
(0.0523614 0.464687 0)
(0.074551 0.417825 0)
(0.0885299 0.374351 0)
(0.0956426 0.335074 0)
(0.0974403 0.300485 0)
(0.0952682 0.270639 0)
(0.0902962 0.24529 0)
(0.0834607 0.224067 0)
(0.0754555 0.206501 0)
(0.0667841 0.192124 0)
(0.0577896 0.180498 0)
(0.0486909 0.171231 0)
(0.0396172 0.163993 0)
(0.0306334 0.158513 0)
(0.0217556 0.154582 0)
(0.0129849 0.152047 0)
(0.00428049 0.148065 0)
(-0.0619799 0.521335 0)
(-0.019819 0.480435 0)
(0.0126906 0.43967 0)
(0.0370069 0.400314 0)
(0.0538536 0.363325 0)
(0.064379 0.329418 0)
(0.0698892 0.298983 0)
(0.0714246 0.272254 0)
(0.0699777 0.249122 0)
(0.0663849 0.229416 0)
(0.061274 0.21283 0)
(0.0551504 0.199046 0)
(0.0483789 0.187747 0)
(0.0412126 0.178634 0)
(0.0338259 0.17144 0)
(0.0263315 0.165948 0)
(0.0187913 0.161983 0)
(0.0112498 0.15941 0)
(0.00371499 0.155339 0)
(-0.0949442 0.479766 0)
(-0.053167 0.446881 0)
(-0.0202862 0.413657 0)
(0.00534852 0.381062 0)
(0.0242555 0.349866 0)
(0.0373156 0.320917 0)
(0.0456298 0.294488 0)
(0.0500787 0.270879 0)
(0.0514799 0.250152 0)
(0.0505839 0.232186 0)
(0.0479479 0.216849 0)
(0.0440689 0.203922 0)
(0.0393065 0.193197 0)
(0.0339263 0.184455 0)
(0.0281321 0.177486 0)
(0.0220714 0.172126 0)
(0.0158398 0.168232 0)
(0.00951257 0.165695 0)
(0.00314543 0.161571 0)
(-0.120635 0.439017 0)
(-0.0797794 0.413446 0)
(-0.0470724 0.38703 0)
(-0.0208874 0.360584 0)
(-0.000709478 0.334783 0)
(0.0141639 0.310352 0)
(0.0245344 0.287742 0)
(0.0312454 0.267193 0)
(0.0349242 0.248889 0)
(0.0362212 0.232808 0)
(0.0356791 0.218872 0)
(0.0337354 0.206988 0)
(0.030755 0.197014 0)
(0.02699 0.188808 0)
(0.0226651 0.182207 0)
(0.0179554 0.177095 0)
(0.0129761 0.173359 0)
(0.00781221 0.17093 0)
(0.00257909 0.166768 0)
(-0.139654 0.399714 0)
(-0.100315 0.380744 0)
(-0.0683252 0.3604 0)
(-0.0421195 0.339444 0)
(-0.0213536 0.318576 0)
(-0.00536425 0.298353 0)
(0.00649373 0.279326 0)
(0.0148629 0.261739 0)
(0.0203279 0.245832 0)
(0.0233986 0.231658 0)
(0.0245673 0.219219 0)
(0.0242801 0.20849 0)
(0.0228506 0.199389 0)
(0.0205233 0.191826 0)
(0.0175299 0.185701 0)
(0.0140638 0.180927 0)
(0.0102698 0.177416 0)
(0.00617467 0.175162 0)
(0.00200614 0.170957 0)
(-0.152744 0.362399 0)
(-0.115428 0.349256 0)
(-0.0846323 0.334297 0)
(-0.0589018 0.318231 0)
(-0.0380361 0.301749 0)
(-0.0214687 0.285422 0)
(-0.00868582 0.269719 0)
(0.000876963 0.254953 0)
(0.00766561 0.241365 0)
(0.0121139 0.229071 0)
(0.0146999 0.218179 0)
(0.0157839 0.208667 0)
(0.0156716 0.200514 0)
(0.0146012 0.193666 0)
(0.0128014 0.18809 0)
(0.0104578 0.183711 0)
(0.00776291 0.18048 0)
(0.00463048 0.178509 0)
(0.00144243 0.174139 0)
(-0.160718 0.327492 0)
(-0.125804 0.319385 0)
(-0.0965661 0.309123 0)
(-0.0717139 0.297373 0)
(-0.0511646 0.284804 0)
(-0.0344487 0.271973 0)
(-0.021157 0.259325 0)
(-0.0108517 0.247203 0)
(-0.00313181 0.235816 0)
(0.00239083 0.225388 0)
(0.00608797 0.216012 0)
(0.0082872 0.20773 0)
(0.0092729 0.200559 0)
(0.0092793 0.194478 0)
(0.00852122 0.189499 0)
(0.00717597 0.185553 0)
(0.00546869 0.182635 0)
(0.00322288 0.181037 0)
(0.000939249 0.176396 0)
(-0.164392 0.295262 0)
(-0.132116 0.291423 0)
(-0.104694 0.285192 0)
(-0.0810253 0.277202 0)
(-0.0611214 0.268091 0)
(-0.0446068 0.258382 0)
(-0.0311641 0.248505 0)
(-0.0204447 0.2388 0)
(-0.0121095 0.229517 0)
(-0.00583027 0.220861 0)
(-0.00129281 0.212956 0)
(0.00179293 0.205889 0)
(0.00367553 0.199701 0)
(0.00459223 0.194413 0)
(0.0047252 0.190038 0)
(0.00424278 0.186557 0)
(0.00339677 0.183977 0)
(0.00197851 0.18279 0)
(0.000521094 0.177853 0)
(-0.164531 0.265835 0)
(-0.135003 0.265546 0)
(-0.109555 0.262725 0)
(-0.0872872 0.257973 0)
(-0.0682771 0.251881 0)
(-0.052237 0.244939 0)
(-0.038927 0.237553 0)
(-0.0280713 0.230056 0)
(-0.0193916 0.222708 0)
(-0.0126134 0.215713 0)
(-0.00747043 0.209218 0)
(-0.00371271 0.203329 0)
(-0.00111458 0.19811 0)
(0.000535135 0.193611 0)
(0.00141393 0.189841 0)
(0.0016827 0.186834 0)
(0.00156541 0.184608 0)
(0.000903875 0.183825 0)
(0.000186273 0.178618 0)
(-0.161818 0.239216 0)
(-0.135041 0.241831 0)
(-0.111648 0.241858 0)
(-0.0909209 0.239863 0)
(-0.0729834 0.236384 0)
(-0.057625 0.23187 0)
(-0.0446707 0.226702 0)
(-0.0339063 0.221198 0)
(-0.0251083 0.215615 0)
(-0.0180494 0.210159 0)
(-0.0125056 0.204987 0)
(-0.00826227 0.200217 0)
(-0.00511917 0.195933 0)
(-0.00288925 0.192196 0)
(-0.00140368 0.18904 0)
(-0.000508001 0.186498 0)
(-2.07968e-05 0.184621 0)
(-1.10813e-05 0.184231 0)
(-7.71933e-05 0.178787 0)
(-0.156838 0.215329 0)
(-0.132744 0.220282 0)
(-0.111422 0.22266 0)
(-0.0923126 0.222989 0)
(-0.0755676 0.22175 0)
(-0.0610425 0.219348 0)
(-0.0486159 0.216135 0)
(-0.0381256 0.212412 0)
(-0.029395 0.208425 0)
(-0.0222389 0.204378 0)
(-0.0164705 0.200431 0)
(-0.0119065 0.196711 0)
(-0.00837192 0.193311 0)
(-0.00570032 0.190304 0)
(-0.0037373 0.187738 0)
(-0.00233843 0.18565 0)
(-0.00134862 0.184112 0)
(-0.000774965 0.184087 0)
(-0.000297441 0.178468 0)
(-0.150088 0.194044 0)
(-0.128558 0.200851 0)
(-0.109275 0.205148 0)
(-0.0918098 0.207417 0)
(-0.0763297 0.20808 0)
(-0.062744 0.207499 0)
(-0.0509742 0.205996 0)
(-0.0409014 0.203848 0)
(-0.0323891 0.201291 0)
(-0.0252886 0.198519 0)
(-0.0194455 0.195695 0)
(-0.0147048 0.192945 0)
(-0.0109148 0.190371 0)
(-0.0079289 0.188052 0)
(-0.00560783 0.186045 0)
(-0.00381913 0.184392 0)
(-0.00242574 0.183179 0)
(-0.00139437 0.183466 0)
(-0.00047692 0.177762 0)
(-0.141976 0.175198 0)
(-0.122863 0.183455 0)
(-0.105553 0.1893 0)
(-0.0897214 0.193172 0)
(-0.0755409 0.195437 0)
(-0.0629634 0.196414 0)
(-0.051944 0.196392 0)
(-0.0423993 0.195627 0)
(-0.0342262 0.194337 0)
(-0.0273071 0.19271 0)
(-0.0215159 0.190901 0)
(-0.0167226 0.189039 0)
(-0.0127972 0.187227 0)
(-0.0096115 0.185546 0)
(-0.00704135 0.184062 0)
(-0.0049669 0.182818 0)
(-0.00326602 0.181912 0)
(-0.00187675 0.182458 0)
(-0.000615548 0.176751 0)
(-0.132834 0.158615 0)
(-0.115976 0.167986 0)
(-0.100553 0.175068 0)
(-0.0863175 0.180254 0)
(-0.0734432 0.183855 0)
(-0.0619135 0.186152 0)
(-0.0517094 0.187404 0)
(-0.0427758 0.187841 0)
(-0.0350371 0.187666 0)
(-0.0284019 0.187055 0)
(-0.0227684 0.186157 0)
(-0.0180289 0.185096 0)
(-0.0140728 0.183977 0)
(-0.0107891 0.182883 0)
(-0.00806828 0.18188 0)
(-0.0058032 0.181016 0)
(-0.00388519 0.180395 0)
(-0.00223036 0.18115 0)
(-0.000714561 0.175513 0)
(-0.122927 0.144116 0)
(-0.108162 0.154328 0)
(-0.0945247 0.162387 0)
(-0.0818323 0.168637 0)
(-0.0702502 0.173343 0)
(-0.0597857 0.17675 0)
(-0.0504389 0.179087 0)
(-0.0421768 0.180561 0)
(-0.0349462 0.181357 0)
(-0.0286774 0.181639 0)
(-0.0232894 0.181549 0)
(-0.0186938 0.181205 0)
(-0.0147976 0.180711 0)
(-0.0115055 0.180148 0)
(-0.00872193 0.179584 0)
(-0.00635221 0.179068 0)
(-0.00430035 0.178706 0)
(-0.00246476 0.179625 0)
(-0.000776469 0.174118 0)
(-0.112466 0.131527 0)
(-0.0996352 0.142361 0)
(-0.0876803 0.151181 0)
(-0.0764666 0.158284 0)
(-0.0661489 0.163896 0)
(-0.0567505 0.168227 0)
(-0.0482852 0.171479 0)
(-0.040737 0.173838 0)
(-0.0340703 0.175472 0)
(-0.0282333 0.176533 0)
(-0.0231626 0.177151 0)
(-0.0187867 0.177442 0)
(-0.015028 0.177503 0)
(-0.0118057 0.177416 0)
(-0.00903712 0.177247 0)
(-0.00663969 0.177046 0)
(-0.00452944 0.176916 0)
(-0.00259052 0.177957 0)
(-0.000804656 0.172632 0)
(-0.101614 0.120688 0)
(-0.090571 0.131968 0)
(-0.0801949 0.141372 0)
(-0.0703916 0.149151 0)
(-0.0613015 0.155496 0)
(-0.0529588 0.160588 0)
(-0.0453859 0.164605 0)
(-0.0385796 0.167711 0)
(-0.0325179 0.170061 0)
(-0.0271639 0.171791 0)
(-0.0224688 0.173024 0)
(-0.0183753 0.17387 0)
(-0.01482 0.17442 0)
(-0.0117348 0.174753 0)
(-0.00904929 0.174935 0)
(-0.00669214 0.175015 0)
(-0.004591 0.175092 0)
(-0.00261864 0.176215 0)
(-0.00080268 0.171113 0)
(-0.0904986 0.111451 0)
(-0.0811087 0.12304 0)
(-0.0722136 0.132882 0)
(-0.0637523 0.141187 0)
(-0.055849 0.148117 0)
(-0.0485436 0.153828 0)
(-0.0418643 0.158475 0)
(-0.0358166 0.162205 0)
(-0.0303894 0.165157 0)
(-0.0255574 0.167457 0)
(-0.0212842 0.169218 0)
(-0.0175249 0.170542 0)
(-0.014228 0.171516 0)
(-0.0113374 0.172217 0)
(-0.0087937 0.172706 0)
(-0.00653624 0.173033 0)
(-0.00450386 0.17329 0)
(-0.0025602 0.17446 0)
(-0.000774051 0.169615 0)
(-0.0792153 0.103685 0)
(-0.0713601 0.115475 0)
(-0.0638566 0.125637 0)
(-0.0566718 0.134344 0)
(-0.0499127 0.141731 0)
(-0.0436219 0.147936 0)
(-0.0378303 0.153094 0)
(-0.0325497 0.157337 0)
(-0.0277769 0.160789 0)
(-0.0234961 0.163566 0)
(-0.0196811 0.165772 0)
(-0.0162975 0.167502 0)
(-0.0133046 0.168839 0)
(-0.0106569 0.169855 0)
(-0.00830501 0.17061 0)
(-0.00619838 0.171151 0)
(-0.00428672 0.171562 0)
(-0.00242621 0.172747 0)
(-0.000722232 0.168184 0)
(-0.0678372 0.0972794 0)
(-0.061414 0.109187 0)
(-0.0552232 0.11957 0)
(-0.0492544 0.128572 0)
(-0.043598 0.136307 0)
(-0.0382968 0.142897 0)
(-0.0333824 0.14846 0)
(-0.0288707 0.153115 0)
(-0.0247647 0.156974 0)
(-0.0210559 0.160142 0)
(-0.0177267 0.162717 0)
(-0.0147519 0.164786 0)
(-0.0121 0.166427 0)
(-0.00973488 0.167709 0)
(-0.00761685 0.168688 0)
(-0.0057044 0.169411 0)
(-0.003958 0.169953 0)
(-0.00222753 0.171121 0)
(-0.000650639 0.166861 0)
(-0.0564202 0.0921399 0)
(-0.0513427 0.104097 0)
(-0.0463966 0.114621 0)
(-0.0415896 0.123827 0)
(-0.0369968 0.131816 0)
(-0.0326593 0.138693 0)
(-0.0286086 0.144567 0)
(-0.024863 0.149544 0)
(-0.02143 0.153724 0)
(-0.0183073 0.157205 0)
(-0.0154843 0.160077 0)
(-0.0129434 0.162421 0)
(-0.0106616 0.164311 0)
(-0.00861142 0.165811 0)
(-0.00676163 0.166976 0)
(-0.00507934 0.16785 0)
(-0.00353568 0.168499 0)
(-0.00197492 0.169624 0)
(-0.000562709 0.165677 0)
(-0.0450087 0.0881934 0)
(-0.0412068 0.100146 0)
(-0.0374483 0.11074 0)
(-0.0337556 0.120071 0)
(-0.0301903 0.128229 0)
(-0.0267912 0.13531 0)
(-0.0235888 0.141409 0)
(-0.0206029 0.146624 0)
(-0.0178445 0.151048 0)
(-0.0153161 0.154769 0)
(-0.0130131 0.157872 0)
(-0.0109247 0.160431 0)
(-0.00903522 0.162518 0)
(-0.00732492 0.164191 0)
(-0.00577067 0.165504 0)
(-0.00434748 0.166498 0)
(-0.00303734 0.167233 0)
(-0.00167929 0.168291 0)
(-0.000462077 0.164662 0)
(-0.0336366 0.08537 0)
(-0.0310522 0.0972681 0)
(-0.0284326 0.10787 0)
(-0.0258117 0.117255 0)
(-0.0232404 0.125507 0)
(-0.0207547 0.132714 0)
(-0.0183838 0.138962 0)
(-0.0161489 0.144341 0)
(-0.0140631 0.148936 0)
(-0.0121332 0.152831 0)
(-0.0103593 0.156102 0)
(-0.00873686 0.158822 0)
(-0.0072566 0.161056 0)
(-0.00590583 0.16286 0)
(-0.00466884 0.164286 0)
(-0.00352802 0.165373 0)
(-0.0024767 0.166172 0)
(-0.00135075 0.167142 0)
(-0.000353391 0.163829 0)
(-0.0224742 0.0837077 0)
(-0.0210864 0.0955053 0)
(-0.0195825 0.106056 0)
(-0.0180066 0.115432 0)
(-0.0164024 0.123709 0)
(-0.0148044 0.130969 0)
(-0.0132419 0.137293 0)
(-0.0117372 0.142764 0)
(-0.0103068 0.147461 0)
(-0.00896119 0.151463 0)
(-0.00770584 0.154842 0)
(-0.00654165 0.157665 0)
(-0.00546576 0.159996 0)
(-0.00447213 0.161888 0)
(-0.00355214 0.16339 0)
(-0.00269505 0.16454 0)
(-0.00190724 0.165383 0)
(-0.00102194 0.166262 0)
(-0.000246846 0.163221 0)
(-0.00898279 0.082949 0)
(-0.0086634 0.0945836 0)
(-0.00824386 0.105013 0)
(-0.0077495 0.114303 0)
(-0.00720109 0.12253 0)
(-0.00661771 0.12977 0)
(-0.0060166 0.1361 0)
(-0.00541241 0.141598 0)
(-0.00481698 0.146338 0)
(-0.00423932 0.150393 0)
(-0.00368568 0.153832 0)
(-0.00315985 0.156719 0)
(-0.0026634 0.159111 0)
(-0.00219603 0.161061 0)
(-0.00175599 0.162615 0)
(-0.00133923 0.163811 0)
(-0.000957308 0.164683 0)
(-0.000505567 0.165436 0)
(-0.000111826 0.162705 0)
)
;

boundaryField
{
    leftWall
    {
        type            noSlip;
    }
    rightWall
    {
        type            noSlip;
    }
    lowerWall
    {
        type            noSlip;
    }
    atmosphere
    {
        type            pressureInletOutletVelocity;
        value           nonuniform List<vector> 
46
(
(0 -0.259741 0)
(0 -0.26012 0)
(0 -0.256518 0)
(0 -0.25103 0)
(0 -0.243712 0)
(0 -0.234657 0)
(0 -0.223964 0)
(0 -0.211743 0)
(0 -0.198123 0)
(0 -0.183248 0)
(0 -0.167278 0)
(0 -0.150385 0)
(0 -0.132752 0)
(0 -0.114569 0)
(0 -0.0960232 0)
(0 -0.0772967 0)
(0 -0.058557 0)
(0 -0.0399454 0)
(0 -0.02156 0)
(0 -0.00346591 0)
(-0.00928635 0.0142023 0)
(-0.00928943 0.0305384 0)
(-0.00936852 0.0455578 0)
(-0.00934905 0.055861 0)
(-0.00930184 0.0621302 0)
(-0.00923511 0.0681272 0)
(-0.00914523 0.0738728 0)
(-0.00898279 0.082949 0)
(-0.0086634 0.0945836 0)
(-0.00824386 0.105013 0)
(-0.0077495 0.114303 0)
(-0.00720109 0.12253 0)
(-0.00661771 0.12977 0)
(-0.0060166 0.1361 0)
(-0.00541241 0.141598 0)
(-0.00481698 0.146338 0)
(-0.00423932 0.150393 0)
(-0.00368568 0.153832 0)
(-0.00315985 0.156719 0)
(-0.0026634 0.159111 0)
(-0.00219603 0.161061 0)
(-0.00175599 0.162615 0)
(-0.00133923 0.163811 0)
(-0.000957308 0.164683 0)
(-0.000505567 0.165436 0)
(-0.000111826 0.162705 0)
)
;
    }
    defaultFaces
    {
        type            empty;
    }
}


// ************************************************************************* //
