/*--------------------------------*- C++ -*----------------------------------*\
  =========                 |
  \\      /  F ield         | OpenFOAM: The Open Source CFD Toolbox
   \\    /   O peration     | Website:  https://openfoam.org
    \\  /    A nd           | Version:  13
     \\/     M anipulation  |
\*---------------------------------------------------------------------------*/
FoamFile
{
    format      ascii;
    class       surfaceScalarField;
    location    "0.6";
    object      phi;
}
// * * * * * * * * * * * * * * * * * * * * * * * * * * * * * * * * * * * * * //

dimensions      [0 3 -1 0 0 0 0];

internalField   nonuniform List<scalar> 
4432
(
-3.16895e-06
3.16895e-06
-5.71379e-06
2.54484e-06
-6.08476e-06
3.70975e-07
-5.05939e-06
-1.02538e-06
-2.74336e-06
-2.31603e-06
8.44186e-07
-3.58754e-06
4.9842e-06
-4.14002e-06
8.6124e-06
-3.6282e-06
1.10598e-05
-2.4474e-06
1.22434e-05
-1.1836e-06
1.23442e-05
-1.00851e-07
1.15585e-05
7.85756e-07
1.01e-05
1.45846e-06
8.0836e-06
2.01642e-06
5.43258e-06
2.65102e-06
1.89237e-06
3.54021e-06
-2.68248e-06
4.57486e-06
-7.28768e-06
4.6052e-06
-1.04895e-05
3.20181e-06
-1.54275e-05
4.93805e-06
-2.08352e-05
5.40761e-06
-1.6162e-05
-4.67313e-06
-1.6162e-05
-3.68411e-06
6.85306e-06
-5.45542e-06
4.31615e-06
-5.43714e-06
3.52701e-07
-4.58009e-06
-1.88243e-06
-2.5571e-06
-4.33902e-06
8.62239e-07
-7.00688e-06
5.02649e-06
-8.30427e-06
8.71849e-06
-7.3202e-06
1.11831e-05
-4.91201e-06
1.23689e-05
-2.36939e-06
1.2641e-05
-3.7301e-07
1.23805e-05
1.04634e-06
1.18029e-05
2.03602e-06
1.10134e-05
2.80592e-06
1.00014e-05
3.66295e-06
8.49243e-06
5.04922e-06
5.83893e-06
7.22836e-06
1.09441e-06
9.34972e-06
-5.65512e-06
9.95135e-06
-1.24546e-05
1.17375e-05
-1.55566e-05
8.50963e-06
-1.09426e-05
-9.28708e-06
-2.71046e-05
-2.76499e-06
9.61805e-06
-4.02148e-06
5.57264e-06
-4.19736e-06
5.28581e-07
-3.86903e-06
-2.21075e-06
-2.42735e-06
-5.7807e-06
6.64455e-07
-1.00987e-05
4.72969e-06
-1.23695e-05
8.4283e-06
-1.10188e-05
1.08659e-05
-7.34964e-06
1.19725e-05
-3.47597e-06
1.20915e-05
-4.92042e-07
1.16182e-05
1.51965e-06
1.08527e-05
2.80159e-06
1.00282e-05
3.6304e-06
9.34714e-06
4.34397e-06
8.99184e-06
5.40452e-06
8.89766e-06
7.32255e-06
7.82473e-06
1.04226e-05
4.4623e-06
1.33138e-05
-8.1265e-07
1.70125e-05
-4.93121e-06
1.26282e-05
-3.53093e-06
-1.06874e-05
-3.06356e-05
-1.38639e-06
1.10044e-05
-1.88746e-06
6.07371e-06
-2.13077e-06
7.7189e-07
-2.02629e-06
-2.31523e-06
-8.05596e-07
-7.00139e-06
1.80518e-06
-1.27095e-05
5.23975e-06
-1.58041e-05
8.34669e-06
-1.41258e-05
1.03972e-05
-9.40012e-06
1.13159e-05
-4.39473e-06
1.13603e-05
-5.36395e-07
1.08627e-05
2.01723e-06
1.01001e-05
3.56416e-06
9.29196e-06
4.43856e-06
8.60995e-06
5.02599e-06
8.23892e-06
5.77555e-06
8.57704e-06
6.98443e-06
9.65561e-06
9.34408e-06
1.04742e-05
1.24952e-05
1.05732e-05
1.69134e-05
8.613e-06
1.45885e-05
5.22426e-06
-7.29862e-06
-2.54113e-05
4.9493e-07
1.05095e-05
1.27407e-06
5.29456e-06
1.65072e-06
3.9524e-07
2.45533e-06
-3.11984e-06
4.08006e-06
-8.62612e-06
6.16168e-06
-1.47911e-05
8.06883e-06
-1.77112e-05
9.46399e-06
-1.55209e-05
1.02642e-05
-1.02004e-05
1.05619e-05
-4.69242e-06
1.04305e-05
-4.04958e-07
9.95806e-06
2.48966e-06
9.30896e-06
4.21327e-06
8.67918e-06
5.06833e-06
8.20586e-06
5.49932e-06
7.95139e-06
6.03001e-06
8.14208e-06
6.79374e-06
9.35802e-06
8.12814e-06
1.18389e-05
1.00144e-05
1.51996e-05
1.35527e-05
1.60806e-05
1.37075e-05
1.06821e-05
-1.90018e-06
-1.47292e-05
2.98258e-06
7.52694e-06
5.72445e-06
2.55269e-06
7.79631e-06
-1.67662e-06
1.03192e-05
-5.64271e-06
1.27045e-05
-1.10114e-05
1.37055e-05
-1.57921e-05
1.3249e-05
-1.72548e-05
1.21395e-05
-1.44114e-05
1.10022e-05
-9.06307e-06
1.0127e-05
-3.81719e-06
9.5192e-06
2.02806e-07
8.97397e-06
3.03489e-06
8.44004e-06
4.74721e-06
8.0247e-06
5.48366e-06
7.82892e-06
5.6951e-06
7.83389e-06
6.02504e-06
8.13434e-06
6.4933e-06
9.10997e-06
7.15251e-06
1.12088e-05
7.91551e-06
1.50486e-05
9.71289e-06
1.74045e-05
1.13516e-05
1.25747e-05
2.92962e-06
-2.15444e-06
5.44482e-06
2.08212e-06
1.09633e-05
-2.96579e-06
1.6424e-05
-7.13728e-06
2.10619e-05
-1.02807e-05
2.29082e-05
-1.28577e-05
2.15195e-05
-1.44033e-05
1.83989e-05
-1.41342e-05
1.51543e-05
-1.11668e-05
1.24657e-05
-6.37445e-06
1.04667e-05
-1.81817e-06
9.08183e-06
1.58768e-06
8.17078e-06
3.94594e-06
7.58233e-06
5.33567e-06
7.34917e-06
5.71682e-06
7.45555e-06
5.58873e-06
7.72472e-06
5.75586e-06
8.22525e-06
5.99277e-06
9.24514e-06
6.13263e-06
1.07956e-05
6.36501e-06
1.36451e-05
6.86339e-06
1.63294e-05
8.66726e-06
1.38022e-05
5.45682e-06
1.16478e-05
8.29456e-06
-6.21245e-06
1.83049e-05
-1.29761e-05
2.6839e-05
-1.56714e-05
3.02233e-05
-1.36649e-05
2.86157e-05
-1.12501e-05
2.41842e-05
-9.97185e-06
1.96612e-05
-9.61124e-06
1.60194e-05
-7.52499e-06
1.32599e-05
-3.61494e-06
1.13716e-05
7.01813e-08
9.73398e-06
3.22526e-06
8.31616e-06
5.36376e-06
7.26024e-06
6.3916e-06
6.78663e-06
6.19042e-06
6.97973e-06
5.39563e-06
7.41602e-06
5.31957e-06
8.11572e-06
5.29307e-06
9.3859e-06
4.86244e-06
1.09961e-05
4.75484e-06
1.3007e-05
4.85242e-06
1.48771e-05
6.79717e-06
1.30913e-05
7.24262e-06
2.47391e-05
-3.50663e-05
3.50663e-05
-4.64415e-05
1.13752e-05
-1.35327e-05
-3.29088e-05
3.04781e-05
-4.40108e-05
6.98568e-05
-3.93787e-05
7.0048e-05
-1.9121e-07
-2.75858e-06
7.28066e-05
-0.000101106
9.8347e-05
-0.000151959
5.08535e-05
-0.000158602
6.64329e-06
-0.000155021
-3.5818e-06
-0.000151216
-3.80472e-06
-0.000147909
-3.30716e-06
-0.000142795
-5.11367e-06
-0.00013367
-9.12531e-06
-0.00011868
-1.49899e-05
-8.08001e-05
-3.78796e-05
-1.6865e-05
-6.39351e-05
-1.6865e-05
-2.14919e-05
5.65582e-05
-2.06638e-05
1.05471e-05
3.29179e-06
-5.68644e-05
2.54474e-05
-6.61665e-05
5.57276e-05
-6.9659e-05
4.02545e-05
1.52819e-05
-8.13713e-05
0.000194432
-0.000196497
0.000213472
-0.000232632
8.69892e-05
-0.000224072
-1.91757e-06
-0.000214658
-1.29949e-05
-0.000204889
-1.35741e-05
-0.000195546
-1.26503e-05
-0.000183875
-1.67846e-05
-0.000166401
-2.65989e-05
-0.000143444
-3.79477e-05
-0.000100073
-8.12503e-05
-3.21099e-05
-0.000131898
-4.89749e-05
-6.46707e-06
6.30253e-05
2.00154e-06
2.07852e-06
1.86931e-05
-7.3556e-05
4.08863e-05
-8.83596e-05
6.08436e-05
-8.96163e-05
3.49308e-05
4.11948e-05
-9.78755e-05
0.000327239
-0.000207399
0.000322996
-0.000204697
8.42868e-05
-0.000266959
6.03446e-05
-0.000315043
3.50892e-05
-0.000326472
-2.1449e-06
-0.000312996
-2.61263e-05
-0.000285073
-4.47081e-05
-0.000247316
-6.43557e-05
-0.000193333
-9.19302e-05
-0.000122961
-0.000151622
-4.33588e-05
-0.000211501
-9.23337e-05
-3.01021e-07
6.33263e-05
1.63526e-05
-1.45751e-05
3.31071e-05
-9.03106e-05
5.27603e-05
-0.000108013
7.04652e-05
-0.000107321
6.64624e-05
4.51976e-05
4.92394e-05
0.000344462
-9.82092e-05
0.000470444
-0.000170672
0.000156749
-0.000210593
0.000100265
-0.000251753
7.62497e-05
-0.00027351
1.96115e-05
-0.000275475
-2.41603e-05
-0.000264022
-5.61617e-05
-0.000243002
-8.53751e-05
-0.000202936
-0.000131997
-0.000137903
-0.000216655
-5.07312e-05
-0.000298672
-0.000143065
6.80872e-06
5.65176e-05
2.83541e-05
-3.61204e-05
4.4568e-05
-0.000106524
5.92716e-05
-0.000122716
7.48766e-05
-0.000122926
8.26823e-05
3.73919e-05
7.87936e-05
0.000348351
4.929e-06
0.000544309
-0.000121239
0.000282917
-0.000199793
0.00017882
-0.000223835
0.000100291
-0.000225754
2.15307e-05
-0.000215049
-3.48651e-05
-0.00019707
-7.41406e-05
-0.000180114
-0.000102331
-0.000162004
-0.000150107
-0.000120187
-0.000258472
-4.89947e-05
-0.000369865
-0.00019206
1.56774e-05
4.08402e-05
3.93951e-05
-5.98382e-05
5.18843e-05
-0.000119014
6.1914e-05
-0.000132746
7.38135e-05
-0.000134826
7.09341e-05
4.02714e-05
5.31523e-05
0.000366132
1.0095e-05
0.000587366
-0.000114634
0.000407646
-0.00019014
0.000254326
-0.000218988
0.000129138
-0.000222525
2.50683e-05
-0.000201354
-5.60364e-05
-0.000166897
-0.000108597
-0.000129285
-0.000139942
-0.000103838
-0.000175554
-7.37939e-05
-0.000288516
-4.20879e-05
-0.000401571
-0.000234148
2.78011e-05
1.30391e-05
4.85837e-05
-8.06208e-05
5.47231e-05
-0.000125153
6.17044e-05
-0.000139727
6.97026e-05
-0.000142824
4.6e-05
6.3974e-05
1.51064e-05
0.000397026
-3.16207e-05
0.000634093
-0.000129688
0.000505713
-0.000184362
0.000309001
-0.000217775
0.000162551
-0.000227919
3.52124e-05
-0.000211738
-7.22166e-05
-0.000172517
-0.000147819
-0.000117455
-0.000195004
-6.07311e-05
-0.000232279
-3.59412e-05
-0.000313306
-3.28213e-05
-0.000404691
-0.000266969
4.15454e-05
-2.85064e-05
5.33559e-05
-9.24312e-05
5.35909e-05
-0.000125388
5.99906e-05
-0.000146127
6.36202e-05
-0.000146454
2.86483e-05
9.89459e-05
-2.91786e-06
0.000428592
-7.03187e-05
0.000701494
-0.000141978
0.000577373
-0.000188803
0.000355825
-0.00023047
0.000204218
-0.000245362
5.01046e-05
-0.000230996
-8.65833e-05
-0.000192101
-0.000186714
-0.000127747
-0.000259357
-4.74149e-05
-0.000312611
-5.73521e-06
-0.000354986
-2.25726e-05
-0.000387853
-0.000289541
2.44122e-05
-3.06246e-05
4.2121e-05
-3.06849e-05
4.38423e-05
-1.73928e-05
3.56747e-05
-5.49725e-06
2.98815e-05
-5.45696e-06
2.47746e-05
-4.86493e-06
2.12786e-05
-6.11524e-06
1.91957e-05
-5.44205e-06
1.88905e-05
-3.30972e-06
1.96112e-05
-6.50554e-07
2.01613e-05
2.67515e-06
1.89988e-05
6.52621e-06
1.73219e-05
8.06857e-06
1.64845e-05
7.02783e-06
1.68648e-05
5.01532e-06
1.68986e-05
5.28574e-06
1.73957e-05
4.796e-06
1.96987e-05
2.55946e-06
2.36239e-05
8.29544e-07
2.86549e-05
-1.78561e-07
3.60098e-05
-5.5772e-07
4.63621e-05
-3.10969e-06
3.13037e-06
6.79709e-05
9.49759e-06
-4.01222e-05
-5.6136e-05
3.49488e-05
-0.000111255
3.77261e-05
-8.94435e-05
-2.73086e-05
-5.0944e-05
-4.39565e-05
-4.11122e-05
-1.46968e-05
-4.09804e-05
-6.247e-06
-3.78922e-05
-8.53023e-06
-2.74951e-05
-1.37069e-05
-1.47996e-05
-1.3346e-05
-4.86349e-06
-7.26095e-06
3.90183e-06
-2.2391e-06
1.31825e-05
-1.21212e-06
1.84863e-05
1.72402e-06
2.09406e-05
2.56107e-06
1.9701e-05
6.52532e-06
1.85364e-05
5.96057e-06
2.03346e-05
7.61268e-07
2.39098e-05
-2.74564e-06
2.78364e-05
-4.10512e-06
3.28878e-05
-5.60913e-06
3.81131e-05
-8.33503e-06
-9.27974e-06
5.05232e-05
-1.67859e-05
-2.33362e-05
-3.92354e-05
5.73983e-05
-5.98572e-05
5.8348e-05
-7.93868e-05
-7.77892e-06
-0.000106591
-1.67524e-05
-0.000133501
1.22137e-05
-0.000157094
1.7346e-05
-0.000174892
9.26694e-06
-0.000183922
-4.67682e-06
-0.000175673
-2.15946e-05
-0.000147231
-3.57031e-05
-0.000110459
-3.90105e-05
-5.69698e-05
-5.47017e-05
-2.90884e-05
-2.61574e-05
-1.14483e-05
-1.5079e-05
2.25715e-06
-7.18016e-06
1.25233e-05
-4.30554e-06
2.31981e-05
-9.91357e-06
2.92442e-05
-8.79171e-06
3.29703e-05
-7.83122e-06
3.79884e-05
-1.06272e-05
4.4176e-05
-1.45227e-05
-1.59063e-05
5.08026e-05
-2.97711e-05
6.43496e-06
-1.26855e-05
4.03128e-05
-4.4902e-06
5.01528e-05
-2.12496e-05
8.98054e-06
-4.55997e-05
7.59768e-06
-5.84071e-05
2.50211e-05
-6.28681e-05
2.1807e-05
-6.80388e-05
1.44376e-05
-8.07842e-05
8.06875e-06
-0.000100973
-1.40625e-06
-0.000130567
-6.10832e-06
-0.000150796
-1.87821e-05
-0.00016441
-4.10869e-05
-0.000156098
-3.44697e-05
-0.000136706
-3.44712e-05
-9.89512e-05
-4.49348e-05
-6.90473e-05
-3.42095e-05
-4.02313e-05
-3.87295e-05
-1.39579e-05
-3.50651e-05
6.45287e-07
-2.24344e-05
1.06246e-05
-2.06066e-05
2.00434e-05
-2.39415e-05
-2.2553e-05
2.66901e-05
-1.7101e-05
2.3536e-05
-2.93542e-06
2.61474e-05
8.7267e-06
3.84908e-05
5.26841e-06
1.24389e-05
1.10068e-06
1.17654e-05
1.13192e-06
2.49898e-05
3.61498e-06
1.9324e-05
7.96816e-06
1.00845e-05
1.23012e-05
3.73573e-06
9.56255e-06
1.33248e-06
-2.75252e-06
6.20679e-06
-2.97211e-05
8.18657e-06
-6.08856e-05
-9.9224e-06
-8.04208e-05
-1.49345e-05
-8.56594e-05
-2.92327e-05
-9.44421e-05
-3.61522e-05
-0.000103489
-2.51623e-05
-0.000116899
-2.53198e-05
-0.000129015
-2.29497e-05
-0.000133673
-1.77758e-05
-0.000129734
-2.45461e-05
-0.000113933
-3.97423e-05
-5.49262e-05
-8.15597e-05
-5.24336e-06
2.87794e-05
1.84689e-06
1.90573e-05
1.16368e-05
2.8701e-05
6.76795e-06
1.73078e-05
2.04234e-07
1.83291e-05
3.69115e-06
2.15029e-05
3.76015e-06
1.9255e-05
-5.8118e-07
1.44258e-05
-4.63753e-06
7.79209e-06
-2.4576e-06
-8.47449e-07
7.06284e-06
-3.31364e-06
1.86016e-05
-3.35225e-06
1.13005e-05
-2.62125e-06
-9.22144e-06
5.58729e-06
-2.3021e-05
-1.54332e-05
-2.93577e-05
-2.98156e-05
-3.06503e-05
-2.38698e-05
-3.65205e-05
-1.94496e-05
-4.25563e-05
-1.6914e-05
-4.68084e-05
-1.35237e-05
-5.67298e-05
-1.46247e-05
-7.14314e-05
-2.50407e-05
-3.01241e-05
-9.62335e-05
-2.54937e-06
3.13289e-05
1.31178e-06
1.51963e-05
5.8268e-06
2.41861e-05
3.09484e-06
2.00398e-05
1.13986e-06
2.02841e-05
2.03072e-06
2.06121e-05
2.20197e-06
1.90837e-05
8.25339e-07
1.58024e-05
-2.07737e-06
1.06948e-05
-7.74198e-06
4.81713e-06
-1.14476e-05
3.919e-07
-1.08146e-05
-3.98528e-06
-9.52425e-06
-3.91169e-06
-8.56155e-06
4.62452e-06
-1.57921e-05
-8.20272e-06
-2.4488e-05
-2.11198e-05
-2.77928e-05
-2.05652e-05
-2.71159e-05
-2.01266e-05
-2.52051e-05
-1.88248e-05
-2.3099e-05
-1.56299e-05
-2.24545e-05
-1.52692e-05
-2.08016e-05
-2.66937e-05
-2.90403e-05
-2.18855e-05
-2.01487e-06
3.33439e-05
-5.17719e-07
1.36994e-05
1.93851e-06
2.173e-05
1.25374e-06
2.07246e-05
8.8559e-07
2.06523e-05
1.17333e-06
2.03243e-05
7.06525e-07
1.95505e-05
-1.11099e-06
1.76199e-05
-4.34888e-06
1.39326e-05
-8.01824e-06
8.48642e-06
-1.06396e-05
3.01312e-06
-1.37017e-05
-9.23182e-07
-1.53943e-05
-2.21917e-06
-1.21467e-05
1.37678e-06
-1.45315e-05
-5.81794e-06
-2.15324e-05
-1.4119e-05
-2.71932e-05
-1.49044e-05
-3.17358e-05
-1.5584e-05
-3.39035e-05
-1.6657e-05
-3.18549e-05
-1.76785e-05
-2.57522e-05
-2.1372e-05
-2.02358e-05
-3.22102e-05
-4.04845e-05
-8.79159e-06
-2.07942e-06
3.54234e-05
-1.22041e-06
1.28405e-05
5.02211e-07
2.00074e-05
4.24346e-07
2.08025e-05
2.97319e-07
2.07793e-05
5.75668e-07
2.00459e-05
6.89411e-07
1.94367e-05
1.48329e-07
1.81609e-05
-1.61044e-06
1.56913e-05
-5.08196e-06
1.19578e-05
-9.6945e-06
7.62558e-06
-1.38525e-05
3.23477e-06
-1.61547e-05
8.29809e-08
-1.42058e-05
-5.72212e-07
-1.50621e-05
-4.96162e-06
-2.03494e-05
-8.83182e-06
-2.53853e-05
-9.86853e-06
-2.9561e-05
-1.14084e-05
-3.13711e-05
-1.48469e-05
-2.89956e-05
-2.00541e-05
-2.37063e-05
-2.66613e-05
-2.07931e-05
-3.51235e-05
-4.4998e-05
-1.62795e-05
-1.74665e-06
3.71702e-05
-1.35574e-06
1.24497e-05
-3.18474e-07
1.89702e-05
-3.33159e-07
2.08172e-05
-3.07095e-07
2.07532e-05
-1.97227e-07
1.9936e-05
-2.33588e-08
1.92627e-05
-1.39603e-07
1.8277e-05
-9.91549e-07
1.65431e-05
-2.77275e-06
1.3739e-05
-5.31124e-06
1.0164e-05
-8.60998e-06
6.53347e-06
-1.20475e-05
3.52045e-06
-1.42706e-05
1.65095e-06
-1.78611e-05
-1.37122e-06
-2.29276e-05
-3.76528e-06
-2.76429e-05
-5.15327e-06
-3.15676e-05
-7.48372e-06
-3.43157e-05
-1.20989e-05
-3.55817e-05
-1.87881e-05
-3.56828e-05
-2.65603e-05
-3.6813e-05
-3.39934e-05
-3.83905e-05
-4.34206e-05
-1.38405e-06
3.85543e-05
-1.33882e-06
1.24045e-05
-8.30322e-07
1.84617e-05
-9.29132e-07
2.0916e-05
-9.67918e-07
2.0792e-05
-1.06998e-06
2.0038e-05
-1.10992e-06
1.93026e-05
-1.21819e-06
1.83852e-05
-1.6734e-06
1.69983e-05
-2.8589e-06
1.49244e-05
-4.96195e-06
1.2267e-05
-7.90876e-06
9.48029e-06
-1.13798e-05
6.99152e-06
-1.48597e-05
5.13089e-06
-1.9217e-05
2.98605e-06
-2.4171e-05
1.18874e-06
-2.89767e-05
-3.47537e-07
-3.36854e-05
-2.77505e-06
-3.8687e-05
-7.09731e-06
-4.38653e-05
-1.36098e-05
-4.8889e-05
-2.15367e-05
-5.56562e-05
-2.72263e-05
-2.39816e-05
-7.00649e-05
-1.06125e-06
3.96156e-05
-1.27383e-06
1.2617e-05
-1.16868e-06
1.83565e-05
-1.36907e-06
2.11163e-05
-1.60715e-06
2.103e-05
-1.91927e-06
2.035e-05
-2.24772e-06
1.96309e-05
-2.64211e-06
1.87796e-05
-3.28777e-06
1.76439e-05
-4.48257e-06
1.61192e-05
-6.46092e-06
1.42454e-05
-9.25005e-06
1.22695e-05
-1.27379e-05
1.04794e-05
-1.65874e-05
8.98035e-06
-2.10485e-05
7.44717e-06
-2.58687e-05
6.00899e-06
-3.08391e-05
4.62279e-06
-3.63707e-05
2.75652e-06
-4.31285e-05
-3.39525e-07
-5.13106e-05
-5.42772e-06
-6.08246e-05
-1.20227e-05
-7.17459e-05
-1.6305e-05
-1.1288e-05
-8.44396e-05
-8.09736e-07
4.04253e-05
-1.20806e-06
1.30153e-05
-1.40692e-06
1.85553e-05
-1.75052e-06
2.14599e-05
-2.1553e-06
2.14347e-05
-2.65809e-06
2.08527e-05
-3.26078e-06
2.02336e-05
-3.99214e-06
1.95109e-05
-4.96398e-06
1.86157e-05
-6.36436e-06
1.75196e-05
-8.37845e-06
1.62595e-05
-1.1071e-05
1.49621e-05
-1.43585e-05
1.3767e-05
-1.80974e-05
1.27193e-05
-2.23718e-05
1.17216e-05
-2.71776e-05
1.08148e-05
-3.25396e-05
9.98471e-06
-3.88174e-05
9.03425e-06
-4.67714e-05
7.61456e-06
-5.73298e-05
5.13057e-06
-7.12296e-05
1.87696e-06
-8.78243e-05
2.89728e-07
6.27063e-06
-0.000105383
-6.40839e-07
4.10661e-05
-1.16236e-06
1.35367e-05
-1.58649e-06
1.89794e-05
-2.06584e-06
2.19392e-05
-2.60292e-06
2.19717e-05
-3.24872e-06
2.14985e-05
-4.03596e-06
2.10208e-05
-4.99887e-06
2.04738e-05
-6.21005e-06
1.98269e-05
-7.7763e-06
1.90859e-05
-9.80871e-06
1.8292e-05
-1.23597e-05
1.75132e-05
-1.54072e-05
1.68145e-05
-1.89387e-05
1.62508e-05
-2.30349e-05
1.58177e-05
-2.77939e-05
1.55738e-05
-3.33367e-05
1.55273e-05
-3.99267e-05
1.56241e-05
-4.82344e-05
1.59223e-05
-5.9561e-05
1.64572e-05
-7.51165e-05
1.74324e-05
-9.50923e-05
2.02656e-05
2.81377e-05
-0.000116959
-5.45103e-07
4.16111e-05
-1.15425e-06
1.41458e-05
-1.72268e-06
1.95478e-05
-2.31261e-06
2.25291e-05
-2.95048e-06
2.26095e-05
-3.69449e-06
2.22425e-05
-4.57951e-06
2.19058e-05
-5.65415e-06
2.15484e-05
-6.96912e-06
2.11419e-05
-8.5869e-06
2.07037e-05
-1.05701e-05
2.02752e-05
-1.29614e-05
1.99045e-05
-1.57903e-05
1.96434e-05
-1.90838e-05
1.95442e-05
-2.29233e-05
1.96573e-05
-2.74172e-05
2.00676e-05
-3.27144e-05
2.08244e-05
-3.90318e-05
2.19415e-05
-4.67265e-05
2.3617e-05
-5.65427e-05
2.62733e-05
-6.95951e-05
3.04848e-05
-8.6443e-05
3.71135e-05
4.74498e-05
-0.000105755
-4.98961e-07
4.21101e-05
-1.16319e-06
1.48101e-05
-1.83143e-06
2.0216e-05
-2.49062e-06
2.31883e-05
-3.19475e-06
2.33137e-05
-3.99842e-06
2.30461e-05
-4.93482e-06
2.28421e-05
-6.04265e-06
2.26563e-05
-7.36715e-06
2.24664e-05
-8.94948e-06
2.22861e-05
-1.08345e-05
2.21603e-05
-1.30604e-05
2.21304e-05
-1.56641e-05
2.2247e-05
-1.86854e-05
2.25656e-05
-2.21843e-05
2.31562e-05
-2.62287e-05
2.41119e-05
-3.09247e-05
2.55204e-05
-3.64543e-05
2.74711e-05
-4.29955e-05
3.01583e-05
-5.07209e-05
3.39987e-05
-6.00105e-05
3.97744e-05
-7.13534e-05
4.84565e-05
6.06298e-05
-8.45334e-05
-4.80682e-07
4.25907e-05
-1.17923e-06
1.55087e-05
-1.90617e-06
2.0943e-05
-2.60291e-06
2.3885e-05
-3.34206e-06
2.40528e-05
-4.17411e-06
2.38781e-05
-5.12601e-06
2.3794e-05
-6.226e-06
2.37563e-05
-7.5088e-06
2.37492e-05
-9.01236e-06
2.37897e-05
-1.07665e-05
2.39145e-05
-1.28055e-05
2.41693e-05
-1.51611e-05
2.46025e-05
-1.78671e-05
2.52715e-05
-2.0964e-05
2.62531e-05
-2.44935e-05
2.76414e-05
-2.85134e-05
2.95402e-05
-3.31097e-05
3.20674e-05
-3.83579e-05
3.54066e-05
-4.42448e-05
3.98856e-05
-5.05714e-05
4.61011e-05
-5.70856e-05
5.49707e-05
6.71362e-05
-6.35918e-05
-4.70181e-07
4.3061e-05
-1.19005e-06
1.62286e-05
-1.94352e-06
2.16965e-05
-2.65348e-06
2.4595e-05
-3.39995e-06
2.47992e-05
-4.23194e-06
2.47101e-05
-5.16931e-06
2.47314e-05
-6.23398e-06
2.48209e-05
-7.44839e-06
2.49636e-05
-8.84155e-06
2.51828e-05
-1.04407e-05
2.55136e-05
-1.22679e-05
2.59965e-05
-1.43433e-05
2.66779e-05
-1.66901e-05
2.76183e-05
-1.93273e-05
2.88903e-05
-2.22703e-05
3.05843e-05
-2.55353e-05
3.28051e-05
-2.91324e-05
3.56646e-05
-3.3051e-05
3.93252e-05
-3.71956e-05
4.40303e-05
-4.12584e-05
5.01639e-05
-4.46486e-05
5.83609e-05
6.92027e-05
-4.6715e-05
-4.56248e-07
4.35173e-05
-1.18794e-06
1.69604e-05
-1.94445e-06
2.24531e-05
-2.64675e-06
2.52973e-05
-3.37771e-06
2.55302e-05
-4.18438e-06
2.55167e-05
-5.0806e-06
2.56276e-05
-6.08438e-06
2.58247e-05
-7.2086e-06
2.60879e-05
-8.4735e-06
2.64478e-05
-9.89572e-06
2.69359e-05
-1.14895e-05
2.75902e-05
-1.32674e-05
2.84558e-05
-1.52357e-05
2.95866e-05
-1.73953e-05
3.10499e-05
-1.974e-05
3.2929e-05
-2.22493e-05
3.53144e-05
-2.4892e-05
3.83072e-05
-2.75962e-05
4.20295e-05
-3.02196e-05
4.66537e-05
-3.24726e-05
5.24169e-05
-3.37999e-05
5.96883e-05
6.88774e-05
-3.34747e-05
-4.33381e-07
4.39507e-05
-1.16871e-06
1.76958e-05
-1.91011e-06
2.31945e-05
-2.58688e-06
2.5974e-05
-3.28574e-06
2.6229e-05
-4.047e-06
2.6278e-05
-4.8847e-06
2.64653e-05
-5.80338e-06
2.67434e-05
-6.82028e-06
2.71049e-05
-7.94027e-06
2.75679e-05
-9.17434e-06
2.81701e-05
-1.05279e-05
2.89438e-05
-1.20036e-05
2.99315e-05
-1.35964e-05
3.11794e-05
-1.52921e-05
3.27456e-05
-1.70665e-05
3.47034e-05
-1.88799e-05
3.71277e-05
-2.06695e-05
4.00968e-05
-2.23379e-05
4.3698e-05
-2.37285e-05
4.80443e-05
-2.45843e-05
5.32727e-05
-2.447e-05
5.95739e-05
6.7197e-05
-2.27896e-05
-3.98472e-07
4.43492e-05
-1.12851e-06
1.84259e-05
-1.84282e-06
2.39088e-05
-2.48032e-06
2.66115e-05
-3.13302e-06
2.68816e-05
-3.83744e-06
2.69824e-05
-4.60034e-06
2.72282e-05
-5.42557e-06
2.75687e-05
-6.31858e-06
2.79979e-05
-7.2856e-06
2.8535e-05
-8.32694e-06
2.92114e-05
-9.44197e-06
3.00588e-05
-1.06239e-05
3.11133e-05
-1.18592e-05
3.24146e-05
-1.31241e-05
3.40105e-05
-1.438e-05
3.59593e-05
-1.55741e-05
3.83218e-05
-1.66322e-05
4.11549e-05
-1.74456e-05
4.45114e-05
-1.78641e-05
4.84628e-05
-1.76704e-05
5.3079e-05
-1.65417e-05
5.84452e-05
6.46853e-05
-1.40299e-05
-3.51822e-07
4.47011e-05
-1.06758e-06
1.91417e-05
-1.74396e-06
2.45851e-05
-2.33345e-06
2.72009e-05
-2.93048e-06
2.74786e-05
-3.56872e-06
2.76206e-05
-4.24939e-06
2.79089e-05
-4.97235e-06
2.82917e-05
-5.73883e-06
2.87645e-05
-6.55004e-06
2.93463e-05
-7.40181e-06
3.00633e-05
-8.28713e-06
3.09442e-05
-9.19284e-06
3.2019e-05
-1.0099e-05
3.33207e-05
-1.09745e-05
3.4886e-05
-1.17747e-05
3.67594e-05
-1.24396e-05
3.89868e-05
-1.28901e-05
4.16055e-05
-1.30222e-05
4.46435e-05
-1.26945e-05
4.81351e-05
-1.1729e-05
5.21134e-05
-9.8857e-06
5.6602e-05
6.16455e-05
-6.84591e-06
-2.94548e-07
4.49956e-05
-9.85418e-07
1.98326e-05
-1.61473e-06
2.52144e-05
-2.15061e-06
2.77367e-05
-2.68795e-06
2.80159e-05
-3.25479e-06
2.81875e-05
-3.84823e-06
2.85024e-05
-4.46686e-06
2.89104e-05
-5.10824e-06
2.94059e-05
-5.76803e-06
3.00062e-05
-6.43921e-06
3.07345e-05
-7.11044e-06
3.16154e-05
-7.7642e-06
3.26728e-05
-8.37616e-06
3.39326e-05
-8.91168e-06
3.54215e-05
-9.32249e-06
3.71702e-05
-9.54804e-06
3.92123e-05
-9.51126e-06
4.15687e-05
-9.11491e-06
4.42472e-05
-8.23513e-06
4.72553e-05
-6.72217e-06
5.06004e-05
-4.39589e-06
5.42757e-05
5.82762e-05
-1.02652e-06
-2.2884e-07
4.52245e-05
-8.83037e-07
2.04868e-05
-1.45707e-06
2.57884e-05
-1.93655e-06
2.82161e-05
-2.41112e-06
2.84905e-05
-2.90432e-06
2.86807e-05
-3.41036e-06
2.90084e-05
-3.92568e-06
2.94257e-05
-4.44561e-06
2.99259e-05
-4.96336e-06
3.05239e-05
-5.4686e-06
3.12398e-05
-5.94687e-06
3.20937e-05
-6.37752e-06
3.31034e-05
-6.73379e-06
3.42889e-05
-6.98055e-06
3.56683e-05
-7.07036e-06
3.72601e-05
-6.94255e-06
3.90845e-05
-6.52718e-06
4.11534e-05
-5.73784e-06
4.34579e-05
-4.46588e-06
4.59834e-05
-2.58629e-06
4.87209e-05
3.90137e-08
5.16505e-05
5.47398e-05
3.57547e-06
-1.56304e-07
4.53808e-05
-7.6319e-07
2.10937e-05
-1.27407e-06
2.62993e-05
-1.69531e-06
2.86374e-05
-2.10511e-06
2.89003e-05
-2.52388e-06
2.90995e-05
-2.94526e-06
2.94298e-05
-3.36301e-06
2.98434e-05
-3.77088e-06
3.03337e-05
-4.15979e-06
3.09128e-05
-4.51728e-06
3.15973e-05
-4.82534e-06
3.24018e-05
-5.06384e-06
3.33419e-05
-5.20466e-06
3.44297e-05
-5.21362e-06
3.56772e-05
-5.04592e-06
3.70924e-05
-4.64691e-06
3.86856e-05
-3.95034e-06
4.04568e-05
-2.88296e-06
4.23905e-05
-1.3517e-06
4.44521e-05
7.57851e-07
4.66114e-05
3.54069e-06
4.88677e-05
5.11903e-05
7.09028e-06
-7.45391e-08
4.54554e-05
-6.30441e-07
2.16497e-05
-1.07235e-06
2.67413e-05
-1.43391e-06
2.8999e-05
-1.77832e-06
2.92448e-05
-2.12407e-06
2.94452e-05
-2.46365e-06
2.97694e-05
-2.78943e-06
3.01692e-05
-3.0933e-06
3.06376e-05
-3.36597e-06
3.11855e-05
-3.59298e-06
3.18243e-05
-3.75719e-06
3.2566e-05
-3.8366e-06
3.34213e-05
-3.80404e-06
3.43971e-05
-3.62451e-06
3.54977e-05
-3.25972e-06
3.67276e-05
-2.65973e-06
3.80856e-05
-1.76795e-06
3.9565e-05
-5.24888e-07
4.11474e-05
1.1563e-06
4.27709e-05
3.3524e-06
4.44153e-05
6.15203e-06
4.60681e-05
4.77179e-05
9.62442e-06
2.58612e-08
4.54296e-05
-4.91765e-07
2.21675e-05
-8.60318e-07
2.71099e-05
-1.16101e-06
2.92997e-05
-1.43819e-06
2.9522e-05
-1.71083e-06
2.97179e-05
-1.97062e-06
3.00292e-05
-2.20936e-06
3.0408e-05
-2.41902e-06
3.08472e-05
-2.58853e-06
3.1355e-05
-2.70347e-06
3.19393e-05
-2.74548e-06
3.2608e-05
-2.6942e-06
3.337e-05
-2.52223e-06
3.42251e-05
-2.20053e-06
3.5176e-05
-1.69342e-06
3.62205e-05
-9.60827e-07
3.7353e-05
6.1204e-08
3.8543e-05
1.4183e-06
3.97903e-05
3.14406e-06
4.10452e-05
5.31592e-06
4.22434e-05
8.02627e-06
4.33577e-05
4.44183e-05
1.13259e-05
1.57936e-07
4.52717e-05
-3.48544e-07
2.26741e-05
-6.4868e-07
2.741e-05
-8.8748e-07
2.95386e-05
-1.09587e-06
2.97303e-05
-1.29655e-06
2.99185e-05
-1.47948e-06
3.02122e-05
-1.63618e-06
3.05647e-05
-1.75738e-06
3.09685e-05
-1.83233e-06
3.143e-05
-1.84726e-06
3.19542e-05
-1.78502e-06
3.25457e-05
-1.6248e-06
3.32097e-05
-1.34337e-06
3.39436e-05
-9.14184e-07
3.47468e-05
-3.04226e-07
3.56105e-05
5.3032e-07
3.65185e-05
1.59817e-06
3.74751e-05
2.96038e-06
3.8428e-05
4.66527e-06
3.93403e-05
6.77051e-06
4.01382e-05
9.32244e-06
4.08058e-05
4.13737e-05
1.2367e-05
3.251e-07
4.49468e-05
-1.95307e-07
2.31945e-05
-4.45763e-07
2.76605e-05
-6.24692e-07
2.97176e-05
-7.64647e-07
2.98702e-05
-8.97701e-07
3.00515e-05
-1.00704e-06
3.03215e-05
-1.08547e-06
3.06432e-05
-1.12376e-06
3.10068e-05
-1.10973e-06
3.1416e-05
-1.03235e-06
3.18768e-05
-8.76404e-07
3.23897e-05
-6.2488e-07
3.29582e-05
-2.51032e-07
3.35698e-05
2.65022e-07
3.42307e-05
9.46613e-07
3.4929e-05
1.81474e-06
3.56504e-05
2.92029e-06
3.63695e-05
4.28168e-06
3.70666e-05
5.93351e-06
3.76884e-05
7.90012e-06
3.81716e-05
1.0239e-05
3.84669e-05
3.86233e-05
1.29893e-05
5.082e-07
4.44386e-05
-2.75409e-08
2.37302e-05
-2.58416e-07
2.78915e-05
-3.83676e-07
2.98428e-05
-4.61151e-07
2.99476e-05
-5.34161e-07
3.01246e-05
-5.77846e-07
3.03652e-05
-5.8444e-07
3.06498e-05
-5.46143e-07
3.09685e-05
-4.5253e-07
3.13223e-05
-2.91453e-07
3.17157e-05
-4.77599e-08
3.2146e-05
2.95032e-07
3.26153e-05
7.43648e-07
3.31212e-05
1.32497e-06
3.36495e-05
2.06429e-06
3.41897e-05
2.98367e-06
3.4731e-05
4.10021e-06
3.52529e-05
5.43981e-06
3.5727e-05
7.01942e-06
3.61088e-05
8.86432e-06
3.63266e-05
1.09933e-05
3.63379e-05
3.61694e-05
1.34472e-05
6.82381e-07
4.37563e-05
1.17973e-07
2.42946e-05
-1.03966e-07
2.81135e-05
-1.80421e-07
2.99193e-05
-2.08125e-07
2.99753e-05
-2.34987e-07
3.01514e-05
-2.25752e-07
3.0356e-05
-1.75679e-07
3.05997e-05
-7.43533e-08
3.08672e-05
8.67534e-08
3.11612e-05
3.17985e-07
3.14844e-05
6.29509e-07
3.18344e-05
1.03759e-06
3.22073e-05
1.55811e-06
3.26007e-05
2.20774e-06
3.29999e-05
2.99884e-06
3.33986e-05
3.95174e-06
3.3778e-05
5.08337e-06
3.41212e-05
6.4178e-06
3.43925e-05
7.9614e-06
3.45652e-05
9.71586e-06
3.45721e-05
1.169e-05
3.43637e-05
3.39491e-05
1.39103e-05
8.568e-07
4.28994e-05
2.41373e-07
2.49099e-05
2.07148e-09
2.83528e-05
-3.02576e-08
2.99515e-05
-3.03512e-08
2.99754e-05
-3.13966e-08
3.01525e-05
1.20987e-08
3.03125e-05
9.89598e-08
3.05128e-05
2.39162e-07
3.0727e-05
4.41829e-07
3.09586e-05
7.16799e-07
3.12095e-05
1.07424e-06
3.1477e-05
1.52738e-06
3.17542e-05
2.0912e-06
3.20369e-05
2.77702e-06
3.23141e-05
3.6023e-06
3.25733e-05
4.58364e-06
3.27967e-05
5.73564e-06
3.29692e-05
7.06862e-06
3.30595e-05
8.59004e-06
3.30438e-05
1.03032e-05
3.2859e-05
1.22015e-05
3.24653e-05
3.18611e-05
1.42895e-05
1.03369e-06
4.18656e-05
3.57286e-07
2.55863e-05
8.68455e-08
2.86231e-05
6.80875e-08
2.99702e-05
4.7548e-08
2.99959e-05
6.33754e-08
3.01365e-05
1.10659e-07
3.02651e-05
2.04668e-07
3.04188e-05
3.53678e-07
3.0578e-05
5.65985e-07
3.07463e-05
8.51532e-07
3.09239e-05
1.22003e-06
3.11085e-05
1.67833e-06
3.12959e-05
2.24576e-06
3.14695e-05
2.93352e-06
3.16264e-05
3.75914e-06
3.17477e-05
4.7298e-06
3.1826e-05
5.8658e-06
3.18332e-05
7.17621e-06
3.17492e-05
8.67019e-06
3.15498e-05
1.03428e-05
3.11863e-05
1.21919e-05
3.06161e-05
2.98453e-05
1.42076e-05
1.19692e-06
4.06686e-05
4.54962e-07
2.63282e-05
1.35847e-07
2.89422e-05
8.69992e-08
3.00189e-05
4.70606e-08
3.00358e-05
4.46782e-08
3.01388e-05
7.27492e-08
3.0237e-05
1.48661e-07
3.03429e-05
2.78711e-07
3.04479e-05
4.67884e-07
3.05571e-05
7.23804e-07
3.0668e-05
1.05767e-06
3.07746e-05
1.48244e-06
3.08711e-05
2.00909e-06
3.09429e-05
2.64853e-06
3.0987e-05
3.41427e-06
3.09821e-05
4.32465e-06
3.09156e-05
5.39097e-06
3.07669e-05
6.62074e-06
3.05194e-05
8.02832e-06
3.01421e-05
9.61286e-06
2.96017e-05
1.13693e-05
2.88596e-05
2.79258e-05
1.32887e-05
1.32046e-06
3.93481e-05
5.2631e-07
2.71223e-05
1.57356e-07
2.93111e-05
7.19603e-08
3.01043e-05
-5.4562e-09
3.01131e-05
-5.26657e-08
3.01859e-05
-6.04983e-08
3.02448e-05
-2.43956e-08
3.03068e-05
5.99761e-08
3.03636e-05
1.99474e-07
3.04177e-05
4.01477e-07
3.0466e-05
6.74313e-07
3.05019e-05
1.02884e-06
3.05167e-05
1.47148e-06
3.05003e-05
2.02015e-06
3.04384e-05
2.68564e-06
3.03166e-05
3.47963e-06
3.01216e-05
4.4116e-06
2.98349e-05
5.49618e-06
2.94347e-05
6.74266e-06
2.88956e-05
8.15337e-06
2.81909e-05
9.72903e-06
2.72839e-05
2.61978e-05
1.14569e-05
1.38242e-06
3.79657e-05
5.64476e-07
2.79402e-05
1.63072e-07
2.97124e-05
3.72494e-08
3.02301e-05
-8.66521e-08
3.02369e-05
-1.76624e-07
3.02759e-05
-2.26959e-07
3.02951e-05
-2.38706e-07
3.03186e-05
-2.06913e-07
3.03318e-05
-1.27488e-07
3.03383e-05
6.77575e-09
3.03318e-05
2.03112e-07
3.03056e-05
4.68925e-07
3.0251e-05
8.15257e-07
3.01541e-05
1.25198e-06
3.00017e-05
1.78929e-06
2.97792e-05
2.43636e-06
2.94745e-05
3.202e-06
2.90692e-05
4.09701e-06
2.85397e-05
5.13289e-06
2.78597e-05
6.30466e-06
2.70191e-05
7.62012e-06
2.59684e-05
2.4753e-05
9.06488e-06
1.38156e-06
3.65841e-05
5.68073e-07
2.87536e-05
1.51689e-07
3.01287e-05
-1.10727e-08
3.03928e-05
-1.69087e-07
3.03948e-05
-2.88256e-07
3.0395e-05
-3.74566e-07
3.03815e-05
-4.29512e-07
3.03735e-05
-4.45983e-07
3.03483e-05
-4.20592e-07
3.03129e-05
-3.48954e-07
3.02602e-05
-2.25022e-07
3.01817e-05
-4.11405e-08
3.00671e-05
2.10305e-07
2.99026e-05
5.37218e-07
2.96747e-05
9.46293e-07
2.93701e-05
1.44571e-06
2.89751e-05
2.04226e-06
2.84727e-05
2.74705e-06
2.78349e-05
3.55776e-06
2.7049e-05
4.48125e-06
2.60956e-05
5.51838e-06
2.49313e-05
2.36207e-05
6.65069e-06
1.30934e-06
3.52747e-05
5.38518e-07
2.95244e-05
1.34784e-07
3.05325e-05
-4.26901e-08
3.05702e-05
-2.21365e-07
3.05735e-05
-3.55288e-07
3.05289e-05
-4.69387e-07
3.04955e-05
-5.47491e-07
3.04516e-05
-5.95854e-07
3.03966e-05
-6.12245e-07
3.03293e-05
-5.91172e-07
3.02391e-05
-5.26412e-07
3.0117e-05
-4.12579e-07
2.99533e-05
-2.44599e-07
2.97346e-05
-1.25781e-08
2.94426e-05
2.8786e-07
2.90697e-05
6.59972e-07
2.8603e-05
1.10643e-06
2.80263e-05
1.63477e-06
2.73066e-05
2.24474e-06
2.6439e-05
2.94298e-06
2.53974e-05
3.71644e-06
2.41578e-05
2.27654e-05
4.57172e-06
1.14291e-06
3.41318e-05
4.73047e-07
3.01944e-05
1.20801e-07
3.08847e-05
-5.07384e-08
3.07417e-05
-2.28547e-07
3.07513e-05
-3.64287e-07
3.06646e-05
-4.78452e-07
3.06097e-05
-5.69875e-07
3.05431e-05
-6.38124e-07
3.04649e-05
-6.78209e-07
3.03694e-05
-6.8712e-07
3.02481e-05
-6.64512e-07
3.00944e-05
-6.02052e-07
2.98908e-05
-4.963e-07
2.96288e-05
-3.4443e-07
2.92907e-05
-1.41093e-07
2.88663e-05
1.13313e-07
2.83487e-05
4.3362e-07
2.7706e-05
8.07843e-07
2.69324e-05
1.24491e-06
2.6002e-05
1.73659e-06
2.49057e-05
2.28739e-06
2.3607e-05
2.21608e-05
2.89196e-06
9.05196e-07
3.32266e-05
3.8522e-07
3.07144e-05
1.113e-07
3.11587e-05
-3.37259e-08
3.08868e-05
-1.87781e-07
3.09053e-05
-3.044e-07
3.07812e-05
-4.05706e-07
3.0711e-05
-4.91373e-07
3.06287e-05
-5.59629e-07
3.05332e-05
-6.06365e-07
3.04161e-05
-6.31434e-07
3.02732e-05
-6.34151e-07
3.00971e-05
-6.10025e-07
2.98666e-05
-5.56098e-07
2.95748e-05
-4.69982e-07
2.92046e-05
-3.50054e-07
2.87464e-05
-1.93081e-07
2.81917e-05
4.67041e-09
2.75083e-05
2.39009e-07
2.66981e-05
5.15708e-07
2.57253e-05
8.24875e-07
2.45966e-05
1.16569e-06
2.32662e-05
2.17883e-05
1.5382e-06
6.48015e-07
3.25787e-05
2.88617e-07
3.10739e-05
9.5012e-08
3.13523e-05
-1.08886e-08
3.09926e-05
-1.26457e-07
3.10208e-05
-2.09307e-07
3.0864e-05
-2.90601e-07
3.07923e-05
-3.53654e-07
3.06918e-05
-4.11347e-07
3.05909e-05
-4.59708e-07
3.04645e-05
-4.93205e-07
3.03066e-05
-5.09387e-07
3.01132e-05
-5.1528e-07
2.98725e-05
-5.065e-07
2.95661e-05
-4.78441e-07
2.91766e-05
-4.29799e-07
2.86978e-05
-3.62217e-07
2.81241e-05
-2.72468e-07
2.74185e-05
-1.60221e-07
2.65858e-05
-2.87873e-08
2.55939e-05
1.18349e-07
2.44495e-05
2.71121e-07
2.31135e-05
2.16102e-05
4.49231e-07
2.86519e-07
1.41319e-07
5.98121e-08
1.30767e-08
-3.7129e-08
-7.03747e-08
-1.04609e-07
-1.35455e-07
-1.5882e-07
-1.80194e-07
-2.02688e-07
-2.21911e-07
-2.33504e-07
-2.38767e-07
-2.43434e-07
-2.46459e-07
-2.36528e-07
-2.26518e-07
-2.06981e-07
-1.89195e-07
-1.59564e-07
-1.28324e-07
-8.59727e-08
6.76307e-05
3.40213e-07
7.01317e-05
-2.50103e-06
7.6027e-05
-5.89531e-06
-8.6684e-06
8.46954e-05
5.72288e-05
-6.36537e-06
6.34492e-05
-8.72147e-06
6.91746e-05
-1.16207e-05
-1.48238e-05
7.533e-05
5.26188e-05
-8.18159e-06
5.31534e-05
-9.25611e-06
5.21755e-05
-1.06427e-05
-1.23218e-05
4.96735e-05
2.61771e-05
-7.66865e-06
2.18392e-05
-4.91822e-06
1.21723e-05
-9.75771e-07
5.94399e-07
-7.43972e-07
-6.74216e-05
-2.18067e-05
-7.21792e-05
-1.60615e-07
-8.65528e-05
1.33978e-05
1.90903e-05
-0.000105049
-0.000111762
-6.27802e-06
-0.000124243
1.23202e-05
-0.000128685
1.78394e-05
8.71354e-06
-0.000118308
-2.52802e-05
-2.88338e-06
-2.03958e-05
7.43563e-06
-1.65692e-05
1.40127e-05
1.67991e-05
-2.46549e-05
2.13774e-06
-1.38127e-05
1.41338e-05
-4.56065e-06
2.31885e-05
4.95828e-06
2.42519e-05
1.57354e-05
-1.02794e-05
-1.98128e-05
-5.58973e-06
-9.25061e-06
-5.20064e-06
4.56936e-06
2.42117e-05
-5.1606e-06
-4.87432e-05
-1.44903e-05
-5.52138e-05
-2.78002e-06
-6.09137e-05
1.02694e-05
2.52064e-05
-6.19084e-05
-8.02965e-05
-4.25868e-06
-8.78009e-05
4.72431e-06
-9.04378e-05
1.29062e-05
2.11072e-05
-8.63386e-05
-9.0435e-05
1.73676e-06
-9.46228e-05
8.91206e-06
-9.72685e-05
1.55519e-05
2.25889e-05
-9.87502e-05
-0.000112234
8.58823e-06
-0.000118091
1.47692e-05
-0.000125168
2.26287e-05
3.20319e-05
-0.000134611
-0.00012641
1.80386e-05
-0.00013439
2.27499e-05
-0.000141534
2.97725e-05
3.96167e-05
-0.000149119
-0.000114932
2.72158e-05
-0.0001233
3.1118e-05
-0.000129786
3.62587e-05
4.36393e-05
-0.000133809
-9.1097e-05
3.37794e-05
-9.72799e-05
3.7301e-05
-0.00010209
4.10691e-05
4.57548e-05
-0.000104206
-6.66342e-05
3.68219e-05
-6.95222e-05
4.0189e-05
-7.18454e-05
4.33923e-05
4.66228e-05
-7.27134e-05
-4.71684e-05
3.72753e-05
-4.73478e-05
4.03684e-05
-4.72397e-05
4.32841e-05
4.59684e-05
-4.65853e-05
-3.25825e-05
3.6383e-05
-3.12801e-05
3.9066e-05
-2.96497e-05
4.16537e-05
4.40267e-05
-2.7708e-05
-2.1272e-05
3.48654e-05
-1.93054e-05
3.70995e-05
-1.69619e-05
3.93102e-05
4.13743e-05
-1.43094e-05
-1.22101e-05
3.30457e-05
-9.95862e-06
3.4848e-05
-7.31675e-06
3.66683e-05
3.84081e-05
-4.35048e-06
-4.87781e-06
3.10777e-05
-2.52424e-06
3.24945e-05
2.10749e-07
3.39333e-05
3.53394e-05
3.27943e-06
1.00878e-06
2.90424e-05
3.37401e-06
3.01293e-05
6.07296e-06
3.12344e-05
3.23109e-05
9.10149e-06
5.61176e-06
2.70062e-05
7.91574e-06
2.78253e-05
1.05147e-05
2.86355e-05
2.94149e-05
1.34108e-05
9.07793e-06
2.50186e-05
1.12906e-05
2.56126e-05
1.37397e-05
2.61864e-05
2.67028e-05
1.64518e-05
1.1525e-05
2.31181e-05
1.36099e-05
2.35277e-05
1.58952e-05
2.39013e-05
2.41954e-05
1.84025e-05
1.31027e-05
2.13413e-05
1.5035e-05
2.15955e-05
1.71353e-05
2.1801e-05
2.19053e-05
1.94253e-05
1.39889e-05
1.97194e-05
1.5741e-05
1.98433e-05
1.7636e-05
1.9906e-05
1.98522e-05
1.96892e-05
1.44354e-05
1.82733e-05
1.59903e-05
1.82884e-05
1.7665e-05
1.82314e-05
1.80482e-05
1.94689e-05
1.47243e-05
1.69962e-05
1.60871e-05
1.69256e-05
1.75425e-05
1.67761e-05
1.64952e-05
1.90955e-05
1.50521e-05
1.58544e-05
1.6257e-05
1.57207e-05
1.75258e-05
1.55072e-05
1.51606e-05
1.88604e-05
1.53434e-05
1.48005e-05
1.64445e-05
1.46196e-05
1.75878e-05
1.43639e-05
1.39813e-05
1.8767e-05
1.52141e-05
1.37939e-05
1.62568e-05
1.35769e-05
1.73319e-05
1.32888e-05
1.28842e-05
1.84289e-05
1.42408e-05
1.28418e-05
1.52276e-05
1.259e-05
1.62483e-05
1.22679e-05
1.18429e-05
1.72895e-05
1.23124e-05
1.19863e-05
1.32041e-05
1.16982e-05
1.41328e-05
1.13392e-05
1.08885e-05
1.50871e-05
9.7842e-06
1.12669e-05
1.05405e-05
1.09419e-05
1.13299e-05
1.05497e-05
1.00787e-05
1.21397e-05
7.21875e-06
1.06988e-05
7.82145e-06
1.03392e-05
8.45104e-06
9.92012e-06
9.43804e-06
9.0916e-06
5.00682e-06
1.02637e-05
5.46652e-06
9.87943e-06
5.94118e-06
9.44543e-06
8.9607e-06
6.41846e-06
3.20538e-06
9.95025e-06
3.5366e-06
9.54818e-06
3.87223e-06
9.10977e-06
8.63056e-06
4.20232e-06
1.74161e-06
9.74681e-06
1.95372e-06
9.33603e-06
2.16874e-06
8.89469e-06
8.42712e-06
2.37215e-06
5.60685e-07
9.63533e-06
6.7703e-07
9.21964e-06
7.88232e-07
8.78344e-06
8.32013e-06
8.95205e-07
-5.38155e-08
-2.11956e-08
1.49275e-08
5.53606e-08
0.000103136
-4.69467e-05
0.000101777
-9.10722e-05
9.98146e-05
-0.000123426
0.00011435
-0.000160662
9.66877e-05
-0.000128791
1.84333e-05
0.0001772
-7.0889e-05
0.000517914
-0.000239872
0.000870478
-0.000332907
0.000670408
-0.000436046
0.000458964
-0.000539914
0.000308086
-0.000565522
7.57128e-05
-0.000515433
-0.000136673
-0.00041094
-0.000291207
-0.000263724
-0.000406573
-9.43703e-05
-0.000481965
2.39238e-05
-0.00047328
-1.98382e-05
-0.000344091
-0.00030938
7.99082e-05
-5.15249e-05
7.24092e-05
-8.35732e-05
7.08608e-05
-0.000121878
6.77962e-05
-0.000157598
-2.25156e-05
-3.84796e-05
-0.000152036
0.00030672
-0.000288785
0.000654664
-0.000362595
0.000944287
-0.00040056
0.000708374
-0.000473009
0.000531413
-0.000515486
0.000350563
-0.000480472
4.0698e-05
-0.000416676
-0.000200468
-0.000317908
-0.000389975
-0.000199961
-0.00052452
-7.99194e-05
-0.000602006
3.11519e-05
-0.000584351
5.95192e-06
-0.000318891
-0.000303428
4.21411e-05
-4.39924e-05
3.23977e-05
-7.38299e-05
2.22746e-05
-0.000111754
-5.22917e-05
-8.30314e-05
-0.000221723
0.000130952
-0.00035427
0.000439267
-0.000463463
0.000763857
-0.000447753
0.000928577
-0.000419983
0.000680604
-0.00040759
0.00051902
-0.000363571
0.000306545
-0.000304703
-1.81713e-05
-0.000219516
-0.000285654
-0.000133289
-0.000476203
-6.35036e-05
-0.000594306
-1.08322e-05
-0.000654677
3.72385e-05
-0.000632422
1.50556e-05
-0.000296709
-0.000288372
-1.09451e-05
-3.37912e-05
-1.57697e-05
-6.90053e-05
-4.39235e-05
-8.36006e-05
-0.000178541
5.15865e-05
-0.000321879
0.000274289
-0.000445649
0.000563037
-0.000457131
0.000775339
-0.000376932
0.000848378
-0.000320965
0.000624637
-0.000252215
0.00045027
-0.000154588
0.000208918
-5.93814e-05
-0.000113378
3.0802e-05
-0.000375837
8.8236e-05
-0.000533637
0.000101091
-0.000607161
8.58701e-05
-0.000639457
5.07683e-05
-0.00059732
2.14035e-05
-0.000267344
-0.000266969
-8.26017e-05
-5.62383e-05
-8.34387e-05
-6.81683e-05
-0.000118065
-4.89746e-05
-0.000169015
0.000102537
-0.000157119
0.000262393
-0.000214099
0.000620017
-0.000205745
0.000766986
-0.000135153
0.000777785
-8.64943e-05
0.000575978
-1.22227e-05
0.000375998
9.33699e-05
0.000103325
0.000201712
-0.000221721
0.000284374
-0.000458499
0.000304239
-0.000553502
0.000254475
-0.000557397
0.000174968
-0.00055995
6.31449e-05
-0.000485496
2.76391e-05
-0.000231838
-0.000239329
-0.000124552
-4.9994e-05
-0.000132354
-6.03668e-05
-0.000171885
-9.44374e-06
-9.15942e-05
2.22461e-05
2.91037e-05
0.000141695
2.14365e-05
0.000627684
0.00011126
0.000677162
0.00019328
0.000695766
0.000217767
0.000551491
0.00026578
0.000327985
0.000357714
1.13916e-05
0.000465765
-0.000329772
0.00051571
-0.000508444
0.000479409
-0.000517201
0.000366857
-0.000444844
0.000226252
-0.000419345
7.56202e-05
-0.000334865
3.48432e-05
-0.000191061
-0.000204486
-8.77592e-05
1.31102e-05
-0.000113006
-3.51199e-05
-8.57299e-05
-3.672e-05
-7.42762e-05
1.07924e-05
-1.0708e-05
7.81271e-05
0.000291317
0.000325659
0.000497033
0.000471447
0.000619042
0.000573756
0.000629647
0.000540887
0.000620993
0.000336639
0.000657316
-2.49309e-05
0.000710041
-0.000382498
0.000677456
-0.000475859
0.000568146
-0.000407891
0.000413208
-0.000289907
0.000229956
-0.000236093
8.94399e-05
-0.000194349
4.4966e-05
-0.000146587
-0.00015952
-6.28503e-05
9.16959e-05
-0.000115197
1.72267e-05
-9.4488e-05
-5.74289e-05
-7.91124e-05
-4.58314e-06
-5.43202e-05
5.33349e-05
0.00012089
0.000150449
0.000383162
0.000209174
0.000658043
0.000298875
0.000792483
0.000406447
0.00080008
0.000329041
0.000792713
-1.75632e-05
0.000740568
-0.000330354
0.000628942
-0.000364233
0.00049734
-0.000276289
0.000350415
-0.000142982
0.000207889
-9.35665e-05
0.000113679
-0.000100139
5.9381e-05
-9.22888e-05
-0.000100139
-2.22057e-05
0.000108741
-6.86405e-05
6.36615e-05
-0.000122453
-3.61647e-06
-9.12632e-05
-3.57729e-05
-6.3977e-05
2.60487e-05
7.40757e-06
7.90643e-05
0.000126198
9.03833e-05
0.000305896
0.000119177
0.000506898
0.000205445
0.000613849
0.000222091
0.000597077
-7.90892e-07
0.000475222
-0.000208498
0.000329897
-0.000218909
0.000219386
-0.000165777
0.000186014
-0.00010961
0.000163
-7.05527e-05
0.000120152
-5.72906e-05
6.97047e-05
-4.1842e-05
-3.04345e-05
-3.93652e-05
8.61978e-05
-5.23411e-05
7.66374e-05
-8.9132e-05
3.31745e-05
-0.000115845
-9.0601e-06
-6.82455e-05
-2.15505e-05
-3.43145e-05
4.51333e-05
-8.89776e-06
6.49666e-05
5.00402e-05
6.02391e-05
0.000182296
7.31893e-05
0.000304569
9.98183e-05
0.000308317
-4.53885e-06
0.000206864
-0.000107046
0.000123354
-0.000135399
0.000100219
-0.000142643
0.000112563
-0.000121954
0.000125704
-8.36937e-05
0.000113144
-4.47303e-05
6.23999e-05
8.90226e-06
3.19654e-05
-6.25644e-05
6.24236e-05
-5.07419e-05
6.4815e-05
-7.76878e-05
6.01203e-05
-0.000122305
3.55576e-05
-0.000128639
-1.52167e-05
-7.97705e-05
-3.73555e-06
-3.07083e-05
1.59044e-05
-1.7072e-05
4.66027e-05
6.18007e-06
4.99373e-05
6.5011e-05
4.09873e-05
6.22888e-05
-1.81664e-06
2.10698e-05
-6.58268e-05
-2.35633e-06
-0.000111972
5.03364e-06
-0.000150032
3.21018e-05
-0.000149022
5.57083e-05
-0.0001073
5.00715e-05
-3.90935e-05
1.86197e-05
4.0354e-05
5.05851e-05
-0.000113244
7.69177e-05
-0.000152918
0.000104489
-0.00020797
0.000115173
-0.000248636
7.62235e-05
-0.00026395
9.71049e-08
-0.000209267
-5.84182e-05
-0.000147924
-4.54385e-05
-0.000114253
1.29319e-05
-0.000107157
4.28406e-05
-0.000110123
4.39532e-05
-0.000113636
1.69659e-06
-0.000118994
-6.04685e-05
-9.82431e-05
-0.000132724
-7.11512e-05
-0.000177124
-4.98252e-05
-0.000170348
-3.70158e-05
-0.00012011
-3.35581e-05
-4.25511e-05
-1.73019e-05
2.40978e-05
3.32832e-05
-0.000170273
0.00011258
-0.000226859
0.000161074
-0.000283952
0.000172266
-0.000309256
0.000101528
-0.000299678
-9.48128e-06
-0.00026825
-8.98459e-05
-0.000225767
-8.79214e-05
-0.00019619
-1.66456e-05
-0.00018605
3.27008e-05
-0.000191481
4.93844e-05
-0.000209958
2.01732e-05
-0.00019214
-7.82859e-05
-0.000137696
-0.000187168
-9.55855e-05
-0.000219235
-6.49276e-05
-0.000201006
-4.84223e-05
-0.000136615
-3.95033e-05
-5.14701e-05
-2.21572e-05
6.75175e-06
1.1126e-05
-0.000173402
0.000136864
-0.000206883
0.000194554
-0.000241034
0.000206417
-0.000264201
0.000124695
-0.000280432
6.74974e-06
-0.000287466
-8.28113e-05
-0.000280524
-9.48633e-05
-0.000247531
-4.96388e-05
-0.000268201
5.33703e-05
-0.000347086
0.00012827
-0.000344981
1.80684e-05
-0.000228087
-0.00019518
-0.000131076
-0.000284178
-0.000107451
-0.000242861
-8.44698e-05
-0.000223987
-5.49711e-05
-0.000166114
-3.47873e-05
-7.1654e-05
-1.95744e-05
-8.46115e-06
-8.4484e-06
-0.000137462
0.000140516
-0.000138718
0.000195811
-0.000150536
0.000218235
-0.000192541
0.0001667
-0.000275664
8.98732e-05
-0.000400054
4.15787e-05
-0.00049885
3.93227e-06
-0.000546423
-2.06532e-06
-0.000509533
1.64802e-05
-0.000454018
7.27553e-05
-0.00029413
-0.00014182
-0.00018143
-0.00030788
-0.00015806
-0.000307548
-0.000129166
-0.000271755
-0.000112466
-0.000240687
-7.4105e-05
-0.000204475
-3.63863e-05
-0.000109373
-1.36152e-05
-3.12322e-05
-2.20636e-05
-9.64908e-05
0.000132802
-7.47819e-05
0.000174102
-5.94178e-05
0.000202871
-7.9651e-05
0.000186933
-0.000131508
0.000141731
-0.000195187
0.000105257
-0.00027426
8.30056e-05
-0.000341015
6.46896e-05
-0.000373336
4.88018e-05
-0.00031026
9.67872e-06
-0.000202801
-0.000249279
-0.000167328
-0.000343353
-0.000155669
-0.000319207
-0.000144334
-0.00028309
-0.000130052
-0.000254969
-9.95682e-05
-0.000234959
-4.93049e-05
-0.000159636
-1.2474e-05
-6.80631e-05
-3.45376e-05
-6.43999e-05
0.000124488
-3.88422e-05
0.000148544
-6.55765e-06
0.000170587
3.87375e-06
0.000176502
-1.5669e-05
0.000161274
-5.24923e-05
0.00014208
-9.32462e-05
0.00012376
-0.000135505
0.000106948
-0.000172351
8.56486e-05
-0.000166688
4.01525e-06
-0.000187332
-0.000228635
-0.000183453
-0.000347231
-0.00016371
-0.00033895
-0.000148031
-0.000298769
-0.000136778
-0.000266222
-0.00012075
-0.000250987
-7.01751e-05
-0.00021021
-1.41006e-05
-0.000124138
-4.86382e-05
-3.99511e-05
0.000117854
-2.20181e-05
0.000130611
7.48601e-06
0.000141083
3.59537e-05
0.000148034
4.72665e-05
0.000149961
3.94445e-05
0.000149902
1.9015e-05
0.000144189
-8.04372e-06
0.000134007
-3.87599e-05
0.000116365
-8.41326e-05
4.93879e-05
-0.000175048
-0.00013772
-0.000211926
-0.000310353
-0.000195261
-0.000355616
-0.000163879
-0.00033015
-0.000147612
-0.000282489
-0.0001394
-0.000259199
-9.85781e-05
-0.000251033
-2.49068e-05
-0.000197809
-7.3545e-05
-2.1057e-05
0.000111203
-9.58028e-06
0.000119135
8.97211e-06
0.00012253
3.35053e-05
0.000123501
5.80729e-05
0.000125394
7.57698e-05
0.000132206
7.93869e-05
0.000140572
7.04788e-05
0.000142915
5.20389e-05
0.000134805
-4.00473e-07
0.000101827
-0.000110969
-2.71515e-05
-0.000201795
-0.000219527
-0.000229997
-0.000327414
-0.000220197
-0.000339951
-0.00019514
-0.000307546
-0.000176658
-0.00027768
-0.000128388
-0.000299303
-4.38757e-05
-0.000282321
-0.000117421
-6.91197e-06
0.000103806
2.39658e-06
0.000109826
1.42535e-05
0.000110674
2.98958e-05
0.000107859
5.01195e-05
0.00010517
7.46557e-05
0.00010767
9.74708e-05
0.000117757
0.000109928
0.000130458
0.000107722
0.00013701
7.83329e-05
0.000131217
-1.83347e-05
6.95159e-05
-0.000144008
-9.3853e-05
-0.000227379
-0.000244044
-0.000253373
-0.000313957
-0.000230587
-0.000330331
-0.000172152
-0.000336116
-0.000109454
-0.000362001
-4.75634e-05
-0.000344212
-0.000164984
3.58894e-06
9.58662e-05
1.26463e-05
0.000100769
2.26166e-05
0.000100703
3.41025e-05
9.63733e-05
4.84967e-05
9.07758e-05
6.78909e-05
8.82755e-05
9.26732e-05
9.2975e-05
0.000117192
0.000105939
0.000132306
0.000121896
0.000126779
0.000136743
6.93195e-05
0.000126976
-4.29334e-05
1.83999e-05
-0.000143019
-0.000143958
-0.000189315
-0.000267661
-0.00018067
-0.000338976
-0.000139474
-0.000377312
-9.03318e-05
-0.000411143
-3.91002e-05
-0.000395443
-0.000204084
1.14606e-05
8.76852e-05
2.05804e-05
9.16489e-05
3.02732e-05
9.10105e-05
4.0885e-05
8.57615e-05
5.33763e-05
7.82846e-05
6.90158e-05
7.26361e-05
8.90082e-05
7.29827e-05
0.000112745
8.22025e-05
0.000136191
9.84501e-05
0.000151061
0.000121873
0.000134242
0.000143796
6.00186e-05
9.26228e-05
-3.41868e-05
-4.97528e-05
-9.53818e-05
-0.000206466
-0.000109427
-0.000324931
-9.09433e-05
-0.000395795
-6.80079e-05
-0.000434078
-3.26718e-05
-0.000430779
-0.000236756
1.72224e-05
7.95643e-05
2.6353e-05
8.25183e-05
3.60077e-05
8.13558e-05
4.64449e-05
7.53244e-05
5.86061e-05
6.61235e-05
7.3417e-05
5.78252e-05
9.10251e-05
5.53747e-05
0.000111228
6.19995e-05
0.00013361
7.60687e-05
0.000157357
9.81259e-05
0.000167612
0.00013354
0.000135418
0.000124817
6.49046e-05
2.07607e-05
-1.808e-06
-0.000139753
-3.61322e-05
-0.000290607
-4.19085e-05
-0.000390019
-4.1882e-05
-0.000434105
-2.95538e-05
-0.000443107
-0.00026631
2.12469e-05
7.17282e-05
3.01908e-05
7.35744e-05
3.97491e-05
7.17976e-05
4.99915e-05
6.5082e-05
6.1764e-05
5.43511e-05
7.60229e-05
4.35664e-05
9.29147e-05
3.8483e-05
0.000111753
4.31613e-05
0.000131495
5.63268e-05
0.000154673
7.49481e-05
0.00017769
0.000110523
0.00017464
0.000127867
0.000132261
6.314e-05
7.19125e-05
-7.94049e-05
2.29174e-05
-0.000241612
-2.57207e-06
-0.00036453
-1.90751e-05
-0.000417602
-8.20182e-06
-0.000453981
-0.000274512
2.38257e-05
6.43543e-05
3.2367e-05
6.50332e-05
4.16506e-05
6.25139e-05
5.16138e-05
5.51188e-05
6.28983e-05
4.30666e-05
7.62441e-05
3.02206e-05
9.20284e-05
2.26989e-05
0.000110061
2.51288e-05
0.000128731
3.76571e-05
0.000148504
5.51748e-05
0.000172613
8.64135e-05
0.000184151
0.000116329
0.00016368
8.36113e-05
0.000116575
-3.23007e-05
6.64962e-05
-0.000191533
3.07551e-05
-0.000328788
1.51847e-06
-0.000388365
-2.20093e-06
-0.000450261
-0.000276713
2.52189e-05
5.75379e-05
3.31824e-05
5.70696e-05
4.19666e-05
5.37297e-05
5.15202e-05
4.55652e-05
6.22926e-05
3.22942e-05
7.48498e-05
1.76635e-05
8.93604e-05
8.18843e-06
0.000105971
8.51823e-06
0.00012365
1.9978e-05
0.000140505
3.83198e-05
0.000160504
6.6415e-05
0.000176387
0.000100445
0.000169932
9.00666e-05
0.000137344
2.87208e-07
9.4035e-05
-0.000148224
5.65862e-05
-0.00029134
2.62903e-05
-0.000358069
1.14616e-05
-0.000435433
-0.000265251
2.5614e-05
5.13492e-05
3.28341e-05
4.98494e-05
4.08403e-05
4.57235e-05
4.9641e-05
3.67645e-05
5.99473e-05
2.1988e-05
7.23275e-05
5.28334e-06
8.61797e-05
-5.66373e-06
0.000101154
-6.45567e-06
0.000116918
4.21349e-06
0.000131029
2.4209e-05
0.000145483
5.1961e-05
0.00015898
8.69476e-05
0.000158611
9.0436e-05
0.000137932
2.09665e-05
0.000101718
-0.000112011
6.40658e-05
-0.000253687
3.63828e-05
-0.000330386
1.27537e-05
-0.000411804
-0.000252497
2.51802e-05
4.58582e-05
3.1499e-05
4.35305e-05
3.83797e-05
3.88427e-05
4.60468e-05
2.90974e-05
5.58029e-05
1.2232e-05
6.87954e-05
-7.7091e-06
8.25999e-05
-1.94682e-05
9.5475e-05
-1.93308e-05
0.000108349
-8.66051e-06
0.000119229
1.33293e-05
0.000128194
4.29952e-05
0.000136553
7.85889e-05
0.000137427
8.95623e-05
0.000123486
3.49071e-05
9.45648e-05
-8.30895e-05
6.22771e-05
-0.000221399
4.11083e-05
-0.000309218
1.38101e-05
-0.000384505
-0.000238687
2.42231e-05
4.11041e-05
2.95339e-05
3.82197e-05
3.51093e-05
3.32671e-05
4.12827e-05
2.29239e-05
5.02756e-05
3.23907e-06
6.34906e-05
-2.09241e-05
7.66356e-05
-3.26131e-05
8.66169e-05
-2.9312e-05
9.54542e-05
-1.74978e-05
0.000102641
6.14209e-06
0.00010682
3.88168e-05
0.000110075
7.53333e-05
0.000109872
8.97658e-05
0.000101181
4.35974e-05
7.96804e-05
-6.15888e-05
5.94476e-05
-0.000201167
4.76498e-05
-0.00029742
1.85482e-05
-0.000355404
-0.000220139
2.3118e-05
3.70814e-05
2.75245e-05
3.38132e-05
3.19556e-05
2.88359e-05
3.66444e-05
1.8235e-05
4.35086e-05
-3.62508e-06
5.3664e-05
-3.10796e-05
6.37366e-05
-4.26856e-05
7.00618e-05
-3.56373e-05
7.48891e-05
-2.23251e-05
7.87289e-05
2.30214e-06
7.93832e-05
3.81625e-05
7.95035e-05
7.52129e-05
7.9269e-05
9.00002e-05
7.68367e-05
4.60295e-05
6.3976e-05
-4.87281e-05
5.08258e-05
-0.000188016
4.04739e-05
-0.000287068
2.14708e-05
-0.0003364
-0.000198669
2.22505e-05
3.36913e-05
2.59057e-05
3.01578e-05
2.94035e-05
2.53381e-05
3.19415e-05
1.5697e-05
3.37222e-05
-5.40582e-06
3.65118e-05
-3.38691e-05
4.19436e-05
-4.81174e-05
4.52945e-05
-3.89882e-05
4.67019e-05
-2.37326e-05
4.81979e-05
8.06067e-07
4.71951e-05
3.91653e-05
4.70598e-05
7.53481e-05
5.01331e-05
8.69268e-05
5.57173e-05
4.04453e-05
4.9634e-05
-4.26448e-05
4.18164e-05
-0.000180199
3.16805e-05
-0.000276932
1.76898e-05
-0.000322409
-0.000180979
2.16766e-05
3.07817e-05
2.47174e-05
2.71169e-05
2.75646e-05
2.24909e-05
2.84051e-05
1.48565e-05
2.49656e-05
-1.96631e-06
1.95726e-05
-2.84761e-05
1.86057e-05
-4.71505e-05
1.9408e-05
-3.97905e-05
1.74934e-05
-2.1818e-05
1.67088e-05
1.59061e-06
1.67772e-05
3.90967e-05
1.9801e-05
7.23242e-05
3.08476e-05
7.58802e-05
4.41766e-05
2.71162e-05
4.19169e-05
-4.0385e-05
4.26614e-05
-0.000180943
3.10172e-05
-0.000265288
1.04901e-05
-0.000301882
-0.000170489
2.10579e-05
2.81526e-05
2.36762e-05
2.44985e-05
2.61071e-05
2.00599e-05
2.66857e-05
1.42779e-05
2.15053e-05
3.21409e-06
9.86501e-06
-1.68357e-05
7.97445e-08
-3.73653e-05
-2.5319e-06
-3.71789e-05
-5.822e-06
-1.8528e-05
-7.86691e-06
3.63542e-06
-3.98781e-06
3.52175e-05
5.18015e-06
6.31562e-05
2.5129e-05
5.59313e-05
4.45862e-05
7.65905e-06
4.97171e-05
-4.5516e-05
5.55279e-05
-0.000186754
3.82443e-05
-0.000248004
1.38831e-05
-0.000277521
-0.000156605
1.97609e-05
2.56811e-05
2.21407e-05
2.21186e-05
2.42488e-05
1.79518e-05
2.53077e-05
1.32191e-05
2.20237e-05
6.49806e-06
1.00837e-05
-4.89581e-06
-5.99622e-06
-2.12854e-05
-1.50969e-05
-2.80783e-05
-1.87176e-05
-1.49074e-05
-2.06671e-05
5.58479e-06
-1.362e-05
2.81702e-05
4.15247e-06
4.53837e-05
3.28052e-05
2.72786e-05
5.71902e-05
-1.67259e-05
6.99589e-05
-5.82847e-05
6.46531e-05
-0.000181448
4.27273e-05
-0.000226079
1.25211e-05
-0.000247315
-0.000144084
1.73581e-05
2.34101e-05
1.95388e-05
1.99379e-05
2.13879e-05
1.61027e-05
2.28828e-05
1.17241e-05
2.25044e-05
6.87642e-06
1.60379e-05
1.57067e-06
2.17541e-06
-7.42302e-06
-1.12953e-05
-1.46076e-05
-1.67135e-05
-9.48934e-06
-1.72308e-05
6.10203e-06
-7.65971e-06
1.8599e-05
1.647e-05
2.12539e-05
4.76561e-05
-3.90753e-06
7.16828e-05
-4.07526e-05
8.36975e-05
-7.02994e-05
6.68902e-05
-0.000164641
4.71043e-05
-0.000206293
1.56189e-05
-0.000215829
-0.000128466
1.40675e-05
2.14822e-05
1.59334e-05
1.8072e-05
1.75185e-05
1.45175e-05
1.90148e-05
1.02278e-05
2.00406e-05
5.85065e-06
1.88477e-05
2.76344e-06
1.43293e-05
-2.90465e-06
7.55182e-06
-7.83024e-06
3.4394e-06
-5.37703e-06
6.03872e-06
3.50264e-06
1.81168e-05
6.52086e-06
4.19675e-05
-2.59692e-06
6.64676e-05
-2.84077e-05
8.02818e-05
-5.45668e-05
8.65633e-05
-7.65808e-05
6.81052e-05
-0.000146183
5.29852e-05
-0.000191173
1.92456e-05
-0.00018209
-0.00010922
1.06042e-05
1.99696e-05
1.20304e-05
1.66457e-05
1.32698e-05
1.3278e-05
1.4408e-05
9.08963e-06
1.53071e-05
4.95163e-06
1.62082e-05
1.8622e-06
1.73008e-05
-3.99735e-06
1.86667e-05
-9.19612e-06
2.12296e-05
-7.94007e-06
2.85513e-05
-3.81913e-06
4.08802e-05
-5.80805e-06
5.69526e-05
-1.86693e-05
6.97891e-05
-4.12442e-05
7.61443e-05
-6.09221e-05
7.99095e-05
-8.03461e-05
6.97262e-05
-0.000135999
5.12299e-05
-0.000172676
1.96079e-05
-0.000150467
-8.96121e-05
7.51029e-06
1.88778e-05
8.49615e-06
1.56598e-05
9.37987e-06
1.23943e-05
1.00619e-05
8.40759e-06
1.05553e-05
4.45823e-06
1.14667e-05
9.50704e-07
1.30277e-05
-5.55838e-06
1.52999e-05
-1.14684e-05
1.91468e-05
-1.17871e-05
2.60591e-05
-1.07314e-05
3.61487e-05
-1.58977e-05
4.78288e-05
-3.03493e-05
5.76685e-05
-5.1084e-05
6.41583e-05
-6.74118e-05
6.88005e-05
-8.49883e-05
6.34279e-05
-0.000130627
4.18505e-05
-0.000151099
1.50406e-05
-0.000123658
-7.45716e-05
4.93536e-06
1.81447e-05
5.538e-06
1.50571e-05
6.11214e-06
1.18202e-05
6.44242e-06
8.07726e-06
6.84367e-06
4.05689e-06
7.37257e-06
4.2173e-07
7.77057e-06
-5.95646e-06
8.55499e-06
-1.22529e-05
1.08274e-05
-1.40595e-05
1.68729e-05
-1.6777e-05
2.66373e-05
-2.56621e-05
3.66783e-05
-4.03903e-05
4.31195e-05
-5.75252e-05
4.82914e-05
-7.25837e-05
5.19371e-05
-8.8634e-05
4.79932e-05
-0.000126683
2.92332e-05
-0.000132339
1.22991e-05
-0.000106723
-6.22724e-05
2.78593e-06
1.77309e-05
3.0952e-06
1.47479e-05
3.41584e-06
1.14996e-05
3.56549e-06
7.92758e-06
3.88173e-06
3.74055e-06
4.45332e-06
-1.4997e-07
4.69458e-06
-6.19778e-06
5.25734e-06
-1.28157e-05
7.98785e-06
-1.679e-05
1.38156e-05
-2.26047e-05
2.05549e-05
-3.24014e-05
2.54527e-05
-4.52881e-05
2.76765e-05
-5.9749e-05
3.00854e-05
-7.49925e-05
3.05578e-05
-8.91065e-05
2.35044e-05
-0.000119629
9.85204e-06
-0.000118686
1.11235e-05
-0.000107995
-5.11489e-05
1.07827e-06
1.75478e-05
1.20747e-06
1.46187e-05
1.39324e-06
1.13138e-05
1.56928e-06
7.75145e-06
1.88715e-06
3.42262e-06
2.74666e-06
-1.00957e-06
3.51756e-06
-6.96874e-06
4.54483e-06
-1.3843e-05
7.00731e-06
-1.92525e-05
1.02035e-05
-2.58009e-05
1.28893e-05
-3.50873e-05
1.46288e-05
-4.70275e-05
1.51829e-05
-6.03031e-05
1.50742e-05
-7.48837e-05
1.29635e-05
-8.69957e-05
4.02501e-06
-0.000110691
-7.6935e-06
-0.000106968
8.44377e-06
-0.000124132
-4.27051e-05
1.14851e-07
1.9155e-07
3.41407e-07
5.67668e-07
8.99127e-07
1.48485e-06
2.0299e-06
2.52739e-06
3.23211e-06
3.96818e-06
4.61719e-06
5.05564e-06
5.16288e-06
4.68519e-06
3.66061e-06
-8.18343e-07
-1.02179e-05
3.57211e-06
)
;

boundaryField
{
    leftWall
    {
        type            calculated;
        value           uniform 0;
    }
    rightWall
    {
        type            calculated;
        value           uniform 0;
    }
    lowerWall
    {
        type            calculated;
        value           uniform 0;
    }
    atmosphere
    {
        type            calculated;
        value           nonuniform List<scalar> 
46
(
3.22922e-05
3.1219e-05
3.14338e-05
3.10393e-05
3.1071e-05
3.08973e-05
3.08266e-05
3.07227e-05
3.06143e-05
3.04858e-05
3.03291e-05
3.01324e-05
2.98841e-05
2.95713e-05
2.91812e-05
2.87008e-05
2.81142e-05
2.74086e-05
2.65663e-05
2.55761e-05
2.44198e-05
2.30822e-05
2.15678e-05
9.60315e-06
9.18699e-06
8.74729e-06
8.27971e-06
1.74884e-05
1.45419e-05
1.11639e-05
7.52513e-06
3.0911e-06
-1.59534e-06
-7.51383e-06
-1.43405e-05
-1.99572e-05
-2.65369e-05
-3.57363e-05
-4.7466e-05
-6.04103e-05
-7.4406e-05
-8.59711e-05
-0.000106212
-9.75684e-05
-0.000137922
-3.9133e-05
)
;
    }
    defaultFaces
    {
        type            empty;
    }
}


// ************************************************************************* //
