/*--------------------------------*- C++ -*----------------------------------*\
  =========                 |
  \\      /  F ield         | OpenFOAM: The Open Source CFD Toolbox
   \\    /   O peration     | Website:  https://openfoam.org
    \\  /    A nd           | Version:  13
     \\/     M anipulation  |
\*---------------------------------------------------------------------------*/
FoamFile
{
    format      ascii;
    class       volVectorField;
    location    "0.6";
    object      U;
}
// * * * * * * * * * * * * * * * * * * * * * * * * * * * * * * * * * * * * * //

dimensions      [0 1 -1 0 0 0 0];

internalField   nonuniform List<vector> 
2268
(
(-0.021081 0.00842166 0)
(-0.0556793 0.00780096 0)
(-0.0742754 0.00169785 0)
(-0.066554 -0.00279714 0)
(-0.0478291 -0.00647734 0)
(-0.01261 -0.00982132 0)
(0.0333022 -0.0111505 0)
(0.0788127 -0.00971544 0)
(0.114747 -0.00652273 0)
(0.136053 -0.00310487 0)
(0.143656 3.10243e-05 0)
(0.13909 0.00277852 0)
(0.125709 0.0050706 0)
(0.105873 0.00710627 0)
(0.0800246 0.00952122 0)
(0.046093 0.0129029 0)
(-0.000146678 0.0164294 0)
(-0.0606819 0.0119537 0)
(-0.101068 0.00174172 0)
(-0.13212 0.0134555 0)
(-0.239954 0.0179862 0)
(-0.246827 -0.0163549 0)
(-0.0914376 -0.0530283 0)
(-0.0317655 0.0270008 0)
(-0.05739 0.0188801 0)
(-0.0663558 0.00199402 0)
(-0.0596353 -0.00870792 0)
(-0.044375 -0.0189192 0)
(-0.0120178 -0.0290646 0)
(0.0335029 -0.0336756 0)
(0.0798564 -0.0296144 0)
(0.116261 -0.020051 0)
(0.137558 -0.00983139 0)
(0.144936 -0.00132013 0)
(0.144379 0.00507905 0)
(0.139234 0.00982831 0)
(0.131263 0.0137277 0)
(0.121258 0.0181371 0)
(0.108618 0.0247636 0)
(0.0880393 0.0345943 0)
(0.0475059 0.040932 0)
(-0.0204065 0.0359805 0)
(-0.100396 0.0428013 0)
(-0.204409 0.0340658 0)
(-0.169005 -0.0432056 0)
(-0.0509609 -0.131732 0)
(-0.0275697 0.0449258 0)
(-0.0402071 0.026598 0)
(-0.0503433 0.0018032 0)
(-0.0479534 -0.0121539 0)
(-0.0404445 -0.0281964 0)
(-0.013071 -0.0467156 0)
(0.0303694 -0.0561904 0)
(0.0765031 -0.0497827 0)
(0.112977 -0.0333737 0)
(0.133564 -0.0160492 0)
(0.139912 -0.002508 0)
(0.136974 0.00668786 0)
(0.129245 0.0127435 0)
(0.119701 0.017013 0)
(0.11052 0.0212724 0)
(0.104371 0.0281334 0)
(0.102505 0.040362 0)
(0.103279 0.0563922 0)
(0.0764418 0.0671976 0)
(0.0354522 0.0797313 0)
(-0.0587271 0.0536853 0)
(-0.0687453 -0.0651641 0)
(0.00758111 -0.170227 0)
(-0.0177955 0.0567601 0)
(-0.0174502 0.0323627 0)
(-0.0246051 0.00364576 0)
(-0.0261395 -0.0124473 0)
(-0.0213038 -0.0352686 0)
(0.00379007 -0.0633543 0)
(0.0405036 -0.0781887 0)
(0.0784071 -0.069573 0)
(0.109064 -0.0462442 0)
(0.126696 -0.0217704 0)
(0.131788 -0.0030183 0)
(0.128388 0.00947256 0)
(0.120603 0.0172238 0)
(0.111248 0.0218878 0)
(0.102292 0.0254105 0)
(0.0957849 0.0302782 0)
(0.0936582 0.0387537 0)
(0.104761 0.05454 0)
(0.117146 0.0737459 0)
(0.131273 0.0983935 0)
(0.0990292 0.0802829 0)
(0.0773114 -0.0470649 0)
(0.0645722 -0.156281 0)
(-0.00486536 0.0605815 0)
(0.0138679 0.0312032 0)
(0.0157853 0.0048642 0)
(0.0196947 -0.0143816 0)
(0.0351541 -0.0436358 0)
(0.0615967 -0.0774004 0)
(0.0837575 -0.0941957 0)
(0.100016 -0.0832467 0)
(0.11271 -0.055123 0)
(0.119968 -0.0255579 0)
(0.121258 -0.00286689 0)
(0.117559 0.0122099 0)
(0.11078 0.0212419 0)
(0.103126 0.0260339 0)
(0.0965293 0.0288374 0)
(0.0922076 0.0322735 0)
(0.0906454 0.0373287 0)
(0.0975625 0.0469656 0)
(0.117253 0.0617412 0)
(0.158129 0.0867146 0)
(0.182671 0.0839725 0)
(0.163077 -0.0230618 0)
(0.107875 -0.109317 0)
(0.00944269 0.0521521 0)
(0.0530119 0.024883 0)
(0.0752201 -0.00129204 0)
(0.0993736 -0.0220131 0)
(0.135167 -0.0528906 0)
(0.159937 -0.0845369 0)
(0.15841 -0.097484 0)
(0.143629 -0.0837941 0)
(0.130032 -0.0545465 0)
(0.119593 -0.024733 0)
(0.111846 -0.00120459 0)
(0.105844 0.014646 0)
(0.0999177 0.0238486 0)
(0.0943226 0.0281541 0)
(0.0905911 0.0301066 0)
(0.0893723 0.0326774 0)
(0.0906446 0.0362212 0)
(0.0970206 0.0414697 0)
(0.111791 0.0479218 0)
(0.145745 0.0625492 0)
(0.194402 0.0689053 0)
(0.185016 0.00519304 0)
(0.129142 -0.0377815 0)
(0.0242022 0.0296341 0)
(0.0923608 0.00584903 0)
(0.153593 -0.0126828 0)
(0.218047 -0.0334148 0)
(0.262722 -0.0607558 0)
(0.265321 -0.0816248 0)
(0.230932 -0.0859507 0)
(0.188368 -0.0697665 0)
(0.154444 -0.0422282 0)
(0.128928 -0.016994 0)
(0.110105 0.00343954 0)
(0.0975785 0.0187035 0)
(0.0896555 0.028371 0)
(0.085222 0.0320726 0)
(0.0845106 0.0319809 0)
(0.0866692 0.0324842 0)
(0.0906576 0.0335714 0)
(0.0988467 0.0353175 0)
(0.112958 0.0375119 0)
(0.133297 0.0425548 0)
(0.176337 0.0519353 0)
(0.183137 0.0212977 0)
(0.156119 0.0105539 0)
(0.0389884 -0.00848382 0)
(0.140092 -0.0386462 0)
(0.269553 -0.0673811 0)
(0.343189 -0.074405 0)
(0.349287 -0.0729755 0)
(0.308076 -0.0695936 0)
(0.248142 -0.0644294 0)
(0.198861 -0.048864 0)
(0.164473 -0.0234364 0)
(0.138993 5.50152e-05 0)
(0.119287 0.0143735 0)
(0.102266 0.0236206 0)
(0.0883901 0.0279426 0)
(0.0794666 0.0277915 0)
(0.077959 0.0269286 0)
(0.0819211 0.029426 0)
(0.0881888 0.0318841 0)
(0.0988673 0.0319776 0)
(0.116069 0.0320845 0)
(0.134449 0.0320454 0)
(0.158786 0.0423553 0)
(0.175988 0.0450873 0)
(0.141398 0.1302 0)
(-0.288452 0.0874035 0)
(-0.642523 -0.0202168 0)
(-0.310038 -0.153646 0)
(0.0772215 -0.204283 0)
(0.504397 -0.156841 0)
(1.1505 -0.0516405 0)
(0.614952 0.154606 0)
(-0.748079 0.262902 0)
(-1.61114 0.152735 0)
(-1.81111 0.0664476 0)
(-1.78774 0.0453163 0)
(-1.74519 0.0465393 0)
(-1.70374 0.0489298 0)
(-1.67011 0.043758 0)
(-1.62556 0.0297525 0)
(-1.49228 0.00709506 0)
(-1.13617 -0.053692 0)
(-0.543761 -0.131922 0)
(0.0523346 -0.0209999 0)
(-0.194702 0.241973 0)
(-0.395429 0.0902759 0)
(-0.0444825 -0.224595 0)
(0.163993 -0.274357 0)
(0.332326 -0.259063 0)
(1.04758 0.0595868 0)
(-0.0534528 0.617937 0)
(-1.99098 0.596307 0)
(-2.59647 0.189116 0)
(-2.5737 -0.0442439 0)
(-2.511 -0.0903014 0)
(-2.39142 -0.0887545 0)
(-2.28561 -0.0911534 0)
(-2.17824 -0.107661 0)
(-2.04602 -0.133079 0)
(-1.82265 -0.172755 0)
(-1.40258 -0.295837 0)
(-0.72915 -0.447887 0)
(-0.112465 -0.140849 0)
(-0.109534 0.287458 0)
(-0.0877167 0.0341636 0)
(0.13135 -0.312354 0)
(0.377581 -0.378846 0)
(0.472226 -0.406307 0)
(1.05481 0.135525 0)
(-0.285332 1.24123 0)
(-2.31566 1.0916 0)
(-2.54462 0.367694 0)
(-2.12367 0.0690956 0)
(-3.54097 0.0237381 0)
(-3.71569 -0.0255705 0)
(-3.67806 -0.0575888 0)
(-3.44817 -0.115482 0)
(-3.12229 -0.204971 0)
(-2.56895 -0.341244 0)
(-1.7292 -0.664647 0)
(-0.833484 -0.849604 0)
(-0.215579 -0.331757 0)
(-0.11941 0.307281 0)
(0.0981485 -0.0165379 0)
(0.30067 -0.394769 0)
(0.535564 -0.485031 0)
(0.596009 -0.486522 0)
(1.14102 0.187191 0)
(0.216463 1.67429 0)
(0.0765115 2.0605 0)
(-1.56691 0.640766 0)
(-1.88107 0.449257 0)
(-2.79398 0.312645 0)
(-3.0319 0.0313866 0)
(-3.11227 -0.136508 0)
(-3.08436 -0.247549 0)
(-3.10871 -0.374028 0)
(-2.8044 -0.578629 0)
(-1.83118 -0.989267 0)
(-0.830384 -1.29265 0)
(-0.242537 -0.570339 0)
(-0.114005 0.302636 0)
(0.228501 -0.13046 0)
(0.455375 -0.484422 0)
(0.631329 -0.568013 0)
(0.658434 -0.570481 0)
(1.13091 0.184985 0)
(0.638404 1.70529 0)
(0.941559 2.54944 0)
(-0.70462 1.15334 0)
(-2.00168 0.680817 0)
(-2.55816 0.409476 0)
(-2.59464 0.118188 0)
(-2.48346 -0.110008 0)
(-2.33846 -0.280979 0)
(-2.33084 -0.420132 0)
(-2.20592 -0.636704 0)
(-1.55959 -1.10622 0)
(-0.741234 -1.66414 0)
(-0.202647 -0.819159 0)
(-0.0654364 0.243811 0)
(0.368932 -0.23044 0)
(0.568908 -0.554653 0)
(0.674274 -0.626114 0)
(0.673588 -0.633353 0)
(1.04687 0.166855 0)
(0.550752 1.7222 0)
(0.906769 2.81053 0)
(-0.834948 1.70488 0)
(-1.96903 1.02518 0)
(-2.41919 0.52956 0)
(-2.57203 0.0964615 0)
(-2.42526 -0.218789 0)
(-2.10169 -0.409733 0)
(-1.81224 -0.547211 0)
(-1.47623 -0.767423 0)
(-0.886181 -1.35841 0)
(-0.615709 -1.89823 0)
(-0.14017 -1.04532 0)
(0.0663969 0.188476 0)
(0.512695 -0.335633 0)
(0.62819 -0.600231 0)
(0.670905 -0.662494 0)
(0.664217 -0.67499 0)
(0.943767 0.244691 0)
(0.124711 1.86397 0)
(0.421283 2.94697 0)
(-1.28962 2.23436 0)
(-1.89831 1.38583 0)
(-2.34674 0.735351 0)
(-2.61402 0.157125 0)
(-2.53192 -0.347749 0)
(-2.22137 -0.647886 0)
(-1.73084 -0.764557 0)
(-1.03796 -0.906065 0)
(-0.388498 -1.50245 0)
(-0.472556 -1.9775 0)
(-0.0826519 -1.23407 0)
(0.326792 -0.0915805 0)
(0.609532 -0.443867 0)
(0.625831 -0.61153 0)
(0.637867 -0.692293 0)
(0.64749 -0.714916 0)
(0.826459 0.380659 0)
(-0.112209 2.004 0)
(0.12398 3.18913 0)
(-1.64546 2.62311 0)
(-1.84809 1.55139 0)
(-2.4746 0.767665 0)
(-2.8036 0.119 0)
(-2.75444 -0.404932 0)
(-2.45344 -0.810686 0)
(-1.89034 -1.11789 0)
(-1.04751 -1.29584 0)
(0.0599405 -1.41901 0)
(-0.321886 -1.93101 0)
(-0.0373916 -1.37269 0)
(0.0580189 -0.0779278 0)
(0.19105 -0.144072 0)
(0.248834 -0.141058 0)
(0.21664 -0.0959803 0)
(0.179557 -0.0532894 0)
(0.147032 -0.0360988 0)
(0.119043 -0.038209 0)
(0.103286 -0.0349212 0)
(0.100525 -0.0202327 0)
(0.104841 -0.000192028 0)
(0.107808 0.0204232 0)
(0.106463 0.0413282 0)
(0.0983331 0.0520701 0)
(0.0907068 0.0495577 0)
(0.0894123 0.0357733 0)
(0.0906265 0.0277051 0)
(0.0912435 0.0196845 0)
(0.097921 0.012175 0)
(0.114689 0.0104213 0)
(0.14107 0.0111096 0)
(0.168864 0.0167674 0)
(0.22723 0.00898024 0)
(0.291631 0.0935096 0)
(0.00553065 -0.270687 0)
(0.096197 -0.126246 0)
(-0.719307 0.0280072 0)
(-0.543332 0.0172175 0)
(-0.302811 -0.0121011 0)
(-0.226877 -0.0118369 0)
(-0.22466 -0.0226961 0)
(-0.227032 -0.0225357 0)
(-0.1815 -0.0178773 0)
(-0.108076 -0.00858438 0)
(-0.0490259 0.00470276 0)
(-0.00599712 0.0221106 0)
(0.0513417 0.0282127 0)
(0.0923876 0.0215182 0)
(0.112784 0.017766 0)
(0.11277 0.0312066 0)
(0.100846 0.0346371 0)
(0.100201 0.0143561 0)
(0.117146 -0.00271578 0)
(0.13809 -0.0129593 0)
(0.162272 -0.022007 0)
(0.184999 -0.0369964 0)
(0.235233 -0.0472251 0)
(-0.0746709 -0.184607 0)
(-0.094334 0.418588 0)
(-0.347771 0.276502 0)
(-0.328906 -0.248536 0)
(-0.477363 -0.375423 0)
(-0.666432 -0.0993824 0)
(-0.786271 -0.0242729 0)
(-0.898175 -0.0547073 0)
(-0.972247 -0.109559 0)
(-1.0094 -0.123658 0)
(-0.937602 -0.100624 0)
(-0.672448 -0.0564722 0)
(-0.394556 -0.0452127 0)
(-0.190243 0.000379947 0)
(-0.108796 0.0148515 0)
(-0.0111912 0.0423742 0)
(0.0375635 0.034133 0)
(0.0990936 -0.00365712 0)
(0.150547 -0.0242608 0)
(0.168268 -0.0298026 0)
(0.185939 -0.0413571 0)
(0.21913 -0.0597197 0)
(0.255196 -0.0658971 0)
(-0.160283 -0.0140248 0)
(-0.12274 0.278262 0)
(-0.0471682 0.37327 0)
(-0.0160337 0.127765 0)
(-0.163294 0.134184 0)
(-0.322566 0.184212 0)
(-0.335083 0.169644 0)
(-0.34625 0.130241 0)
(-0.378473 0.0452553 0)
(-0.47397 -0.109013 0)
(-0.615758 -0.247809 0)
(-0.763757 -0.353045 0)
(-0.874805 -0.455001 0)
(-0.921683 -0.24296 0)
(-0.801011 -0.175845 0)
(-0.606551 -0.124399 0)
(-0.445811 -0.0900242 0)
(-0.289587 -0.100164 0)
(-0.120756 -0.0599654 0)
(-0.0260648 -0.0464726 0)
(0.0312156 -0.0672195 0)
(0.0832923 -0.0907607 0)
(0.123778 -0.0995781 0)
(-0.105374 0.0768896 0)
(-0.0623103 0.134413 0)
(0.0171061 0.217731 0)
(0.0683634 0.00690041 0)
(0.00502434 -0.0260809 0)
(0.000886217 0.121623 0)
(0.00971175 0.100373 0)
(0.0328638 0.0521494 0)
(0.0550422 0.0499973 0)
(0.0649557 0.0853067 0)
(0.0440129 0.161028 0)
(-0.0733054 0.154857 0)
(-0.251481 -0.0672611 0)
(-0.414272 -0.174863 0)
(-0.439637 -0.212964 0)
(-0.464638 -0.314662 0)
(-0.533409 -0.238559 0)
(-0.599334 -0.278976 0)
(-0.677935 -0.261295 0)
(-0.709568 -0.170509 0)
(-0.721621 -0.16757 0)
(-0.708919 -0.197824 0)
(-0.539384 -0.15834 0)
(-0.0444891 0.160601 0)
(-0.012789 0.132249 0)
(0.0318056 0.171621 0)
(0.0803004 0.0978269 0)
(-0.00277013 0.123312 0)
(0.0062072 0.124975 0)
(0.0285885 0.0944225 0)
(0.0107928 0.0546792 0)
(-0.0175977 0.0033916 0)
(-0.0324063 -0.0600406 0)
(0.00787644 -0.0700688 0)
(0.0697267 -0.0414014 0)
(0.115374 -0.0216642 0)
(0.0103593 0.0303109 0)
(-0.108047 -0.0723312 0)
(-0.134532 -0.127547 0)
(-0.169696 -0.0728796 0)
(-0.175809 -0.0359578 0)
(-0.211907 -0.0411267 0)
(-0.235637 -0.0515265 0)
(-0.275386 -0.0896927 0)
(-0.321838 -0.193599 0)
(-0.418946 -0.352289 0)
(-0.0242584 0.160281 0)
(-0.00521367 0.0819012 0)
(0.0195952 0.13833 0)
(0.0362386 0.100952 0)
(0.00209554 0.0993579 0)
(0.00820766 0.115784 0)
(0.0139948 0.107106 0)
(0.00920781 0.0897871 0)
(-0.000280955 0.0665398 0)
(-0.024149 0.0441659 0)
(-0.0566261 0.0206159 0)
(-0.0608007 -0.00699777 0)
(-0.0640287 -0.0145318 0)
(-0.0316391 0.0249938 0)
(-0.0611865 -0.0814647 0)
(-0.106078 -0.166087 0)
(-0.152558 -0.154735 0)
(-0.152484 -0.145024 0)
(-0.141881 -0.12023 0)
(-0.127613 -0.080852 0)
(-0.118208 -0.0518079 0)
(-0.125921 -0.082923 0)
(-0.111495 -0.051072 0)
(-0.0163533 0.174141 0)
(-0.00815948 0.0806724 0)
(0.00431976 0.124006 0)
(0.0135682 0.109937 0)
(0.00176706 0.108893 0)
(0.00659861 0.108823 0)
(0.00601654 0.103392 0)
(0.000873082 0.0878085 0)
(-0.0132077 0.0587327 0)
(-0.0333619 0.0178587 0)
(-0.049835 -0.0137866 0)
(-0.0652599 -0.0256696 0)
(-0.0886299 -0.0188059 0)
(-0.0707003 0.0249304 0)
(-0.0612429 -0.0157059 0)
(-0.0931052 -0.0782725 0)
(-0.136307 -0.0856293 0)
(-0.159471 -0.0924349 0)
(-0.180065 -0.0997149 0)
(-0.183682 -0.0969111 0)
(-0.154254 -0.112706 0)
(-0.133058 -0.18893 0)
(-0.084271 -0.233383 0)
(-0.0140995 0.187125 0)
(-0.00997581 0.0701867 0)
(-0.00113789 0.111488 0)
(0.00542077 0.112432 0)
(-0.000202776 0.112626 0)
(0.0028803 0.108667 0)
(0.00353896 0.105184 0)
(0.00327816 0.0979218 0)
(-0.00204381 0.0843924 0)
(-0.0157053 0.0648903 0)
(-0.0392157 0.0405451 0)
(-0.0649587 0.0110937 0)
(-0.0861153 -0.0105374 0)
(-0.0837717 -0.0106487 0)
(-0.0686664 -0.0422124 0)
(-0.0924551 -0.0661663 0)
(-0.125155 -0.0665149 0)
(-0.147963 -0.0687213 0)
(-0.168243 -0.0802514 0)
(-0.167131 -0.100158 0)
(-0.137635 -0.13007 0)
(-0.120072 -0.177994 0)
(-0.102007 -0.237662 0)
(-0.0111479 0.196866 0)
(-0.00845147 0.068092 0)
(-0.00447782 0.104598 0)
(-5.94644e-05 0.112125 0)
(-0.00263791 0.111955 0)
(-0.00132911 0.107654 0)
(-0.000690113 0.104375 0)
(0.000144559 0.0989158 0)
(-0.0018848 0.087836 0)
(-0.00889531 0.0690725 0)
(-0.0207525 0.0465686 0)
(-0.0365263 0.0262836 0)
(-0.0572871 0.0109771 0)
(-0.0705766 0.00226296 0)
(-0.0820337 -0.0159755 0)
(-0.108343 -0.0338736 0)
(-0.136725 -0.0420469 0)
(-0.159093 -0.0545129 0)
(-0.178319 -0.078358 0)
(-0.187339 -0.112663 0)
(-0.188303 -0.151556 0)
(-0.188161 -0.193488 0)
(-0.213593 -0.234793 0)
(-0.00786872 0.205281 0)
(-0.0071915 0.0669755 0)
(-0.00620315 0.100752 0)
(-0.00390433 0.112424 0)
(-0.00544114 0.1118 0)
(-0.00566864 0.107428 0)
(-0.00611543 0.103493 0)
(-0.00614236 0.0983408 0)
(-0.00709698 0.0900387 0)
(-0.0110722 0.0772684 0)
(-0.0198144 0.060964 0)
(-0.0336096 0.0432799 0)
(-0.0516685 0.027436 0)
(-0.0696088 0.0164908 0)
(-0.0895174 0.00310743 0)
(-0.115754 -0.00690655 0)
(-0.142613 -0.0141666 0)
(-0.167179 -0.0274221 0)
(-0.192455 -0.0530214 0)
(-0.219379 -0.0903821 0)
(-0.245495 -0.135315 0)
(-0.273067 -0.173002 0)
(-0.333359 -0.172154 0)
(-0.00515465 0.211654 0)
(-0.00619114 0.0674033 0)
(-0.00695788 0.0990864 0)
(-0.00650504 0.113269 0)
(-0.00819317 0.112628 0)
(-0.00961847 0.108606 0)
(-0.0113949 0.104482 0)
(-0.0131853 0.0995516 0)
(-0.0155793 0.0927911 0)
(-0.0200544 0.0832557 0)
(-0.0283568 0.0712314 0)
(-0.0413027 0.0584423 0)
(-0.0583657 0.0470247 0)
(-0.0777118 0.03787 0)
(-0.0997723 0.028201 0)
(-0.125354 0.0192008 0)
(-0.151368 0.0107555 0)
(-0.178422 -0.00133082 0)
(-0.210022 -0.021767 0)
(-0.249051 -0.0543199 0)
(-0.295399 -0.0953412 0)
(-0.352203 -0.121912 0)
(-0.423031 -0.0934391 0)
(-0.00319197 0.216436 0)
(-0.00539429 0.069123 0)
(-0.00735531 0.0994093 0)
(-0.00841257 0.114716 0)
(-0.0105972 0.114379 0)
(-0.0129943 0.110894 0)
(-0.0159673 0.107148 0)
(-0.0194708 0.102719 0)
(-0.023813 0.0971464 0)
(-0.0298614 0.0900825 0)
(-0.0387997 0.0817657 0)
(-0.0514075 0.0731724 0)
(-0.0674989 0.0653127 0)
(-0.0861982 0.0584389 0)
(-0.107551 0.051652 0)
(-0.131944 0.0451561 0)
(-0.159017 0.0389767 0)
(-0.189387 0.0313094 0)
(-0.22582 0.0190336 0)
(-0.272811 -0.00223982 0)
(-0.336735 -0.0312215 0)
(-0.423535 -0.0498335 0)
(-0.523028 -0.0256335 0)
(-0.00192399 0.220165 0)
(-0.00485263 0.0716477 0)
(-0.00765592 0.101124 0)
(-0.00985364 0.116959 0)
(-0.0125872 0.116943 0)
(-0.015725 0.114049 0)
(-0.0195378 0.110999 0)
(-0.0241689 0.107501 0)
(-0.0298663 0.10327 0)
(-0.037128 0.0983136 0)
(-0.0466126 0.0928739 0)
(-0.0588312 0.0874306 0)
(-0.0738043 0.0824472 0)
(-0.0913004 0.0780923 0)
(-0.111573 0.0742496 0)
(-0.135171 0.0711165 0)
(-0.162599 0.068589 0)
(-0.194656 0.066276 0)
(-0.233155 0.0635607 0)
(-0.282696 0.0588277 0)
(-0.352357 0.0526379 0)
(-0.45105 0.0581395 0)
(-0.569759 0.0977591 0)
(-0.0012155 0.223198 0)
(-0.00455259 0.0746981 0)
(-0.00793412 0.103828 0)
(-0.0109134 0.119858 0)
(-0.0141498 0.120145 0)
(-0.0178254 0.117841 0)
(-0.0221487 0.11559 0)
(-0.0273378 0.113139 0)
(-0.0336574 0.110281 0)
(-0.0414119 0.107112 0)
(-0.0509549 0.103866 0)
(-0.0625943 0.100834 0)
(-0.0764953 0.0983196 0)
(-0.0927728 0.0965632 0)
(-0.111756 0.0958144 0)
(-0.133914 0.096372 0)
(-0.159913 0.0983195 0)
(-0.190718 0.101709 0)
(-0.227618 0.10744 0)
(-0.272836 0.117414 0)
(-0.331987 0.133309 0)
(-0.413118 0.158923 0)
(-0.514121 0.205175 0)
(-0.000892803 0.225907 0)
(-0.00439638 0.0781175 0)
(-0.00821878 0.107217 0)
(-0.0116849 0.123232 0)
(-0.0152585 0.123795 0)
(-0.019275 0.122056 0)
(-0.0239023 0.120577 0)
(-0.029323 0.1191 0)
(-0.0357755 0.117491 0)
(-0.043493 0.115851 0)
(-0.0527063 0.114386 0)
(-0.0636391 0.113346 0)
(-0.0764876 0.113006 0)
(-0.0914577 0.113653 0)
(-0.108839 0.115652 0)
(-0.128934 0.119453 0)
(-0.152161 0.125456 0)
(-0.179279 0.134037 0)
(-0.211336 0.146188 0)
(-0.249174 0.164487 0)
(-0.293805 0.193255 0)
(-0.348354 0.237348 0)
(-0.415793 0.299488 0)
(-0.00078464 0.228498 0)
(-0.00431891 0.0817781 0)
(-0.00845732 0.110998 0)
(-0.012173 0.126917 0)
(-0.0159364 0.127717 0)
(-0.020124 0.126504 0)
(-0.0248804 0.125713 0)
(-0.0303331 0.125102 0)
(-0.0366643 0.124563 0)
(-0.044074 0.124218 0)
(-0.0527389 0.124255 0)
(-0.0628314 0.124909 0)
(-0.0745322 0.126445 0)
(-0.0880174 0.129177 0)
(-0.103499 0.133505 0)
(-0.121173 0.139938 0)
(-0.141291 0.149018 0)
(-0.164205 0.161337 0)
(-0.190411 0.177938 0)
(-0.220314 0.200825 0)
(-0.253282 0.233769 0)
(-0.2875 0.282416 0)
(-0.322561 0.350249 0)
(-0.000754386 0.231042 0)
(-0.00424569 0.085597 0)
(-0.00860773 0.115001 0)
(-0.0123891 0.130748 0)
(-0.0162152 0.131746 0)
(-0.0204215 0.131018 0)
(-0.0251473 0.130843 0)
(-0.0304775 0.130985 0)
(-0.0365418 0.131348 0)
(-0.0434836 0.132073 0)
(-0.0514499 0.133348 0)
(-0.0605741 0.135388 0)
(-0.0709767 0.138453 0)
(-0.0827709 0.142871 0)
(-0.0960845 0.149047 0)
(-0.110986 0.157487 0)
(-0.127566 0.16876 0)
(-0.145887 0.183514 0)
(-0.165962 0.202706 0)
(-0.187687 0.227864 0)
(-0.210196 0.261572 0)
(-0.230681 0.307964 0)
(-0.245561 0.370701 0)
(-0.000722754 0.23354 0)
(-0.00412763 0.0895061 0)
(-0.00864149 0.119082 0)
(-0.0123543 0.134581 0)
(-0.0161324 0.13575 0)
(-0.0202277 0.135455 0)
(-0.0247805 0.13582 0)
(-0.0298486 0.136591 0)
(-0.0355194 0.137709 0)
(-0.0418817 0.139295 0)
(-0.0490438 0.14154 0)
(-0.0570915 0.144654 0)
(-0.0660848 0.148887 0)
(-0.076079 0.154549 0)
(-0.0871231 0.162019 0)
(-0.0991705 0.171774 0)
(-0.112164 0.184341 0)
(-0.125969 0.200319 0)
(-0.140318 0.220473 0)
(-0.154742 0.24592 0)
(-0.168248 0.278294 0)
(-0.178428 0.32017 0)
(-0.181551 0.374274 0)
(-0.000648783 0.235949 0)
(-0.0039474 0.0934611 0)
(-0.00854698 0.12313 0)
(-0.0120835 0.138311 0)
(-0.015725 0.139622 0)
(-0.0196111 0.139707 0)
(-0.0238908 0.140524 0)
(-0.0285789 0.141804 0)
(-0.033744 0.14351 0)
(-0.0394429 0.145761 0)
(-0.0457233 0.148734 0)
(-0.0526341 0.152632 0)
(-0.0601871 0.157687 0)
(-0.0683815 0.16417 0)
(-0.0771925 0.172424 0)
(-0.0864951 0.182873 0)
(-0.0961189 0.195968 0)
(-0.105807 0.212199 0)
(-0.115142 0.23213 0)
(-0.123498 0.256517 0)
(-0.129861 0.286316 0)
(-0.132302 0.322951 0)
(-0.127872 0.36816 0)
(-0.000510644 0.238208 0)
(-0.00369772 0.0974194 0)
(-0.00831728 0.12707 0)
(-0.0115998 0.141865 0)
(-0.0150319 0.143278 0)
(-0.0186409 0.143685 0)
(-0.0225743 0.144861 0)
(-0.0268161 0.14654 0)
(-0.0314034 0.148679 0)
(-0.0363703 0.151413 0)
(-0.0417335 0.154892 0)
(-0.047497 0.159306 0)
(-0.0536373 0.164865 0)
(-0.0601038 0.171801 0)
(-0.0668091 0.180401 0)
(-0.0735833 0.191024 0)
(-0.0801809 0.204034 0)
(-0.0862667 0.219799 0)
(-0.0913647 0.238696 0)
(-0.0948156 0.261204 0)
(-0.0956809 0.287857 0)
(-0.0924648 0.319325 0)
(-0.0829752 0.356539 0)
(-0.00030792 0.240247 0)
(-0.00338436 0.101329 0)
(-0.00794481 0.130831 0)
(-0.0109241 0.145182 0)
(-0.0140988 0.146657 0)
(-0.0173808 0.147318 0)
(-0.0209211 0.148764 0)
(-0.0246745 0.150728 0)
(-0.0286521 0.153174 0)
(-0.0328673 0.156221 0)
(-0.0373141 0.160011 0)
(-0.0419607 0.164709 0)
(-0.0467551 0.170497 0)
(-0.0516124 0.17757 0)
(-0.0564001 0.186156 0)
(-0.0609173 0.196535 0)
(-0.064884 0.208993 0)
(-0.0679313 0.223782 0)
(-0.0695813 0.241121 0)
(-0.0691924 0.261275 0)
(-0.0659247 0.284519 0)
(-0.0586296 0.311096 0)
(-0.0457146 0.3414 0)
(-5.72657e-05 0.242 0)
(-0.00300626 0.105139 0)
(-0.00742347 0.134363 0)
(-0.01007 0.148221 0)
(-0.0129652 0.149724 0)
(-0.0158936 0.150576 0)
(-0.0190128 0.152208 0)
(-0.0222553 0.154354 0)
(-0.0256189 0.156983 0)
(-0.0290956 0.160195 0)
(-0.0326603 0.164123 0)
(-0.0362573 0.168909 0)
(-0.0398095 0.174698 0)
(-0.0432101 0.181651 0)
(-0.0463016 0.189937 0)
(-0.0488672 0.199761 0)
(-0.050621 0.211334 0)
(-0.0511877 0.224813 0)
(-0.0501126 0.24029 0)
(-0.0468152 0.25787 0)
(-0.0405573 0.277653 0)
(-0.030434 0.299657 0)
(-0.0152726 0.323957 0)
(0.000212094 0.243419 0)
(-0.00256248 0.108786 0)
(-0.00675809 0.137617 0)
(-0.00905388 0.150962 0)
(-0.0116556 0.152457 0)
(-0.0142149 0.153441 0)
(-0.0169057 0.155184 0)
(-0.0196419 0.157423 0)
(-0.022413 0.160125 0)
(-0.0251906 0.163375 0)
(-0.0279299 0.167295 0)
(-0.0305689 0.172003 0)
(-0.0330111 0.17761 0)
(-0.0351326 0.184242 0)
(-0.0367675 0.192018 0)
(-0.0376943 0.201068 0)
(-0.0376404 0.21154 0)
(-0.0362468 0.223517 0)
(-0.0330931 0.23699 0)
(-0.0276809 0.251941 0)
(-0.0193707 0.268356 0)
(-0.00744314 0.286143 0)
(0.00901421 0.305189 0)
(0.000472108 0.244461 0)
(-0.00204936 0.112198 0)
(-0.00597006 0.140547 0)
(-0.00789457 0.153393 0)
(-0.0101998 0.154846 0)
(-0.0123844 0.155905 0)
(-0.0146503 0.157689 0)
(-0.0168962 0.159942 0)
(-0.0191098 0.162628 0)
(-0.0212438 0.16582 0)
(-0.0232391 0.169616 0)
(-0.0250313 0.174112 0)
(-0.0265094 0.179398 0)
(-0.0275398 0.18556 0)
(-0.0279667 0.192677 0)
(-0.027567 0.200816 0)
(-0.026086 0.210062 0)
(-0.0232074 0.220447 0)
(-0.018547 0.231895 0)
(-0.0116855 0.244272 0)
(-0.00209035 0.257472 0)
(0.0107988 0.27143 0)
(0.0278006 0.285952 0)
(0.000720827 0.24509 0)
(-0.00145257 0.115334 0)
(-0.00510453 0.14312 0)
(-0.00662254 0.155507 0)
(-0.00863518 0.156885 0)
(-0.0104399 0.157971 0)
(-0.0122906 0.159745 0)
(-0.0140685 0.161948 0)
(-0.0157624 0.164546 0)
(-0.0173135 0.167602 0)
(-0.0186548 0.171186 0)
(-0.019714 0.175374 0)
(-0.0203772 0.180239 0)
(-0.0205095 0.185829 0)
(-0.0199684 0.192185 0)
(-0.0185424 0.19934 0)
(-0.0159928 0.207318 0)
(-0.0120446 0.216099 0)
(-0.00637778 0.225587 0)
(0.00133305 0.235518 0)
(0.0115979 0.245755 0)
(0.0248559 0.256262 0)
(0.0417336 0.266905 0)
(0.00100675 0.245254 0)
(-0.000747877 0.11819 0)
(-0.00423399 0.145306 0)
(-0.00527656 0.157298 0)
(-0.00700936 0.158567 0)
(-0.00842409 0.159644 0)
(-0.00987218 0.161367 0)
(-0.0112055 0.163476 0)
(-0.0124112 0.165934 0)
(-0.0134326 0.168794 0)
(-0.0141989 0.172107 0)
(-0.014627 0.175931 0)
(-0.0146137 0.180303 0)
(-0.0140307 0.185257 0)
(-0.0127339 0.190805 0)
(-0.0105378 0.196956 0)
(-0.0072418 0.203685 0)
(-0.00259218 0.210887 0)
(0.00364356 0.218514 0)
(0.0117409 0.226258 0)
(0.0221715 0.233889 0)
(0.0352531 0.241305 0)
(0.0514639 0.248549 0)
(0.00144415 0.244849 0)
(9.72338e-05 0.120842 0)
(-0.00344316 0.147103 0)
(-0.00389602 0.158766 0)
(-0.00538519 0.159882 0)
(-0.00639568 0.160928 0)
(-0.00745129 0.162564 0)
(-0.00835917 0.164547 0)
(-0.0091072 0.16683 0)
(-0.00963723 0.169456 0)
(-0.00987893 0.172458 0)
(-0.00976322 0.175876 0)
(-0.00918398 0.179726 0)
(-0.00801472 0.184022 0)
(-0.00613072 0.188764 0)
(-0.00336924 0.193921 0)
(0.000387543 0.199429 0)
(0.00542857 0.205217 0)
(0.0119827 0.211142 0)
(0.0201506 0.216959 0)
(0.0302839 0.222297 0)
(0.0427066 0.227044 0)
(0.057829 0.23137 0)
(0.00210935 0.243587 0)
(0.00105654 0.123633 0)
(-0.00273455 0.148572 0)
(-0.00252187 0.1599 0)
(-0.00384291 0.160822 0)
(-0.00443192 0.161829 0)
(-0.00512123 0.163351 0)
(-0.00562061 0.165181 0)
(-0.00593347 0.167262 0)
(-0.00600468 0.169623 0)
(-0.00576808 0.172287 0)
(-0.00515472 0.175276 0)
(-0.00407541 0.178612 0)
(-0.00240895 0.182251 0)
(-5.27368e-05 0.186215 0)
(0.00311128 0.190428 0)
(0.00723516 0.194822 0)
(0.0125126 0.199338 0)
(0.0191105 0.20378 0)
(0.0271186 0.207894 0)
(0.0367586 0.211302 0)
(0.0482905 0.213833 0)
(0.0620303 0.215721 0)
(0.00294117 0.241334 0)
(0.00202667 0.12654 0)
(-0.00206201 0.149851 0)
(-0.00122482 0.160708 0)
(-0.00246849 0.161409 0)
(-0.00263201 0.162375 0)
(-0.00300266 0.163762 0)
(-0.00312985 0.165407 0)
(-0.00305277 0.167258 0)
(-0.00270609 0.169328 0)
(-0.00203187 0.171641 0)
(-0.000956252 0.174198 0)
(0.000565985 0.177005 0)
(0.00266636 0.180035 0)
(0.00544307 0.183251 0)
(0.00896666 0.186593 0)
(0.0133605 0.190003 0)
(0.0187931 0.193354 0)
(0.0254017 0.196508 0)
(0.0332196 0.199196 0)
(0.0423629 0.201055 0)
(0.0529858 0.201822 0)
(0.0653802 0.20173 0)
(0.00380424 0.238132 0)
(0.00296813 0.129486 0)
(-0.0014259 0.151061 0)
(-0.000114587 0.161251 0)
(-0.00136054 0.161686 0)
(-0.00112176 0.162635 0)
(-0.00127102 0.163848 0)
(-0.00109702 0.16528 0)
(-0.000699991 0.16687 0)
(-6.81377e-06 0.168629 0)
(0.00103354 0.170574 0)
(0.00247541 0.172695 0)
(0.00439384 0.174968 0)
(0.00686938 0.177411 0)
(0.00997421 0.179915 0)
(0.0138163 0.182458 0)
(0.0184706 0.184953 0)
(0.024061 0.1873 0)
(0.0306905 0.189315 0)
(0.0383879 0.190801 0)
(0.0472175 0.191412 0)
(0.0571899 0.190842 0)
(0.0685942 0.189225 0)
(0.00469062 0.233992 0)
(0.00392066 0.132653 0)
(-0.000884575 0.152288 0)
(0.000715821 0.161537 0)
(-0.000627523 0.161736 0)
(-3.29854e-05 0.162697 0)
(-0.0001132 0.163682 0)
(0.000261429 0.164885 0)
(0.000859293 0.166192 0)
(0.00177459 0.16762 0)
(0.00305023 0.169177 0)
(0.00472845 0.17085 0)
(0.00689734 0.172613 0)
(0.00961453 0.174446 0)
(0.0129415 0.17628 0)
(0.0169957 0.178063 0)
(0.0218274 0.179708 0)
(0.0275182 0.181114 0)
(0.0341721 0.182114 0)
(0.0418383 0.182539 0)
(0.050534 0.182105 0)
(0.0601495 0.180477 0)
(0.0710248 0.17772 0)
(0.00565184 0.228888 0)
(0.00484845 0.136126 0)
(-0.000515003 0.153632 0)
(0.00121435 0.161627 0)
(-0.000262127 0.161749 0)
(0.000537527 0.16262 0)
(0.000339239 0.163401 0)
(0.000807445 0.164354 0)
(0.0014453 0.165366 0)
(0.0024138 0.166451 0)
(0.00374246 0.167611 0)
(0.00546729 0.168834 0)
(0.00768 0.170097 0)
(0.0104323 0.17134 0)
(0.0137737 0.172514 0)
(0.017827 0.173563 0)
(0.0226341 0.174374 0)
(0.0282637 0.174874 0)
(0.0348084 0.17493 0)
(0.0423277 0.174351 0)
(0.050851 0.172928 0)
(0.0602151 0.170351 0)
(0.0708159 0.166672 0)
(0.00664483 0.222831 0)
(0.00564706 0.139971 0)
(-0.000277953 0.155201 0)
(0.00147384 0.161759 0)
(-0.000268805 0.161867 0)
(0.00056162 0.162533 0)
(0.000161506 0.163159 0)
(0.000558007 0.163847 0)
(0.00108448 0.164561 0)
(0.00192709 0.165311 0)
(0.00311795 0.166088 0)
(0.0046968 0.166874 0)
(0.00672661 0.167646 0)
(0.00925514 0.168321 0)
(0.0123642 0.168857 0)
(0.016131 0.169194 0)
(0.0206108 0.169208 0)
(0.0258973 0.168845 0)
(0.032033 0.16796 0)
(0.0390948 0.166407 0)
(0.0471336 0.163996 0)
(0.0559935 0.160484 0)
(0.0661187 0.155926 0)
(0.00753289 0.215994 0)
(0.00619251 0.144207 0)
(-0.000112743 0.15711 0)
(0.00154873 0.162163 0)
(-0.000576007 0.162223 0)
(0.000193095 0.162705 0)
(-0.000455836 0.163133 0)
(-0.000258533 0.163579 0)
(4.89263e-05 0.164013 0)
(0.00064372 0.164451 0)
(0.00155004 0.164876 0)
(0.00281325 0.165257 0)
(0.00447947 0.165554 0)
(0.0065987 0.165705 0)
(0.0092554 0.165644 0)
(0.0124958 0.165298 0)
(0.0163854 0.164586 0)
(0.0210039 0.163418 0)
(0.0263935 0.161645 0)
(0.0326308 0.159167 0)
(0.0397596 0.155801 0)
(0.0476557 0.151362 0)
(0.0567678 0.14592 0)
(0.00815917 0.20869 0)
(0.0064042 0.148634 0)
(-1.0247e-05 0.159278 0)
(0.0015295 0.162815 0)
(-0.000989795 0.162843 0)
(-0.000345052 0.163158 0)
(-0.00124881 0.163355 0)
(-0.00127093 0.163592 0)
(-0.00123583 0.163775 0)
(-0.000939857 0.163929 0)
(-0.00037666 0.164034 0)
(0.000496502 0.164054 0)
(0.00172835 0.163939 0)
(0.00335225 0.163626 0)
(0.00543912 0.163038 0)
(0.00804161 0.162094 0)
(0.0112001 0.160735 0)
(0.0149683 0.158849 0)
(0.019404 0.156315 0)
(0.024575 0.153018 0)
(0.0305022 0.148809 0)
(0.0370577 0.143506 0)
(0.0446803 0.13728 0)
(0.0084546 0.201139 0)
(0.00630372 0.153028 0)
(9.4817e-06 0.161507 0)
(0.00145157 0.163565 0)
(-0.00134392 0.163596 0)
(-0.000846287 0.163696 0)
(-0.00195659 0.163725 0)
(-0.00216331 0.163746 0)
(-0.00238755 0.163722 0)
(-0.00236365 0.163652 0)
(-0.00211096 0.163491 0)
(-0.00159633 0.163206 0)
(-0.000779284 0.162745 0)
(0.000374598 0.162028 0)
(0.00191324 0.160983 0)
(0.00387677 0.159533 0)
(0.00629754 0.157626 0)
(0.00921806 0.155159 0)
(0.012689 0.152006 0)
(0.016759 0.148057 0)
(0.021423 0.143141 0)
(0.0265768 0.137152 0)
(0.032561 0.130284 0)
(0.00830991 0.193582 0)
(0.00586874 0.157209 0)
(1.45717e-06 0.163613 0)
(0.00132567 0.164339 0)
(-0.00155289 0.164388 0)
(-0.00115807 0.164257 0)
(-0.0023854 0.164136 0)
(-0.00273243 0.163978 0)
(-0.00310032 0.163787 0)
(-0.00327218 0.163516 0)
(-0.00326737 0.163123 0)
(-0.00304494 0.162579 0)
(-0.00257469 0.161823 0)
(-0.00183134 0.160783 0)
(-0.000768719 0.159373 0)
(0.000651426 0.157524 0)
(0.00244593 0.155174 0)
(0.00462148 0.152223 0)
(0.00723067 0.148577 0)
(0.0102787 0.144105 0)
(0.0138109 0.138659 0)
(0.0176783 0.132157 0)
(0.0221484 0.124809 0)
(0.00750835 0.186815 0)
(0.00500394 0.161228 0)
(2.79088e-05 0.165756 0)
(0.00117582 0.165388 0)
(-0.00152218 0.16545 0)
(-0.00122341 0.165105 0)
(-0.00243389 0.164833 0)
(-0.00281184 0.16455 0)
(-0.00326362 0.164198 0)
(-0.00355427 0.163738 0)
(-0.00369283 0.163144 0)
(-0.00366341 0.162383 0)
(-0.00344102 0.161385 0)
(-0.00299986 0.160081 0)
(-0.00231928 0.158394 0)
(-0.00137306 0.156241 0)
(-0.000151491 0.153544 0)
(0.00137885 0.150205 0)
(0.00323595 0.146162 0)
(0.00539777 0.141264 0)
(0.00792617 0.135447 0)
(0.0106575 0.128546 0)
(0.013816 0.120856 0)
(0.00609996 0.181317 0)
(0.00390736 0.164574 0)
(0.000104236 0.167547 0)
(0.00101711 0.166358 0)
(-0.00123837 0.166439 0)
(-0.00100696 0.165857 0)
(-0.00205752 0.165526 0)
(-0.00239019 0.165103 0)
(-0.00284028 0.164636 0)
(-0.00314801 0.164059 0)
(-0.00333804 0.163324 0)
(-0.00341975 0.162395 0)
(-0.00337062 0.161224 0)
(-0.00316304 0.159722 0)
(-0.00279169 0.157806 0)
(-0.00224519 0.155409 0)
(-0.00151813 0.152464 0)
(-0.000567097 0.148871 0)
(0.000588385 0.144546 0)
(0.00194917 0.139377 0)
(0.00356199 0.133308 0)
(0.00525403 0.126159 0)
(0.00719167 0.118205 0)
(0.00442592 0.177489 0)
(0.00279524 0.167079 0)
(0.000160743 0.168901 0)
(0.000809125 0.167208 0)
(-0.000851715 0.167292 0)
(-0.000657674 0.166547 0)
(-0.00145305 0.16617 0)
(-0.0017137 0.165668 0)
(-0.00206066 0.165121 0)
(-0.00235056 0.164486 0)
(-0.0025676 0.163695 0)
(-0.00270052 0.162675 0)
(-0.00276243 0.161387 0)
(-0.00275934 0.159762 0)
(-0.00266877 0.15773 0)
(-0.00245932 0.155204 0)
(-0.00215685 0.152104 0)
(-0.00173184 0.148386 0)
(-0.00120023 0.143909 0)
(-0.000548868 0.138642 0)
(0.000217214 0.132443 0)
(0.000999879 0.12522 0)
(0.00188996 0.117153 0)
(0.00199146 0.174227 0)
(0.00123962 0.168428 0)
(0.000183847 0.16959 0)
(0.000441478 0.167461 0)
(-0.000282938 0.167634 0)
(-0.000168993 0.166698 0)
(-0.000529509 0.166315 0)
(-0.000632552 0.165756 0)
(-0.000794233 0.165171 0)
(-0.000909034 0.164478 0)
(-0.00103114 0.163633 0)
(-0.00114365 0.162572 0)
(-0.00122353 0.161233 0)
(-0.00126892 0.159546 0)
(-0.00129814 0.157441 0)
(-0.00132345 0.15485 0)
(-0.00130453 0.151685 0)
(-0.00124814 0.147878 0)
(-0.00117206 0.143333 0)
(-0.00106957 0.137991 0)
(-0.000950666 0.131752 0)
(-0.000793592 0.124534 0)
(-0.000608706 0.116363 0)
(0.366783 0.104942 0)
(0.382164 0.0891318 0)
(0.392009 0.0544031 0)
(0.417256 0.0324605 0)
(0.287916 -0.0896572 0)
(0.324449 -0.129689 0)
(0.357014 -0.169102 0)
(0.389498 -0.208959 0)
(0.278182 -0.0747988 0)
(0.285978 -0.0879078 0)
(0.285547 -0.109785 0)
(0.276414 -0.138624 0)
(0.148884 -0.10771 0)
(0.136363 -0.11816 0)
(0.0971998 -0.124938 0)
(0.0256204 -0.128503 0)
(-0.348567 -0.065666 0)
(-0.359721 -0.00205439 0)
(-0.436742 0.0814485 0)
(-0.545442 0.10345 0)
(-0.56611 -0.289255 0)
(-0.646625 0.0405895 0)
(-0.688642 0.248548 0)
(-0.684562 0.21595 0)
(-0.116646 0.0604782 0)
(-0.125452 0.165737 0)
(-0.118563 0.206489 0)
(-0.0409142 0.111178 0)
(-0.0257243 -0.141386 0)
(0.0426373 -0.0235735 0)
(0.0972552 0.0893553 0)
(0.161866 0.249725 0)
(-0.0796307 -0.219431 0)
(-0.0273798 -0.115622 0)
(-0.0421995 -0.000699163 0)
(-0.0165603 0.237205 0)
(-0.246848 -0.210177 0)
(-0.282254 -0.0719318 0)
(-0.334167 0.109993 0)
(-0.336644 0.341678 0)
(-0.407951 -0.097654 0)
(-0.458388 0.0304998 0)
(-0.484128 0.149061 0)
(-0.48248 0.271104 0)
(-0.476623 -0.00764024 0)
(-0.503549 0.0716486 0)
(-0.515224 0.1307 0)
(-0.51701 0.192634 0)
(-0.587375 0.0455523 0)
(-0.621369 0.127164 0)
(-0.654064 0.217799 0)
(-0.68729 0.313035 0)
(-0.655513 0.156606 0)
(-0.702782 0.217986 0)
(-0.742895 0.308963 0)
(-0.776138 0.429801 0)
(-0.592528 0.258281 0)
(-0.640229 0.306546 0)
(-0.682864 0.376819 0)
(-0.711531 0.480274 0)
(-0.471202 0.356015 0)
(-0.505208 0.396052 0)
(-0.537053 0.443075 0)
(-0.560369 0.508688 0)
(-0.349298 0.410664 0)
(-0.364927 0.449961 0)
(-0.379798 0.488033 0)
(-0.392237 0.529436 0)
(-0.252154 0.427197 0)
(-0.253486 0.464671 0)
(-0.253854 0.499724 0)
(-0.253341 0.532353 0)
(-0.177752 0.422627 0)
(-0.171525 0.455924 0)
(-0.163689 0.487641 0)
(-0.154371 0.51648 0)
(-0.11877 0.407781 0)
(-0.109156 0.435964 0)
(-0.097637 0.463558 0)
(-0.0841815 0.48904 0)
(-0.0708958 0.388276 0)
(-0.059783 0.41129 0)
(-0.0467126 0.43439 0)
(-0.0315971 0.456245 0)
(-0.0318647 0.366476 0)
(-0.0201412 0.384752 0)
(-0.006571 0.403349 0)
(0.00899799 0.421387 0)
(-0.000384744 0.343498 0)
(0.011446 0.357669 0)
(0.0249371 0.372109 0)
(0.0402647 0.386286 0)
(0.0243486 0.320149 0)
(0.036092 0.330913 0)
(0.049154 0.34173 0)
(0.0637395 0.352257 0)
(0.0431159 0.29707 0)
(0.0544643 0.305047 0)
(0.0668906 0.312839 0)
(0.0805816 0.320144 0)
(0.0565191 0.274774 0)
(0.0673127 0.280434 0)
(0.0789743 0.285763 0)
(0.0916377 0.290306 0)
(0.0653426 0.253694 0)
(0.0753901 0.257428 0)
(0.0861581 0.260676 0)
(0.0977349 0.262876 0)
(0.0705372 0.234228 0)
(0.0796806 0.236337 0)
(0.0894235 0.237816 0)
(0.0998492 0.238032 0)
(0.0733952 0.216695 0)
(0.0815627 0.217434 0)
(0.0901952 0.217406 0)
(0.0993918 0.215975 0)
(0.0754233 0.201207 0)
(0.0826152 0.200834 0)
(0.0901539 0.19958 0)
(0.0981145 0.196844 0)
(0.0775873 0.187526 0)
(0.083963 0.186314 0)
(0.0905982 0.184176 0)
(0.0974947 0.180517 0)
(0.0793981 0.175129 0)
(0.085251 0.173313 0)
(0.0912817 0.170605 0)
(0.0974676 0.166398 0)
(0.0788544 0.163417 0)
(0.0844038 0.161151 0)
(0.0900981 0.158065 0)
(0.0958929 0.153578 0)
(0.0737706 0.152129 0)
(0.0790246 0.149477 0)
(0.0844272 0.146037 0)
(0.0898899 0.141342 0)
(0.0636735 0.141633 0)
(0.0684116 0.138577 0)
(0.073336 0.134712 0)
(0.0782854 0.129742 0)
(0.0504751 0.132537 0)
(0.0544698 0.129049 0)
(0.0586654 0.124732 0)
(0.062839 0.119454 0)
(0.0371193 0.125159 0)
(0.0403074 0.121265 0)
(0.0436512 0.116582 0)
(0.0469506 0.111104 0)
(0.02561 0.119366 0)
(0.0280577 0.115118 0)
(0.0306067 0.110212 0)
(0.033087 0.104661 0)
(0.0162821 0.115051 0)
(0.018059 0.110515 0)
(0.0198798 0.105489 0)
(0.0216242 0.0999418 0)
(0.00873718 0.112011 0)
(0.00990097 0.107307 0)
(0.0110644 0.102258 0)
(0.0121745 0.0967862 0)
(0.00266517 0.110709 0)
(0.00332863 0.105982 0)
(0.00393178 0.100983 0)
(0.00453964 0.0956246 0)
(-0.000405429 0.109631 0)
(-0.000195303 0.104879 0)
(-3.15122e-05 0.0998583 0)
(0.0002092 0.0945185 0)
(0.529265 -0.164638 0)
(0.571438 -0.445 0)
(0.547907 -0.603541 0)
(0.541616 -0.753313 0)
(0.546512 -0.739963 0)
(0.563514 0.653403 0)
(-0.278472 2.14674 0)
(-0.469111 3.7922 0)
(-1.98739 3.00573 0)
(-1.94447 1.99269 0)
(-2.76165 1.43702 0)
(-3.09205 0.55591 0)
(-2.93319 -0.447112 0)
(-2.48373 -1.15862 0)
(-1.83075 -1.68299 0)
(-1.00764 -2.01284 0)
(0.194468 -1.96188 0)
(-0.123466 -1.76079 0)
(0.00783857 -1.47606 0)
(0.439375 -0.29681 0)
(0.416499 -0.442025 0)
(0.390631 -0.595638 0)
(0.341691 -0.810342 0)
(0.148928 -0.586224 0)
(-0.239107 1.29304 0)
(-1.02527 2.79342 0)
(-1.9537 4.57815 0)
(-2.27826 3.45108 0)
(-2.269 2.50015 0)
(-2.85972 1.63326 0)
(-2.73709 0.240853 0)
(-2.40712 -0.882264 0)
(-1.95836 -1.7226 0)
(-1.35627 -2.36601 0)
(-0.745781 -2.75853 0)
(0.0896087 -2.6701 0)
(0.0482397 -1.58257 0)
(0.0470639 -1.50147 0)
(0.254754 -0.21112 0)
(0.19815 -0.362244 0)
(0.174956 -0.568835 0)
(0.0163382 -0.673403 0)
(-0.699745 0.336206 0)
(-1.50163 1.93661 0)
(-2.11947 3.55927 0)
(-2.81994 4.70422 0)
(-2.26179 3.45574 0)
(-2.25344 2.66238 0)
(-2.24896 1.62435 0)
(-1.79091 0.0389184 0)
(-1.34331 -1.25236 0)
(-0.906013 -2.17927 0)
(-0.432415 -2.80601 0)
(-0.162579 -3.1421 0)
(0.1141 -3.07049 0)
(0.114186 -1.50026 0)
(0.0724684 -1.43895 0)
(-0.0563386 -0.1859 0)
(-0.0665357 -0.337238 0)
(-0.0907014 -0.505853 0)
(-0.444813 -0.140193 0)
(-1.40627 1.14359 0)
(-2.1857 2.36561 0)
(-2.49347 3.93424 0)
(-2.3943 4.30501 0)
(-1.74592 3.13411 0)
(-1.63499 2.28743 0)
(-1.17546 1.22394 0)
(-0.553069 -0.291294 0)
(0.0206374 -1.59162 0)
(0.385895 -2.47837 0)
(0.647927 -2.97521 0)
(0.550898 -3.20847 0)
(0.289001 -3.10084 0)
(0.162846 -1.37462 0)
(0.0919209 -1.3552 0)
(-0.49737 -0.221284 0)
(-0.394548 -0.37322 0)
(-0.434963 -0.311622 0)
(-0.77756 0.750259 0)
(-0.869124 1.55359 0)
(-1.12233 2.90259 0)
(-1.29207 3.73844 0)
(-0.899644 4.00575 0)
(-0.488029 2.9477 0)
(-0.388339 2.04782 0)
(0.245803 0.804007 0)
(0.82999 -0.739343 0)
(1.41472 -1.97853 0)
(1.68837 -2.63797 0)
(1.67573 -2.86926 0)
(1.14685 -2.99349 0)
(0.534703 -2.75722 0)
(0.217238 -1.2242 0)
(0.113087 -1.23875 0)
(-0.66593 -0.303373 0)
(-0.633521 -0.270889 0)
(-0.615006 -0.0974972 0)
(-1.05448 0.118192 0)
(0.352253 0.778242 0)
(-0.297902 2.94424 0)
(0.402489 3.40001 0)
(0.900612 3.61415 0)
(1.17257 2.75345 0)
(1.24838 1.67496 0)
(1.662 0.196522 0)
(2.28655 -1.37917 0)
(2.75846 -2.36625 0)
(2.79161 -2.58019 0)
(2.44971 -2.42358 0)
(1.4757 -2.45593 0)
(0.719401 -2.03633 0)
(0.279682 -1.03734 0)
(0.140709 -1.08865 0)
(-0.444161 -0.133663 0)
(-0.611586 -0.193995 0)
(-0.438562 -0.0505355 0)
(-0.373561 0.0619709 0)
(-0.391441 0.472348 0)
(0.379949 2.68793 0)
(2.27035 2.97825 0)
(3.28957 3.17803 0)
(3.49523 2.73675 0)
(3.35022 1.56071 0)
(3.42579 -0.121051 0)
(3.7636 -1.83765 0)
(3.76983 -2.52524 0)
(3.43871 -2.26231 0)
(2.75343 -1.68692 0)
(1.53105 -1.55507 0)
(0.832341 -1.16306 0)
(0.358647 -0.815011 0)
(0.180249 -0.889038 0)
(-0.0933362 0.265437 0)
(-0.694966 -0.192352 0)
(-0.518482 -0.215093 0)
(-0.408601 0.0139924 0)
(-0.388136 0.293095 0)
(-0.0864307 1.01809 0)
(1.11339 1.67655 0)
(2.93653 2.23587 0)
(4.21277 2.5188 0)
(4.47964 1.67684 0)
(4.3738 -0.0789719 0)
(4.2184 -1.92319 0)
(3.52124 -2.20246 0)
(3.03719 -1.80918 0)
(2.35779 -1.08827 0)
(1.42675 -0.647996 0)
(0.87376 -0.622929 0)
(0.457498 -0.560024 0)
(0.230425 -0.624896 0)
(-0.0297016 0.546353 0)
(-0.2146 0.287302 0)
(-0.689482 -0.213904 0)
(-0.522247 -0.023678 0)
(-0.371862 0.18391 0)
(-0.205926 0.366263 0)
(0.25626 0.495842 0)
(1.05129 0.828582 0)
(2.1878 1.4291 0)
(3.31249 1.46494 0)
(3.47745 -0.176952 0)
(2.91955 -1.40985 0)
(2.03283 -1.36034 0)
(1.37565 -1.0048 0)
(1.07837 -0.575142 0)
(0.949562 -0.348602 0)
(0.784677 -0.320591 0)
(0.547695 -0.310303 0)
(0.262035 -0.314746 0)
(-0.232239 0.528726 0)
(-0.169621 0.403399 0)
(-0.405368 0.0995083 0)
(-0.734865 -0.213446 0)
(-0.414791 0.107381 0)
(-0.202472 0.327364 0)
(-0.134014 0.322729 0)
(0.0247846 0.313644 0)
(0.508374 0.530083 0)
(1.48485 0.835305 0)
(1.92123 0.102866 0)
(1.31883 -0.526993 0)
(0.772231 -0.66682 0)
(0.507608 -0.654302 0)
(0.571332 -0.504426 0)
(0.657863 -0.332059 0)
(0.669463 -0.220379 0)
(0.521845 -0.10292 0)
(0.224114 0.00138947 0)
(-0.3959 0.33867 0)
(-0.272917 0.306941 0)
(-0.277759 0.202186 0)
(-0.544096 0.0551711 0)
(-0.9254 -0.208277 0)
(-0.474851 0.181364 0)
(-0.230124 0.30765 0)
(-0.107175 0.293462 0)
(-0.067386 0.215601 0)
(0.161417 0.24683 0)
(0.452169 0.0578532 0)
(0.273135 -0.2095 0)
(-0.00809275 -0.452537 0)
(-0.0376454 -0.622164 0)
(0.0770406 -0.650192 0)
(0.261921 -0.506985 0)
(0.319203 -0.267804 0)
(0.174103 0.149938 0)
(0.0829416 0.255006 0)
(-0.544977 0.263721 0)
(-0.67454 0.348643 0)
(-0.968845 0.422888 0)
(-1.25714 0.327728 0)
(-1.37353 -0.00768188 0)
(-1.30871 -0.251768 0)
(-1.12421 -0.213102 0)
(-0.62949 0.0909863 0)
(-0.529795 0.250021 0)
(-0.563976 0.205991 0)
(-0.564019 -0.0228591 0)
(-0.665994 -0.34183 0)
(-0.625769 -0.593606 0)
(-0.460441 -0.787388 0)
(-0.32377 -0.771848 0)
(-0.232065 -0.552563 0)
(-0.174431 -0.14292 0)
(-0.173286 0.216623 0)
(0.0227016 0.236027 0)
(-0.786884 0.463071 0)
(-1.03101 0.647689 0)
(-1.38888 0.679707 0)
(-1.68384 0.384538 0)
(-1.7472 -0.0130722 0)
(-1.45757 -0.201506 0)
(-1.30211 -0.112494 0)
(-1.11349 0.0594784 0)
(-0.984346 0.179233 0)
(-0.975061 0.170042 0)
(-1.07799 -0.00132239 0)
(-1.16418 -0.318158 0)
(-0.885711 -0.74574 0)
(-0.615673 -0.937129 0)
(-0.425885 -0.862734 0)
(-0.289705 -0.580136 0)
(-0.22411 -0.22131 0)
(-0.191111 0.0611144 0)
(-0.0277453 0.125347 0)
(-0.842711 0.643786 0)
(-0.990911 0.906169 0)
(-1.21259 0.931484 0)
(-1.41761 0.494655 0)
(-1.44382 -0.11974 0)
(-1.44342 -0.635098 0)
(-1.67318 -0.561913 0)
(-1.38514 -0.161258 0)
(-1.30314 0.157269 0)
(-1.56632 0.31391 0)
(-2.1074 0.270311 0)
(-1.54531 -0.504803 0)
(-0.842961 -1.18128 0)
(-0.649031 -1.17373 0)
(-0.545702 -1.05693 0)
(-0.368202 -0.710033 0)
(-0.22107 -0.253246 0)
(-0.143528 0.0225496 0)
(-0.0576431 -0.00437221 0)
(-0.722817 0.692812 0)
(-0.719934 0.987504 0)
(-0.76479 1.0729 0)
(-0.921488 0.734085 0)
(-1.17348 0.238683 0)
(-1.70622 -0.16287 0)
(-2.45039 -0.358109 0)
(-2.9912 -0.0431928 0)
(-3.0105 0.510411 0)
(-2.70072 0.689655 0)
(-1.89611 -0.249429 0)
(-1.02361 -1.36786 0)
(-0.861581 -1.4475 0)
(-0.788196 -1.2395 0)
(-0.680998 -1.13862 0)
(-0.518515 -0.906092 0)
(-0.260224 -0.428393 0)
(-0.122969 -0.0974982 0)
(-0.0301855 -0.0737041 0)
(-0.54951 0.662022 0)
(-0.459949 0.911846 0)
(-0.338431 1.06615 0)
(-0.348013 0.921663 0)
(-0.528264 0.620249 0)
(-0.848528 0.449057 0)
(-1.22639 0.281969 0)
(-1.65377 -0.118076 0)
(-2.11871 -0.235748 0)
(-2.11657 0.140484 0)
(-1.12249 -1.11321 0)
(-0.886905 -1.60648 0)
(-0.842364 -1.51261 0)
(-0.799454 -1.35521 0)
(-0.768986 -1.21284 0)
(-0.662651 -1.07711 0)
(-0.379396 -0.637048 0)
(-0.138295 -0.216897 0)
(0.00262444 -0.142412 0)
(-0.381361 0.61927 0)
(-0.294923 0.774685 0)
(-0.11678 0.915979 0)
(0.0267052 0.928349 0)
(0.0132818 0.798006 0)
(-0.152813 0.644538 0)
(-0.376729 0.551159 0)
(-0.611174 0.521677 0)
(-0.918765 0.407571 0)
(-0.99554 -0.0279127 0)
(-0.898616 -1.2288 0)
(-1.03152 -1.7012 0)
(-0.915506 -1.59285 0)
(-0.815815 -1.40547 0)
(-0.761618 -1.26706 0)
(-0.747077 -1.20191 0)
(-0.53338 -0.894458 0)
(-0.187177 -0.425557 0)
(0.0126115 -0.199858 0)
(-0.239459 0.586929 0)
(-0.182612 0.666709 0)
(-0.050491 0.74079 0)
(0.125205 0.787454 0)
(0.250257 0.784061 0)
(0.268163 0.748884 0)
(0.172926 0.672878 0)
(0.030017 0.603703 0)
(-0.143414 0.532589 0)
(-0.324346 0.129428 0)
(-0.645951 -0.900358 0)
(-1.15595 -1.65732 0)
(-1.15011 -1.68318 0)
(-0.931773 -1.50019 0)
(-0.805034 -1.31558 0)
(-0.804933 -1.23994 0)
(-0.701441 -1.12806 0)
(-0.298742 -0.744193 0)
(-0.00211782 -0.270196 0)
(-0.133336 0.557188 0)
(-0.0896674 0.602215 0)
(-0.0123686 0.627149 0)
(0.106718 0.64207 0)
(0.248612 0.661863 0)
(0.37707 0.702296 0)
(0.442376 0.724718 0)
(0.417865 0.692331 0)
(0.336029 0.611245 0)
(0.182807 0.397139 0)
(-0.204227 -0.398719 0)
(-0.88222 -1.35524 0)
(-1.26922 -1.74126 0)
(-1.26082 -1.63451 0)
(-1.06995 -1.44014 0)
(-1.04347 -1.30201 0)
(-0.892516 -1.34579 0)
(-0.399696 -1.19774 0)
(-0.0674443 -0.400096 0)
(-0.0578851 0.523379 0)
(-0.014705 0.556007 0)
(0.0400395 0.562881 0)
(0.111925 0.553126 0)
(0.208048 0.548469 0)
(0.332635 0.577827 0)
(0.472176 0.641466 0)
(0.575664 0.69339 0)
(0.601645 0.684112 0)
(0.53545 0.593945 0)
(0.242386 0.154903 0)
(-0.418378 -0.772795 0)
(-1.07739 -1.46638 0)
(-1.39657 -1.6864 0)
(-1.3934 -1.53593 0)
(-1.08721 -1.45721 0)
(-0.736779 -1.57347 0)
(-0.362165 -1.55015 0)
(-0.125104 -0.743206 0)
(-0.00275952 0.485761 0)
(0.0422605 0.512254 0)
(0.0926342 0.51358 0)
(0.149098 0.494767 0)
(0.217031 0.471958 0)
(0.306135 0.468764 0)
(0.425887 0.506988 0)
(0.571321 0.581741 0)
(0.681096 0.650763 0)
(0.734411 0.680071 0)
(0.59733 0.524956 0)
(0.115839 -0.160492 0)
(-0.552351 -0.966807 0)
(-0.987408 -1.45809 0)
(-1.07027 -1.6716 0)
(-0.903758 -1.7521 0)
(-0.603956 -1.94534 0)
(-0.309781 -1.80996 0)
(-0.078554 -0.924349 0)
(0.0387178 0.446259 0)
(0.0848635 0.467964 0)
(0.135091 0.466198 0)
(0.188849 0.442633 0)
(0.250359 0.410303 0)
(0.325605 0.388785 0)
(0.418627 0.397724 0)
(0.540637 0.451158 0)
(0.667111 0.537923 0)
(0.794481 0.646103 0)
(0.823973 0.696912 0)
(0.570888 0.324947 0)
(0.0520315 -0.472111 0)
(-0.411124 -1.18823 0)
(-0.595441 -1.65045 0)
(-0.612849 -1.88797 0)
(-0.416097 -2.07932 0)
(-0.271441 -2.01455 0)
(-0.0355804 -1.03448 0)
(0.0696878 0.406331 0)
(0.115857 0.423362 0)
(0.166237 0.419094 0)
(0.219396 0.391485 0)
(0.279573 0.350652 0)
(0.352427 0.316643 0)
(0.439192 0.310702 0)
(0.541809 0.346966 0)
(0.653094 0.418944 0)
(0.781328 0.537246 0)
(0.915951 0.699013 0)
(0.852707 0.580814 0)
(0.548499 -0.0285717 0)
(0.133909 -0.848165 0)
(-0.124263 -1.52511 0)
(-0.280129 -1.92648 0)
(-0.2169 -2.09743 0)
(-0.270896 -2.14751 0)
(0.0379071 -1.22241 0)
(0.0919702 0.36729 0)
(0.136857 0.379138 0)
(0.186707 0.372214 0)
(0.239258 0.341186 0)
(0.2978 0.292389 0)
(0.367836 0.245611 0)
(0.451801 0.22742 0)
(0.54867 0.255247 0)
(0.652961 0.319811 0)
(0.757591 0.416686 0)
(0.910864 0.601595 0)
(0.982421 0.647112 0)
(0.847528 0.255766 0)
(0.544135 -0.49461 0)
(0.258728 -1.29083 0)
(-0.0212195 -1.84589 0)
(-0.00314055 -2.07161 0)
(-0.227335 -2.17732 0)
(0.165313 -1.35997 0)
(0.107014 0.330193 0)
(0.149513 0.336412 0)
(0.197685 0.326171 0)
(0.249039 0.291989 0)
(0.305668 0.236458 0)
(0.371809 0.178531 0)
(0.449585 0.147706 0)
(0.540462 0.165611 0)
(0.642453 0.229 0)
(0.736175 0.313741 0)
(0.861739 0.476942 0)
(0.986598 0.607479 0)
(0.964872 0.389743 0)
(0.76319 -0.237805 0)
(0.514827 -1.03338 0)
(0.175691 -1.68177 0)
(0.178515 -1.95865 0)
(-0.176856 -2.22689 0)
(0.176297 -1.36063 0)
(0.116008 0.295659 0)
(0.155422 0.296136 0)
(0.200769 0.281989 0)
(0.249774 0.244366 0)
(0.304038 0.182882 0)
(0.366649 0.116123 0)
(0.438767 0.0745907 0)
(0.521485 0.0811909 0)
(0.616126 0.140061 0)
(0.706112 0.226079 0)
(0.800467 0.366392 0)
(0.921022 0.527989 0)
(0.963119 0.438426 0)
(0.842987 -0.0518821 0)
(0.656986 -0.800178 0)
(0.315877 -1.49812 0)
(0.32359 -1.8083 0)
(-0.0501973 -2.16794 0)
(0.181263 -1.28724 0)
(0.119875 0.264006 0)
(0.155681 0.259057 0)
(0.196908 0.240849 0)
(0.241815 0.19939 0)
(0.292525 0.131801 0)
(0.353009 0.0565365 0)
(0.423852 0.00625086 0)
(0.500061 0.00336427 0)
(0.583443 0.056272 0)
(0.664617 0.149136 0)
(0.735019 0.281303 0)
(0.825057 0.449955 0)
(0.88337 0.442951 0)
(0.818578 0.059198 0)
(0.685583 -0.617463 0)
(0.350912 -1.31773 0)
(0.377429 -1.66203 0)
(-0.0198098 -2.04872 0)
(0.182613 -1.24166 0)
(0.119588 0.235573 0)
(0.151221 0.225992 0)
(0.187021 0.204278 0)
(0.225677 0.158883 0)
(0.270945 0.0831225 0)
(0.331075 -0.00409063 0)
(0.405637 -0.0608721 0)
(0.475897 -0.0667223 0)
(0.543574 -0.0165261 0)
(0.609411 0.0849486 0)
(0.659973 0.222941 0)
(0.714413 0.39387 0)
(0.76316 0.43496 0)
(0.723104 0.144306 0)
(0.621253 -0.460121 0)
(0.337141 -1.13605 0)
(0.369528 -1.54155 0)
(0.0180451 -1.92988 0)
(0.171288 -1.19349 0)
(0.116559 0.210678 0)
(0.143688 0.197731 0)
(0.173425 0.173887 0)
(0.204296 0.124659 0)
(0.24255 0.0363658 0)
(0.301206 -0.07074 0)
(0.375679 -0.128754 0)
(0.438366 -0.12273 0)
(0.483317 -0.0691558 0)
(0.528073 0.0396204 0)
(0.5608 0.190192 0)
(0.585305 0.365527 0)
(0.615402 0.431864 0)
(0.582648 0.194662 0)
(0.509706 -0.341908 0)
(0.310935 -1.00793 0)
(0.345446 -1.45535 0)
(0.0968352 -1.79734 0)
(0.156199 -1.12006 0)
(0.112771 0.189435 0)
(0.135636 0.174356 0)
(0.159979 0.149994 0)
(0.183338 0.0982639 0)
(0.215019 -0.00478189 0)
(0.25788 -0.133514 0)
(0.310373 -0.191418 0)
(0.362318 -0.166694 0)
(0.381856 -0.10387 0)
(0.406127 0.0136955 0)
(0.424588 0.180087 0)
(0.430342 0.360442 0)
(0.447169 0.434899 0)
(0.422889 0.222897 0)
(0.397095 -0.258569 0)
(0.268412 -0.939321 0)
(0.289376 -1.41948 0)
(0.10975 -1.67653 0)
(0.147504 -1.01778 0)
(0.109939 0.171613 0)
(0.129038 0.15503 0)
(0.149199 0.131237 0)
(0.165978 0.080356 0)
(0.182227 -0.0300946 0)
(0.186426 -0.166761 0)
(0.197354 -0.225194 0)
(0.240433 -0.183155 0)
(0.239022 -0.115891 0)
(0.246824 0.00551537 0)
(0.256229 0.186619 0)
(0.257857 0.366737 0)
(0.272103 0.434412 0)
(0.279189 0.217121 0)
(0.304873 -0.218793 0)
(0.213965 -0.886458 0)
(0.253614 -1.38716 0)
(0.0595569 -1.60198 0)
(0.145377 -0.906843 0)
(0.108334 0.156582 0)
(0.124275 0.138977 0)
(0.141158 0.116128 0)
(0.154388 0.0735093 0)
(0.153722 -0.0233496 0)
(0.120928 -0.160464 0)
(0.0836802 -0.23925 0)
(0.10663 -0.192227 0)
(0.0967405 -0.112725 0)
(0.0810984 0.00690193 0)
(0.0881198 0.198403 0)
(0.100992 0.366989 0)
(0.131472 0.407537 0)
(0.204451 0.168822 0)
(0.238694 -0.203903 0)
(0.211485 -0.881972 0)
(0.271089 -1.33526 0)
(0.00538769 -1.52467 0)
(0.14517 -0.8313 0)
(0.106006 0.143368 0)
(0.119798 0.125538 0)
(0.134238 0.103543 0)
(0.145308 0.0720819 0)
(0.142262 0.00465486 0)
(0.0935649 -0.114313 0)
(0.0113673 -0.211663 0)
(-0.0136471 -0.189376 0)
(-0.0171601 -0.0966338 0)
(-0.0518194 0.0147919 0)
(-0.0377783 0.191154 0)
(-0.000737551 0.340626 0)
(0.0687641 0.328864 0)
(0.199977 0.0855481 0)
(0.239076 -0.212092 0)
(0.302597 -0.908863 0)
(0.325269 -1.24413 0)
(0.0397838 -1.41296 0)
(0.140654 -0.82254 0)
(0.0996216 0.131009 0)
(0.112115 0.113571 0)
(0.125133 0.0926821 0)
(0.134212 0.0683985 0)
(0.136236 0.0284775 0)
(0.10245 -0.0475915 0)
(0.00401806 -0.146274 0)
(-0.0730015 -0.162948 0)
(-0.0926003 -0.0780225 0)
(-0.116565 0.0277127 0)
(-0.102632 0.158664 0)
(-0.035401 0.2718 0)
(0.0892621 0.204251 0)
(0.248491 -0.0177889 0)
(0.354755 -0.246403 0)
(0.371025 -0.90283 0)
(0.355937 -1.14469 0)
(0.0372138 -1.27289 0)
(0.138887 -0.742766 0)
(0.0872789 0.119278 0)
(0.0984973 0.102313 0)
(0.110625 0.0830093 0)
(0.11803 0.0614908 0)
(0.125755 0.0361912 0)
(0.114401 0.000288293 0)
(0.0535157 -0.0593386 0)
(-0.0311096 -0.104776 0)
(-0.0865652 -0.0620953 0)
(-0.0987279 0.0330026 0)
(-0.0827132 0.113174 0)
(0.00587615 0.161487 0)
(0.168868 0.0515912 0)
(0.32769 -0.147328 0)
(0.47041 -0.314192 0)
(0.379538 -0.835824 0)
(0.370133 -1.04374 0)
(0.0699005 -1.12129 0)
(0.144019 -0.644026 0)
(0.0704962 0.108797 0)
(0.0799265 0.0921374 0)
(0.0904299 0.0743685 0)
(0.0967101 0.0534549 0)
(0.105593 0.0318171 0)
(0.107857 0.0156056 0)
(0.0900436 -0.0141371 0)
(0.0608262 -0.0409445 0)
(0.0241599 -0.030967 0)
(0.0149096 0.0232256 0)
(0.0480027 0.0601247 0)
(0.145022 0.0353725 0)
(0.304635 -0.0907109 0)
(0.396766 -0.240081 0)
(0.498544 -0.360121 0)
(0.370255 -0.746805 0)
(0.398729 -0.957989 0)
(0.106776 -0.975125 0)
(0.149798 -0.585849 0)
(0.0529535 0.100315 0)
(0.0602822 0.0839008 0)
(0.0681586 0.067177 0)
(0.0735302 0.0465338 0)
(0.0792352 0.0255897 0)
(0.0836634 0.0123103 0)
(0.0883123 -0.0135418 0)
(0.0956136 -0.0362502 0)
(0.106501 -0.0244378 0)
(0.126827 0.00341855 0)
(0.179398 0.00101379 0)
(0.261625 -0.0590872 0)
(0.350777 -0.1736 0)
(0.383732 -0.280027 0)
(0.45893 -0.377054 0)
(0.356731 -0.680413 0)
(0.415655 -0.882457 0)
(0.0863412 -0.817007 0)
(0.164437 -0.484731 0)
(0.03743 0.0938604 0)
(0.0427314 0.0778966 0)
(0.0478459 0.0617878 0)
(0.0523211 0.0418531 0)
(0.0539906 0.0223248 0)
(0.0583384 0.0057907 0)
(0.0644683 -0.0253056 0)
(0.0730173 -0.0528777 0)
(0.0893995 -0.051475 0)
(0.120162 -0.0394792 0)
(0.166752 -0.0561358 0)
(0.224505 -0.120138 0)
(0.288616 -0.227407 0)
(0.315176 -0.311612 0)
(0.395634 -0.399929 0)
(0.314688 -0.646153 0)
(0.396003 -0.792533 0)
(0.00510787 -0.65903 0)
(0.185185 -0.384631 0)
(0.0245462 0.0892819 0)
(0.0280877 0.0739314 0)
(0.0308623 0.0580847 0)
(0.0345159 0.0392309 0)
(0.0333794 0.0200764 0)
(0.0395133 0.00241384 0)
(0.0398943 -0.0292864 0)
(0.0412836 -0.0598771 0)
(0.0487632 -0.0641141 0)
(0.0707181 -0.0660008 0)
(0.116005 -0.102661 0)
(0.174796 -0.1802 0)
(0.218324 -0.272945 0)
(0.232567 -0.344673 0)
(0.306992 -0.425932 0)
(0.22847 -0.632675 0)
(0.324397 -0.695563 0)
(-0.0555149 -0.528319 0)
(0.209191 -0.331057 0)
(0.0138659 0.0864585 0)
(0.0158711 0.0716485 0)
(0.0170527 0.0557314 0)
(0.0195401 0.0378828 0)
(0.0180457 0.0178012 0)
(0.0230853 0.000255036 0)
(0.0252049 -0.0292201 0)
(0.0236607 -0.060677 0)
(0.0314789 -0.0743163 0)
(0.0568339 -0.0995597 0)
(0.0960499 -0.150131 0)
(0.127904 -0.216657 0)
(0.145314 -0.289322 0)
(0.143195 -0.362655 0)
(0.1982 -0.436857 0)
(0.111115 -0.605116 0)
(0.175706 -0.610429 0)
(-0.100302 -0.477094 0)
(0.23829 -0.275686 0)
(0.00533018 0.0857406 0)
(0.00617994 0.0713531 0)
(0.00665276 0.0553432 0)
(0.00824594 0.0380637 0)
(0.00834425 0.0172707 0)
(0.0116357 -0.00263856 0)
(0.0180975 -0.0316106 0)
(0.0189435 -0.0651833 0)
(0.0298434 -0.0910667 0)
(0.0475982 -0.123221 0)
(0.0652541 -0.168566 0)
(0.0752341 -0.226778 0)
(0.0826526 -0.292926 0)
(0.0744011 -0.365899 0)
(0.100137 -0.427623 0)
(0.0200922 -0.55214 0)
(0.0456942 -0.531382 0)
(-0.164461 -0.547309 0)
(0.279306 -0.215791 0)
(0.000453569 0.0849199 0)
(0.000755928 0.0706097 0)
(0.00126557 0.0542043 0)
(0.00239283 0.0365352 0)
(0.00361077 0.0150107 0)
(0.00598612 -0.00772554 0)
(0.0103683 -0.0364926 0)
(0.0118265 -0.0696823 0)
(0.0157911 -0.0969509 0)
(0.0201745 -0.128888 0)
(0.0238441 -0.173572 0)
(0.0263924 -0.230585 0)
(0.0282591 -0.293496 0)
(0.0249897 -0.361574 0)
(0.030596 -0.417725 0)
(-0.00324811 -0.516024 0)
(0.0075312 -0.477434 0)
(-0.179098 -0.66879 0)
(0.250539 -0.191154 0)
)
;

boundaryField
{
    leftWall
    {
        type            noSlip;
    }
    rightWall
    {
        type            noSlip;
    }
    lowerWall
    {
        type            noSlip;
    }
    atmosphere
    {
        type            pressureInletOutletVelocity;
        value           nonuniform List<vector> 
46
(
(0.00199146 0.174227 0)
(0.00123962 0.168428 0)
(0.000183847 0.16959 0)
(0.000441478 0.167461 0)
(-0.000282938 0.167634 0)
(-0.000168993 0.166698 0)
(-0.000529509 0.166315 0)
(-0.000632552 0.165756 0)
(-0.000794233 0.165171 0)
(-0.000909034 0.164478 0)
(-0.00103114 0.163633 0)
(-0.00114365 0.162572 0)
(-0.00122353 0.161233 0)
(-0.00126892 0.159546 0)
(-0.00129814 0.157441 0)
(-0.00132345 0.15485 0)
(-0.00130453 0.151685 0)
(-0.00124814 0.147878 0)
(-0.00117206 0.143333 0)
(-0.00106957 0.137991 0)
(-0.000950666 0.131752 0)
(-0.000793592 0.124534 0)
(-0.000608706 0.116363 0)
(-0.000405429 0.109631 0)
(-0.000195303 0.104879 0)
(-3.15122e-05 0.0998583 0)
(0.0002092 0.0945185 0)
(0.000453569 0.0849199 0)
(0.000755928 0.0706097 0)
(0.00126557 0.0542043 0)
(0.00239283 0.0365352 0)
(0.00361077 0.0150107 0)
(0 -0.00772554 0)
(0 -0.0364926 0)
(0 -0.0696823 0)
(0 -0.0969509 0)
(0 -0.128888 0)
(0 -0.173572 0)
(0 -0.230585 0)
(0 -0.293496 0)
(0 -0.361574 0)
(0 -0.417725 0)
(0 -0.516024 0)
(0 -0.477434 0)
(0 -0.66879 0)
(0 -0.191154 0)
)
;
    }
    defaultFaces
    {
        type            empty;
    }
}


// ************************************************************************* //
