/*--------------------------------*- C++ -*----------------------------------*\
  =========                 |
  \\      /  F ield         | OpenFOAM: The Open Source CFD Toolbox
   \\    /   O peration     | Website:  https://openfoam.org
    \\  /    A nd           | Version:  13
     \\/     M anipulation  |
\*---------------------------------------------------------------------------*/
FoamFile
{
    format      ascii;
    class       surfaceScalarField;
    location    "0.1";
    object      phi;
}
// * * * * * * * * * * * * * * * * * * * * * * * * * * * * * * * * * * * * * //

dimensions      [0 3 -1 0 0 0 0];

internalField   nonuniform List<scalar> 
4432
(
4.74041e-06
-4.74041e-06
1.05493e-05
-5.80894e-06
1.61633e-05
-5.61391e-06
2.1781e-05
-5.61773e-06
2.75907e-05
-5.80976e-06
3.36779e-05
-6.08715e-06
4.01118e-05
-6.43389e-06
4.6955e-05
-6.84322e-06
5.4317e-05
-7.362e-06
6.22638e-05
-7.94677e-06
7.08896e-05
-8.62587e-06
8.03053e-05
-9.41565e-06
9.07901e-05
-1.04848e-05
0.000102632
-1.18419e-05
0.000115047
-1.24153e-05
0.000125653
-1.06056e-05
0.000132579
-6.92649e-06
0.000137219
-4.63983e-06
0.000142615
-5.39584e-06
0.000145858
-3.24264e-06
0.000123466
2.23918e-05
5.86424e-05
6.48237e-05
5.86423e-05
4.75693e-06
-9.49733e-06
1.05514e-05
-1.16035e-05
1.61662e-05
-1.12286e-05
2.17857e-05
-1.12373e-05
2.75929e-05
-1.16169e-05
3.36751e-05
-1.21694e-05
4.00996e-05
-1.28583e-05
4.69363e-05
-1.368e-05
5.42786e-05
-1.47043e-05
6.21991e-05
-1.58673e-05
7.08352e-05
-1.7262e-05
8.02767e-05
-1.88571e-05
9.06204e-05
-2.08286e-05
0.000102128
-2.33497e-05
0.000114491
-2.47785e-05
0.000126399
-2.25136e-05
0.000136548
-1.7075e-05
0.000144543
-1.26347e-05
0.000151463
-1.23165e-05
0.00015902
-1.0799e-05
0.000153089
2.83229e-05
0.00010686
0.000111053
0.000165502
4.75347e-06
-1.42508e-05
1.05096e-05
-1.73596e-05
1.6094e-05
-1.6813e-05
2.16874e-05
-1.68308e-05
2.74651e-05
-1.73946e-05
3.35138e-05
-1.82181e-05
3.9899e-05
-1.92435e-05
4.66939e-05
-2.04749e-05
5.39841e-05
-2.19945e-05
6.18473e-05
-2.37305e-05
7.04461e-05
-2.58608e-05
7.98627e-05
-2.82736e-05
9.0131e-05
-3.10969e-05
0.00010151
-3.47289e-05
0.000113983
-3.72511e-05
0.000127043
-3.55736e-05
0.000140584
-3.06162e-05
0.00015376
-2.58103e-05
0.000159702
-1.8259e-05
0.000155553
-6.64976e-06
0.000147818
3.6058e-05
0.000116332
0.000142539
0.000281834
4.74336e-06
-1.89942e-05
1.04485e-05
-2.30647e-05
1.59873e-05
-2.23518e-05
2.15408e-05
-2.23843e-05
2.72757e-05
-2.31295e-05
3.32761e-05
-2.42185e-05
3.96057e-05
-2.55731e-05
4.6339e-05
-2.72081e-05
5.35581e-05
-2.92137e-05
6.13457e-05
-3.15181e-05
6.98745e-05
-3.43895e-05
7.92175e-05
-3.76167e-05
8.94199e-05
-4.12993e-05
0.000100826
-4.61353e-05
0.000113719
-5.0144e-05
0.000128183
-5.00371e-05
0.000143788
-4.62211e-05
0.000157756
-3.9779e-05
0.000161653
-2.21559e-05
0.000149465
5.53883e-06
0.00012961
5.59122e-05
0.000106299
0.00016585
0.000388133
4.72628e-06
-2.37204e-05
1.03673e-05
-2.87057e-05
1.58465e-05
-2.7831e-05
2.13467e-05
-2.78845e-05
2.70256e-05
-2.88084e-05
3.29638e-05
-3.01566e-05
3.92225e-05
-3.18319e-05
4.58775e-05
-3.38631e-05
5.30063e-05
-3.63425e-05
6.0699e-05
-3.92108e-05
6.91389e-05
-4.28295e-05
7.83841e-05
-4.68618e-05
8.85042e-05
-5.14195e-05
9.99482e-05
-5.75792e-05
0.000113479
-6.36748e-05
0.000129838
-6.63959e-05
0.000147922
-6.43056e-05
0.00015703
-4.8887e-05
0.000146927
-1.20526e-05
0.000128807
2.36589e-05
0.000104146
8.05731e-05
8.23449e-05
0.000187651
0.000470478
4.70396e-06
-2.84244e-05
1.02688e-05
-3.42706e-05
1.56765e-05
-3.32387e-05
2.1113e-05
-3.3321e-05
2.67262e-05
-3.44216e-05
3.25922e-05
-3.60226e-05
3.87702e-05
-3.80099e-05
4.53371e-05
-4.043e-05
5.23661e-05
-4.33715e-05
5.9952e-05
-4.67967e-05
6.82912e-05
-5.11686e-05
7.74383e-05
-5.6009e-05
8.74666e-05
-6.14477e-05
9.88786e-05
-6.89913e-05
0.000113053
-7.78493e-05
0.000131049
-8.43922e-05
0.000151164
-8.44204e-05
0.000143561
-4.12837e-05
0.000123503
8.00534e-06
0.000100548
4.66139e-05
7.99461e-05
0.000101175
5.57678e-05
0.000211829
0.000526246
4.68205e-06
-3.31064e-05
1.01563e-05
-3.97448e-05
1.5482e-05
-3.85645e-05
2.08473e-05
-3.86863e-05
2.63884e-05
-3.99626e-05
3.2175e-05
-4.18093e-05
3.82653e-05
-4.41001e-05
4.47345e-05
-4.68992e-05
5.16553e-05
-5.02924e-05
5.91244e-05
-5.42658e-05
6.73358e-05
-5.938e-05
7.6332e-05
-6.50051e-05
8.61899e-05
-7.13057e-05
9.74889e-05
-8.02903e-05
0.000112012
-9.23723e-05
0.000130699
-0.000103079
0.000141169
-9.48906e-05
0.000127351
-2.7466e-05
0.000103038
3.23194e-05
7.83995e-05
7.12522e-05
5.84612e-05
0.000121114
4.00717e-05
0.000230218
0.000566318
4.66073e-06
-3.77672e-05
1.00228e-05
-4.51069e-05
1.52567e-05
-4.37984e-05
2.05408e-05
-4.39704e-05
2.59978e-05
-4.54196e-05
3.1691e-05
-4.75025e-05
3.76758e-05
-5.00849e-05
4.40256e-05
-5.3249e-05
5.0807e-05
-5.70738e-05
5.81256e-05
-6.15844e-05
6.61584e-05
-6.74128e-05
7.48906e-05
-7.37373e-05
8.44174e-05
-8.08324e-05
9.55304e-05
-9.14033e-05
0.000109938
-0.00010678
0.00012883
-0.000121971
0.000128276
-9.4337e-05
0.000110811
-1.00012e-05
8.5693e-05
5.74373e-05
5.96402e-05
9.73051e-05
3.87135e-05
0.000142041
2.53637e-05
0.000243568
0.000591681
9.2985e-07
-9.2985e-07
4.62285e-06
-3.69308e-06
7.89715e-06
-3.27428e-06
1.01052e-05
-2.20804e-06
1.13048e-05
-1.19961e-06
1.17168e-05
-4.11858e-07
1.15701e-05
1.46603e-07
1.10622e-05
5.07981e-07
1.03261e-05
7.3615e-07
9.44457e-06
8.81588e-07
8.47332e-06
9.71251e-07
7.44931e-06
1.02402e-06
6.39699e-06
1.05247e-06
5.3307e-06
1.06609e-06
4.26025e-06
1.07067e-06
3.18968e-06
1.07045e-06
2.12163e-06
1.06808e-06
1.05666e-06
1.06486e-06
1.05676e-06
8.68905e-07
-1.79873e-06
4.89924e-06
-7.72347e-06
8.44709e-06
-6.82218e-06
1.07805e-05
-4.54126e-06
1.20235e-05
-2.44272e-06
1.24821e-05
-8.70282e-07
1.23944e-05
2.34303e-07
1.19013e-05
1.00124e-06
1.11327e-05
1.50478e-06
1.01904e-05
1.82402e-06
9.14317e-06
2.01852e-06
8.03592e-06
2.1311e-06
6.89781e-06
2.19095e-06
5.7454e-06
2.21823e-06
4.58975e-06
2.22654e-06
3.43526e-06
2.22477e-06
2.28443e-06
2.21895e-06
1.13616e-06
2.21274e-06
2.19303e-06
5.08519e-07
-2.30723e-06
4.87564e-06
-1.20906e-05
8.74181e-06
-1.06884e-05
1.11324e-05
-6.93166e-06
1.23046e-05
-3.61496e-06
1.26564e-05
-1.22197e-06
1.24558e-05
4.34902e-07
1.18841e-05
1.57312e-06
1.10717e-05
2.3171e-06
1.01091e-05
2.78675e-06
9.05612e-06
3.07163e-06
7.95178e-06
3.23526e-06
6.82177e-06
3.32132e-06
5.68033e-06
3.35945e-06
4.53702e-06
3.36997e-06
3.39557e-06
3.36606e-06
2.25799e-06
3.35664e-06
1.12317e-06
3.34724e-06
3.31629e-06
-1.00251e-07
-2.20698e-06
4.75844e-06
-1.69492e-05
9.21899e-06
-1.5149e-05
1.16883e-05
-9.40076e-06
1.27389e-05
-4.66567e-06
1.29586e-05
-1.44154e-06
1.26518e-05
7.41707e-07
1.20017e-05
2.22329e-06
1.11362e-05
3.18259e-06
1.01396e-05
3.78345e-06
9.06606e-06
4.14534e-06
7.95008e-06
4.35107e-06
6.81421e-06
4.45749e-06
5.67066e-06
4.50281e-06
4.52747e-06
4.51325e-06
3.38757e-06
4.50584e-06
2.25235e-06
4.49198e-06
1.12045e-06
4.47886e-06
4.4368e-06
-1.48418e-06
-7.22788e-07
4.52977e-06
-2.29632e-05
9.92905e-06
-2.05483e-05
1.24841e-05
-1.19557e-05
1.3333e-05
-5.5146e-06
1.33641e-05
-1.47252e-06
1.29191e-05
1.18672e-06
1.21716e-05
2.97087e-06
1.12399e-05
4.11426e-06
1.01997e-05
4.82371e-06
9.09838e-06
5.24684e-06
7.96522e-06
5.48403e-06
6.8192e-06
5.60373e-06
5.67023e-06
5.65164e-06
4.52456e-06
5.659e-06
3.38414e-06
5.64614e-06
2.24957e-06
5.62667e-06
1.11903e-06
5.60914e-06
5.55588e-06
-1.46926e-06
7.46492e-07
5.12316e-06
-2.95556e-05
1.10515e-05
-2.64768e-05
1.3542e-05
-1.4446e-05
1.40893e-05
-6.06186e-06
1.38629e-05
-1.24611e-06
1.32421e-05
1.80756e-06
1.23751e-05
3.838e-06
1.13636e-05
5.12587e-06
1.02711e-05
5.91618e-06
9.13656e-06
6.38158e-06
7.9829e-06
6.6375e-06
6.82474e-06
6.76205e-06
5.66928e-06
6.80702e-06
4.5207e-06
6.80767e-06
3.37971e-06
6.78702e-06
2.24599e-06
6.76048e-06
1.11716e-06
6.73774e-06
6.67306e-06
2.68437e-06
-1.93785e-06
8.30151e-06
-3.51727e-05
1.29151e-05
-3.10904e-05
1.4831e-05
-1.63618e-05
1.49781e-05
-6.20896e-06
1.44468e-05
-7.14728e-07
1.36119e-05
2.64244e-06
1.26054e-05
4.84464e-06
1.15021e-05
6.22916e-06
1.03503e-05
7.06794e-06
9.17821e-06
7.55386e-06
8.00148e-06
7.81408e-06
6.82976e-06
7.93391e-06
5.66712e-06
7.96963e-06
4.51541e-06
7.95944e-06
3.37398e-06
7.92834e-06
2.24145e-06
7.89306e-06
1.1148e-06
7.86419e-06
7.78787e-06
7.51574e-06
-9.45357e-06
1.28845e-05
-4.05415e-05
1.54708e-05
-3.36766e-05
1.63045e-05
-1.71954e-05
1.59437e-05
-5.84817e-06
1.50864e-05
1.42645e-07
1.40153e-05
3.71355e-06
1.28541e-05
6.00589e-06
1.16505e-05
7.43287e-06
1.04342e-05
8.2842e-06
9.22138e-06
8.76676e-06
8.01984e-06
9.01555e-06
6.8336e-06
9.12022e-06
5.66336e-06
9.13987e-06
4.50849e-06
9.11435e-06
3.36685e-06
9.06988e-06
2.23591e-06
9.02402e-06
1.11194e-06
8.98803e-06
8.89981e-06
9.72166e-06
-4.74888e-05
2.07772e-05
-5.61624e-05
3.15225e-05
-5.45437e-05
4.24107e-05
-5.48585e-05
5.36554e-05
-5.66643e-05
6.53562e-05
-5.92033e-05
7.76255e-05
-6.23541e-05
9.05809e-05
-6.62045e-05
0.000104396
-7.0889e-05
0.00011923
-7.64185e-05
0.000135382
-8.3565e-05
0.000152831
-9.11854e-05
0.00017244
-0.000100442
0.00019658
-0.000115543
0.00022481
-0.00013501
0.000245207
-0.000142368
0.000217212
-6.63418e-05
0.000169609
3.76014e-05
0.000119225
0.000107822
7.65346e-05
0.000139995
4.88193e-05
0.000169756
5.94581e-05
0.000232929
0.000474425
0.000176714
9.44791e-06
-5.69367e-05
1.98758e-05
-6.65903e-05
3.00544e-05
-6.47224e-05
4.04005e-05
-6.52046e-05
5.10655e-05
-6.73293e-05
6.21211e-05
-7.02589e-05
7.36553e-05
-7.38883e-05
8.5771e-05
-7.83202e-05
9.8587e-05
-8.3705e-05
0.000112248
-9.00795e-05
0.000126963
-9.82797e-05
0.000142534
-0.000106756
0.000160148
-0.000118056
0.000182058
-0.000137453
0.00020641
-0.000159362
0.000195074
-0.000131032
0.000150437
-2.17042e-05
9.9471e-05
8.85671e-05
6.34375e-05
0.000143856
4.39072e-05
0.000159526
4.10554e-05
0.000172608
7.10921e-05
0.000202893
0.000341578
0.000203939
9.09871e-06
-6.60354e-05
1.88228e-05
-7.63144e-05
2.83591e-05
-7.42588e-05
3.80859e-05
-7.49313e-05
4.80849e-05
-7.73283e-05
5.83994e-05
-8.05734e-05
6.90947e-05
-8.45836e-05
8.02477e-05
-8.94732e-05
9.19297e-05
-9.5387e-05
0.000104244
-0.000102394
0.000117287
-0.000111323
0.000130745
-0.000120214
0.000146202
-0.000133513
0.000164089
-0.00015534
0.00017429
-0.000169563
0.000146318
-0.00010306
8.97245e-05
3.48894e-05
5.13954e-05
0.000126896
3.74878e-05
0.000157764
3.56028e-05
0.000161411
4.26889e-05
0.000165522
6.67023e-05
0.00017888
0.000235
0.00017328
8.6712e-06
-7.47067e-05
1.76348e-05
-8.5278e-05
2.64779e-05
-8.31018e-05
3.55219e-05
-8.39754e-05
4.47851e-05
-8.65915e-05
5.42856e-05
-9.00739e-05
6.40672e-05
-9.43652e-05
7.41769e-05
-9.95828e-05
8.4644e-05
-0.000105854
9.55225e-05
-0.000113272
0.000106782
-0.000122583
0.0001181
-0.000131532
0.000131305
-0.000146719
0.000145035
-0.000169069
0.000144158
-0.000168686
9.4288e-05
-5.31904e-05
4.55272e-05
8.36503e-05
2.68931e-05
0.00014553
2.85536e-05
0.000156104
3.49979e-05
0.000154967
4.48005e-05
0.000155719
6.46392e-05
0.000159041
0.00017118
0.000128459
8.17374e-06
-8.28804e-05
1.63377e-05
-9.34419e-05
2.44533e-05
-9.12174e-05
3.27681e-05
-9.22902e-05
4.12461e-05
-9.50695e-05
4.98861e-05
-9.87139e-05
5.87123e-05
-0.000103191
6.77441e-05
-0.000108615
7.6976e-05
-0.000115086
8.64195e-05
-0.000122716
9.59334e-05
-0.000132097
0.000105283
-0.000140882
0.000116142
-0.000157578
0.000125202
-0.00017813
0.000104692
-0.000148176
5.08863e-05
6.15617e-07
1.9903e-05
0.000114634
1.83079e-05
0.000147125
2.66368e-05
0.000147775
3.59445e-05
0.000145659
4.7137e-05
0.000144527
6.37109e-05
0.000142467
0.000139734
9.51574e-05
7.61494e-06
-9.04953e-05
1.49578e-05
-0.000100785
2.23255e-05
-9.85851e-05
2.988e-05
-9.98448e-05
3.75426e-05
-0.000102732
4.52987e-05
-0.00010647
5.31558e-05
-0.000111049
6.11111e-05
-0.00011657
6.91341e-05
-0.000123109
7.72067e-05
-0.000130788
8.51247e-05
-0.000140015
9.28385e-05
-0.000148596
0.000101324
-0.000166063
0.000105197
-0.000182003
7.67827e-05
-0.000119761
2.85695e-05
4.88288e-05
1.17776e-05
0.000131426
1.73268e-05
0.000141576
2.64051e-05
0.000138696
3.55973e-05
0.000136467
4.59945e-05
0.00013413
5.83611e-05
0.000130101
0.000123846
7.42496e-05
7.00482e-06
-9.75001e-05
1.35211e-05
-0.000107301
2.01323e-05
-0.000105196
2.69094e-05
-0.000106622
3.37436e-05
-0.000109566
4.06119e-05
-0.000113338
4.75088e-05
-0.000117945
5.4415e-05
-0.000123476
6.12849e-05
-0.000129979
6.80831e-05
-0.000137586
7.45821e-05
-0.000146514
8.0917e-05
-0.00015493
8.7269e-05
-0.000172415
8.87145e-05
-0.000183449
4.9246e-05
-8.02929e-05
1.3011e-05
8.50638e-05
9.26878e-06
0.000135168
1.72566e-05
0.000133588
2.5268e-05
0.000130685
3.32559e-05
0.000128479
4.18872e-05
0.000125498
5.11058e-05
0.000120882
0.00011402
6.09312e-05
6.35655e-06
-0.000103857
1.20525e-05
-0.000112997
1.79075e-05
-0.000111051
2.39019e-05
-0.000112616
2.99086e-05
-0.000115573
3.58999e-05
-0.00011933
4.18609e-05
-0.000123906
4.77608e-05
-0.000129376
5.35474e-05
-0.000135766
5.91751e-05
-0.000143214
6.44204e-05
-0.000151759
6.95493e-05
-0.000160059
7.42277e-05
-0.000177093
7.335e-05
-0.000182571
2.17183e-05
-2.86613e-05
4.37877e-07
0.000106344
7.97972e-06
0.000127626
1.61718e-05
0.000125396
2.31531e-05
0.000123704
2.99729e-05
0.000121659
3.69946e-05
0.000118477
4.40929e-05
0.000113784
0.000107223
5.08899e-05
5.68298e-06
-0.00010954
1.05745e-05
-0.000117888
1.56809e-05
-0.000116158
2.08973e-05
-0.000117833
2.60883e-05
-0.000120764
3.12242e-05
-0.000124466
3.6283e-05
-0.000128965
4.1227e-05
-0.00013432
4.60027e-05
-0.000140541
5.05582e-05
-0.000147769
5.4699e-05
-0.0001559
5.87426e-05
-0.000164103
6.1942e-05
-0.000180293
5.63657e-05
-0.000176995
9.57344e-06
1.8131e-05
-5.13366e-07
0.000116432
8.33579e-06
0.000118777
1.51552e-05
0.000118577
2.10112e-05
0.000117848
2.66302e-05
0.00011604
3.21832e-05
0.000112924
3.75556e-05
0.000108411
0.000102413
4.23663e-05
4.99614e-06
-0.000114536
9.10506e-06
-0.000121997
1.3476e-05
-0.000120529
1.79269e-05
-0.000122284
2.23216e-05
-0.000125159
2.66306e-05
-0.000128775
3.08266e-05
-0.000133161
3.48692e-05
-0.000138363
3.8706e-05
-0.000144378
4.22797e-05
-0.000151343
4.5443e-05
-0.000159063
4.84283e-05
-0.000167088
5.05965e-05
-0.000182461
3.52208e-05
-0.000161619
4.26646e-06
4.90855e-05
3.97301e-06
0.000116725
9.64724e-06
0.000113103
1.46993e-05
0.000113525
1.91796e-05
0.000113368
2.3458e-05
0.000111762
2.76125e-05
0.000108769
3.15494e-05
0.000104475
9.89641e-05
3.49981e-05
4.30374e-06
-0.00011884
7.65752e-06
-0.000125351
1.13108e-05
-0.000124182
1.50138e-05
-0.000125987
1.8637e-05
-0.000128782
2.2152e-05
-0.00013229
2.55291e-05
-0.000136538
2.87294e-05
-0.000141563
3.1705e-05
-0.000147354
3.43861e-05
-0.000154024
3.66684e-05
-0.000161346
3.85267e-05
-0.000168946
4.04463e-05
-0.00018438
1.37846e-05
-0.000134957
-2.80408e-06
6.56742e-05
5.80629e-06
0.000108115
1.08934e-05
0.000108016
1.44926e-05
0.000109926
1.75418e-05
0.000110318
2.04342e-05
0.00010887
2.32898e-05
0.000105914
2.60452e-05
0.000101719
9.65104e-05
2.84991e-05
3.62262e-06
-0.000122462
6.26171e-06
-0.00012799
9.22489e-06
-0.000127145
1.22094e-05
-0.000128971
1.51004e-05
-0.000131673
1.78687e-05
-0.000135058
2.04826e-05
-0.000139152
2.29014e-05
-0.000143982
2.50838e-05
-0.000149536
2.68943e-05
-0.000155835
2.81946e-05
-0.000162646
2.86442e-05
-0.000169396
2.92371e-05
-0.000184973
6.73917e-06
-0.000112459
2.02003e-06
7.03934e-05
1.02546e-05
9.98801e-05
1.31411e-05
0.00010513
1.47751e-05
0.000108292
1.60805e-05
0.000109013
1.748e-05
0.00010747
1.91021e-05
0.000104292
2.08586e-05
9.99629e-05
9.48171e-05
2.25521e-05
2.99103e-06
-0.000125453
4.96912e-06
-0.000129968
7.29639e-06
-0.000129472
9.62148e-06
-0.000131296
1.1847e-05
-0.000133898
1.39376e-05
-0.000137148
1.58524e-05
-0.000141067
1.75332e-05
-0.000145662
1.89321e-05
-0.000150935
1.97444e-05
-0.000156647
1.95956e-05
-0.000162497
1.85127e-05
-0.000168313
1.49364e-05
-0.000181397
4.8563e-06
-0.000102379
1.25726e-05
6.26772e-05
1.7695e-05
9.47579e-05
1.70221e-05
0.000105803
1.55894e-05
0.000109725
1.46146e-05
0.000109988
1.43687e-05
0.000107716
1.48182e-05
0.000103843
1.57444e-05
9.90368e-05
9.36796e-05
1.68819e-05
2.40868e-06
-0.000127862
3.77412e-06
-0.000131334
5.53171e-06
-0.00013123
7.26212e-06
-0.000133027
8.87253e-06
-0.000135509
1.03191e-05
-0.000138595
1.15384e-05
-0.000142286
1.24453e-05
-0.000146569
1.29728e-05
-0.000151462
1.28749e-05
-0.000156549
1.15654e-05
-0.000161187
1.16726e-05
-0.00016842
1.78877e-06
-0.000171513
1.78615e-05
-0.000118452
3.69814e-05
4.35574e-05
3.04263e-05
0.000101313
2.20834e-05
0.000114146
1.62805e-05
0.000115528
1.25507e-05
0.000113718
1.06354e-05
0.000109632
1.00883e-05
0.00010439
1.04228e-05
9.87023e-05
9.28628e-05
1.12396e-05
1.77306e-06
-0.000129635
2.52808e-06
-0.000132089
3.70245e-06
-0.000132404
4.80309e-06
-0.000134127
5.73244e-06
-0.000136438
6.44669e-06
-0.000139309
6.86594e-06
-0.000142706
6.91598e-06
-0.000146619
6.50497e-06
-0.000151051
6.56514e-06
-0.000156609
8.16223e-06
-0.000162785
1.83104e-05
-0.000178569
1.99705e-05
-0.000173173
5.61249e-05
-0.000154606
7.27097e-05
2.69726e-05
4.87154e-05
0.000125307
2.69458e-05
0.000135915
1.53813e-05
0.000127092
8.83841e-06
0.000120261
5.61156e-06
0.000112858
4.49094e-06
0.00010551
4.61109e-06
9.85821e-05
9.20617e-05
5.41226e-06
8.19433e-07
-0.000130454
7.98085e-07
-0.000132067
1.14137e-06
-0.000132748
1.32795e-06
-0.000134314
1.31555e-06
-0.000136426
1.07295e-06
-0.000139067
6.46227e-07
-0.000142279
2.96765e-07
-0.00014627
1.89132e-07
-0.000150944
3.69525e-06
-0.000160116
1.68236e-05
-0.000175913
3.66148e-05
-0.00019836
6.18929e-05
-0.000198452
6.56929e-05
-0.000158406
9.90794e-05
-6.41387e-06
5.89188e-05
0.000165468
2.61789e-05
0.000168655
1.00534e-05
0.000143218
1.96878e-06
0.000128345
-1.41984e-06
0.000116247
-2.35458e-06
0.000106445
-1.90237e-06
9.81299e-05
9.09004e-05
-7.41035e-07
-8.91554e-07
-0.000129563
-2.58773e-06
-0.000130371
-3.85936e-06
-0.000131476
-5.36203e-06
-0.000132811
-6.80939e-06
-0.000134979
-8.2468e-06
-0.000137629
-9.14443e-06
-0.000141381
-7.84584e-06
-0.000147568
-1.05932e-06
-0.00015773
1.63142e-05
-0.000177489
5.04321e-05
-0.000210031
6.31319e-05
-0.00021106
7.22551e-05
-0.000207575
5.58533e-05
-0.000142005
7.55671e-05
-2.61277e-05
3.95983e-05
0.000201437
1.08173e-05
0.000197436
-4.08483e-06
0.00015812
-9.64154e-06
0.000133902
-1.12145e-05
0.00011782
-1.07337e-05
0.000105964
-9.21633e-06
9.66125e-05
8.89328e-05
-7.24867e-06
-2.96434e-06
-0.000126598
-6.54369e-06
-0.000126792
-9.47414e-06
-0.000128545
-1.20178e-05
-0.000130268
-1.36758e-05
-0.00013332
-1.42251e-05
-0.00013708
-1.22179e-05
-0.000143388
-6.51712e-06
-0.000153269
3.97777e-06
-0.000168225
2.22352e-05
-0.000195746
4.63735e-05
-0.000234169
6.82139e-05
-0.0002329
5.08614e-05
-0.000190222
9.19075e-06
-0.000100334
-1.85642e-05
1.62724e-06
-2.21883e-05
0.000205061
-2.62902e-05
0.000201538
-2.7e-05
0.00015883
-2.57535e-05
0.000132656
-2.33293e-05
0.000115396
-2.02884e-05
0.000102923
-1.70754e-05
9.33995e-05
8.57962e-05
-1.39387e-05
-3.68822e-06
-0.00012291
-6.90534e-06
-0.000123575
-1.02349e-05
-0.000125216
-1.3384e-05
-0.000127119
-1.64093e-05
-0.000130295
-1.85689e-05
-0.00013492
-2.00268e-05
-0.000141931
-2.14384e-05
-0.000151858
-2.15437e-05
-0.00016812
-2.02468e-05
-0.000197044
-2.2343e-05
-0.000232072
-2.1917e-05
-0.000233326
-3.94607e-05
-0.000172678
-6.88117e-05
-7.09831e-05
-0.000106366
3.91816e-05
-9.50092e-05
0.000193704
-7.02721e-05
0.000176801
-5.44666e-05
0.000143024
-4.41792e-05
0.000122368
-3.64869e-05
0.000107703
-3.02335e-05
9.66699e-05
-2.49792e-05
8.81452e-05
8.12926e-05
-2.04757e-05
-4.38431e-06
-0.000118526
-8.09244e-06
-0.000119867
-1.22862e-05
-0.000121022
-1.64856e-05
-0.000122919
-2.1024e-05
-0.000125757
-2.60627e-05
-0.000129881
-3.23299e-05
-0.000135663
-4.06249e-05
-0.000143563
-5.27201e-05
-0.000156025
-7.26057e-05
-0.000177158
-0.000103246
-0.000201432
-0.000132223
-0.00020435
-0.000147051
-0.00015785
-0.000162448
-5.55864e-05
-0.000186765
6.34982e-05
-0.000149009
0.000155948
-0.000104479
0.000132271
-7.7838e-05
0.000116383
-6.05835e-05
0.000105114
-4.84118e-05
9.55315e-05
-3.93178e-05
8.7576e-05
-3.21984e-05
8.10257e-05
7.5511e-05
-2.64168e-05
-4.68116e-06
-0.000113845
-9.21258e-06
-0.000115335
-1.40472e-05
-0.000116187
-1.92053e-05
-0.000117761
-2.49662e-05
-0.000119996
-3.17546e-05
-0.000123093
-4.0298e-05
-0.00012712
-5.1672e-05
-0.000132189
-6.88617e-05
-0.000138835
-9.75896e-05
-0.00014843
-0.000139263
-0.000159759
-0.000185137
-0.000158476
-0.000222442
-0.000120545
-0.000236973
-4.10555e-05
-0.000221474
4.79994e-05
-0.000162427
9.69007e-05
-0.000118598
8.84422e-05
-9.09114e-05
8.86959e-05
-7.13388e-05
8.5541e-05
-5.70807e-05
8.12733e-05
-4.63705e-05
7.68657e-05
-3.80348e-05
7.26899e-05
6.88178e-05
-3.13416e-05
-5.07342e-06
-0.000108771
-1.0331e-05
-0.000110078
-1.57784e-05
-0.00011074
-2.1722e-05
-0.000111817
-2.83961e-05
-0.000113322
-3.62293e-05
-0.00011526
-4.5735e-05
-0.000117614
-5.76345e-05
-0.000120289
-7.3683e-05
-0.000122787
-9.7582e-05
-0.000124531
-0.000132899
-0.000124442
-0.000175804
-0.000115571
-0.00021087
-8.54792e-05
-0.000218646
-3.32791e-05
-0.000191592
2.09455e-05
-0.000147184
5.2492e-05
-0.000116833
5.80912e-05
-9.37494e-05
6.56123e-05
-7.57187e-05
6.75101e-05
-6.17589e-05
6.73134e-05
-5.08168e-05
6.59235e-05
-4.20878e-05
6.39609e-05
6.17173e-05
-3.49873e-05
-5.3886e-06
-0.000103383
-1.09667e-05
-0.000104499
-1.67987e-05
-0.000104908
-2.31364e-05
-0.00010548
-3.02338e-05
-0.000106224
-3.84449e-05
-0.000107049
-4.82123e-05
-0.000107847
-6.01504e-05
-0.000108351
-7.50305e-05
-0.000107907
-9.38194e-05
-0.000105742
-0.000117739
-0.000100522
-0.000145138
-8.81726e-05
-0.000166688
-6.39286e-05
-0.000170191
-2.9776e-05
-0.000152019
2.77279e-06
-0.000126547
2.70198e-05
-0.00010756
3.91041e-05
-9.01395e-05
4.8192e-05
-7.5303e-05
5.26736e-05
-6.29727e-05
5.4983e-05
-5.27802e-05
5.57309e-05
-4.43405e-05
5.55212e-05
5.46796e-05
-3.73028e-05
-5.57274e-06
-9.78105e-05
-1.13008e-05
-9.87717e-05
-1.73294e-05
-9.88792e-05
-2.38058e-05
-9.90034e-05
-3.09598e-05
-9.907e-05
-3.90411e-05
-9.89678e-05
-4.8366e-05
-9.85217e-05
-5.93262e-05
-9.73909e-05
-7.21908e-05
-9.50419e-05
-8.69606e-05
-9.09723e-05
-0.000103429
-8.40538e-05
-0.00011993
-7.16717e-05
-0.000131722
-5.21363e-05
-0.000133411
-2.80871e-05
-0.000125275
-5.36304e-06
-0.000110945
1.26897e-05
-9.74395e-05
2.55984e-05
-8.41719e-05
3.49242e-05
-7.22979e-05
4.07995e-05
-6.18577e-05
4.45427e-05
-5.28251e-05
4.66983e-05
-4.50646e-05
4.77606e-05
4.80293e-05
-3.84144e-05
-5.60843e-06
-9.22018e-05
-1.13504e-05
-9.30295e-05
-1.7366e-05
-9.28634e-05
-2.37654e-05
-9.2604e-05
-3.07173e-05
-9.21181e-05
-3.83922e-05
-9.12923e-05
-4.6974e-05
-8.99401e-05
-5.66106e-05
-8.77543e-05
-6.73286e-05
-8.43237e-05
-7.90792e-05
-7.92216e-05
-9.14474e-05
-7.16855e-05
-0.000102645
-6.04744e-05
-0.000109633
-4.51484e-05
-0.000110346
-2.73733e-05
-0.00010558
-1.01291e-05
-9.73261e-05
4.43528e-06
-8.77075e-05
1.59797e-05
-7.76545e-05
2.48711e-05
-6.81379e-05
3.12829e-05
-5.94039e-05
3.58086e-05
-5.15714e-05
3.88658e-05
-4.46313e-05
4.08205e-05
4.19334e-05
-3.85356e-05
-5.51359e-06
-8.66883e-05
-1.1167e-05
-8.73762e-05
-1.70145e-05
-8.70157e-05
-2.3177e-05
-8.64415e-05
-2.97595e-05
-8.55359e-05
-3.68665e-05
-8.4185e-05
-4.45906e-05
-8.22161e-05
-5.29575e-05
-7.93873e-05
-6.18676e-05
-7.54135e-05
-7.11141e-05
-6.99751e-05
-8.02236e-05
-6.2576e-05
-8.80413e-05
-5.26567e-05
-9.29009e-05
-4.02888e-05
-9.37059e-05
-2.65684e-05
-9.07807e-05
-1.30544e-05
-8.52649e-05
-1.08048e-06
-7.84343e-05
9.14904e-06
-7.09076e-05
1.73444e-05
-6.33613e-05
2.37366e-05
-5.61442e-05
2.85915e-05
-4.94512e-05
3.21727e-05
-4.33558e-05
3.4725e-05
3.64579e-05
-3.78803e-05
-5.30871e-06
-8.13794e-05
-1.07604e-05
-8.19245e-05
-1.63409e-05
-8.14354e-05
-2.2159e-05
-8.06231e-05
-2.82767e-05
-7.94183e-05
-3.47466e-05
-7.77151e-05
-4.1593e-05
-7.53697e-05
-4.87768e-05
-7.22035e-05
-5.61721e-05
-6.80183e-05
-6.3555e-05
-6.25923e-05
-7.04785e-05
-5.56525e-05
-7.61397e-05
-4.69956e-05
-7.96262e-05
-3.68024e-05
-8.04249e-05
-2.57698e-05
-7.86519e-05
-1.48274e-05
-7.49953e-05
-4.73713e-06
-6.99815e-05
4.13516e-06
-6.42708e-05
1.16336e-05
-5.83086e-05
1.77745e-05
-5.2402e-05
2.26849e-05
-4.67526e-05
2.65233e-05
-4.14743e-05
2.94467e-05
3.16143e-05
-3.66308e-05
-5.03271e-06
-7.63468e-05
-1.01853e-05
-7.67718e-05
-1.54341e-05
-7.6187e-05
-2.08443e-05
-7.52127e-05
-2.64525e-05
-7.38103e-05
-3.22755e-05
-7.18922e-05
-3.82982e-05
-6.93469e-05
-4.4454e-05
-6.60477e-05
-5.06102e-05
-6.18622e-05
-5.65511e-05
-5.66513e-05
-6.19218e-05
-5.02819e-05
-6.62034e-05
-4.2714e-05
-6.88679e-05
-3.4138e-05
-6.963e-05
-2.50077e-05
-6.85581e-05
-1.58993e-05
-6.60021e-05
-7.29327e-06
-6.23424e-05
4.75447e-07
-5.79782e-05
7.26939e-06
-5.32565e-05
1.30528e-05
-4.84363e-05
1.78648e-05
-4.37021e-05
2.17891e-05
-3.91763e-05
2.49209e-05
2.73787e-05
-3.49406e-05
-4.71531e-06
-7.16315e-05
-9.50896e-06
-7.19782e-05
-1.438e-05
-7.13159e-05
-1.93495e-05
-7.02432e-05
-2.44353e-05
-6.87247e-05
-2.96321e-05
-6.66955e-05
-3.49045e-05
-6.40745e-05
-4.01771e-05
-6.07751e-05
-4.53261e-05
-5.67133e-05
-5.01654e-05
-5.18121e-05
-5.44265e-05
-4.60208e-05
-5.77726e-05
-3.9368e-05
-5.98904e-05
-3.20203e-05
-6.06132e-05
-2.42851e-05
-5.9977e-05
-1.65356e-05
-5.81652e-05
-9.10512e-06
-5.54541e-05
-2.23565e-06
-5.20956e-05
3.91078e-06
-4.83465e-05
9.30375e-06
-4.44162e-05
1.39344e-05
-4.04649e-05
1.78378e-05
-3.66097e-05
2.10657e-05
2.37057e-05
-3.29366e-05
-4.36808e-06
-6.72635e-05
-8.77912e-06
-6.75674e-05
-1.32451e-05
-6.685e-05
-1.77625e-05
-6.5726e-05
-2.23341e-05
-6.41531e-05
-2.69422e-05
-6.20875e-05
-3.15429e-05
-5.94738e-05
-3.60621e-05
-5.62559e-05
-4.03904e-05
-5.23851e-05
-4.43765e-05
-4.7826e-05
-4.7824e-05
-4.25734e-05
-5.05111e-05
-3.6681e-05
-5.22447e-05
-3.02867e-05
-5.29231e-05
-2.36068e-05
-5.25631e-05
-1.68956e-05
-5.12738e-05
-1.03945e-05
-4.92358e-05
-4.27375e-06
-4.66323e-05
1.30732e-06
-4.36452e-05
6.31666e-06
-4.04402e-05
1.07294e-05
-3.71512e-05
1.45488e-05
-3.38831e-05
1.77976e-05
2.05413e-05
-3.07187e-05
-3.99751e-06
-6.32661e-05
-8.02005e-06
-6.35449e-05
-1.20707e-05
-6.27994e-05
-1.61399e-05
-6.16569e-05
-2.02186e-05
-6.00743e-05
-2.42826e-05
-5.80236e-05
-2.82866e-05
-5.547e-05
-3.21625e-05
-5.238e-05
-3.58178e-05
-4.87298e-05
-3.91334e-05
-4.45105e-05
-4.19668e-05
-3.974e-05
-4.41697e-05
-3.44781e-05
-4.56191e-05
-2.88374e-05
-4.62495e-05
-2.29765e-05
-4.60681e-05
-1.70771e-05
-4.51483e-05
-1.13144e-05
-4.35937e-05
-5.82843e-06
-4.15694e-05
-7.16972e-07
-3.91807e-05
3.92796e-06
-3.65654e-05
8.11414e-06
-3.38331e-05
1.18164e-05
-3.10739e-05
1.50385e-05
1.78302e-05
-2.83628e-05
-3.61047e-06
-5.96555e-05
-7.2451e-06
-5.99104e-05
-1.08835e-05
-5.91611e-05
-1.4518e-05
-5.80224e-05
-1.81318e-05
-5.64605e-05
-2.16977e-05
-5.44579e-05
-2.51726e-05
-5.19951e-05
-2.84969e-05
-4.90557e-05
-3.15941e-05
-4.56325e-05
-3.43722e-05
-4.17325e-05
-3.6728e-05
-3.73842e-05
-3.85601e-05
-3.26461e-05
-3.97873e-05
-2.76102e-05
-4.03669e-05
-2.23969e-05
-4.03036e-05
-1.71404e-05
-3.96457e-05
-1.19722e-05
-3.84663e-05
-7.00783e-06
-3.68696e-05
-2.31367e-06
-3.49555e-05
2.01377e-06
-3.28213e-05
5.97992e-06
-3.0556e-05
9.55105e-06
-2.82356e-05
1.27181e-05
1.55198e-05
-2.59252e-05
-3.21902e-06
-5.64364e-05
-6.46781e-06
-5.66618e-05
-9.70451e-06
-5.59244e-05
-1.29224e-05
-5.48046e-05
-1.61009e-05
-5.32821e-05
-1.9212e-05
-5.13469e-05
-2.22165e-05
-4.89906e-05
-2.50635e-05
-4.62087e-05
-2.76913e-05
-4.30047e-05
-3.00291e-05
-3.93947e-05
-3.20019e-05
-3.54114e-05
-3.3539e-05
-3.1109e-05
-3.45859e-05
-2.65634e-05
-3.51142e-05
-2.18686e-05
-3.51269e-05
-1.71277e-05
-3.46562e-05
-1.24429e-05
-3.37584e-05
-7.90566e-06
-3.24927e-05
-3.5794e-06
-3.09595e-05
4.80625e-07
-2.92193e-05
4.23964e-06
-2.73462e-05
7.67792e-06
-2.54036e-05
1.07755e-05
1.35621e-05
-2.34459e-05
-2.83457e-06
-5.36019e-05
-5.70241e-06
-5.3794e-05
-8.55111e-06
-5.30758e-05
-1.1372e-05
-5.19839e-05
-1.41433e-05
-5.05108e-05
-1.68378e-05
-4.86523e-05
-1.94209e-05
-4.64075e-05
-2.18501e-05
-4.37795e-05
-2.40761e-05
-4.07788e-05
-2.60446e-05
-3.74262e-05
-2.77008e-05
-3.37553e-05
-2.89946e-05
-2.98151e-05
-2.98887e-05
-2.56693e-05
-3.03639e-05
-2.13933e-05
-3.04226e-05
-1.7069e-05
-3.00881e-05
-1.27773e-05
-2.94015e-05
-8.59223e-06
-2.84068e-05
-4.57411e-06
-2.71779e-05
-7.48338e-07
-2.57593e-05
2.82105e-06
-2.42163e-05
6.13494e-06
-2.25994e-05
9.15862e-06
1.1915e-05
-2.09524e-05
-2.46386e-06
-5.11381e-05
-4.96004e-06
-5.12979e-05
-7.43551e-06
-5.06003e-05
-9.87847e-06
-4.9541e-05
-1.22678e-05
-4.81215e-05
-1.45784e-05
-4.63417e-05
-1.67803e-05
-4.42057e-05
-1.88385e-05
-4.17214e-05
-2.07139e-05
-3.89035e-05
-2.23652e-05
-3.5775e-05
-2.37518e-05
-3.23687e-05
-2.48383e-05
-2.87287e-05
-2.55984e-05
-2.49092e-05
-2.60193e-05
-2.09724e-05
-2.61034e-05
-1.69849e-05
-2.58682e-05
-1.30125e-05
-2.53438e-05
-9.11657e-06
-2.45671e-05
-5.35089e-06
-2.35783e-05
-1.73716e-06
-2.24309e-05
1.67372e-06
-2.11691e-05
4.87312e-06
-1.98346e-05
7.82418e-06
1.05424e-05
-1.8462e-05
-2.10956e-06
-4.90286e-05
-4.24617e-06
-4.91612e-05
-6.36298e-06
-4.84836e-05
-8.44585e-06
-4.74582e-05
-1.04754e-05
-4.60919e-05
-1.24294e-05
-4.43877e-05
-1.42825e-05
-4.23526e-05
-1.60063e-05
-3.99978e-05
-1.757e-05
-3.73399e-05
-1.89424e-05
-3.44027e-05
-2.00934e-05
-3.12177e-05
-2.09975e-05
-2.78245e-05
-2.16365e-05
-2.42701e-05
-2.20019e-05
-2.0607e-05
-2.2096e-05
-1.68907e-05
-2.19322e-05
-1.31763e-05
-2.1533e-05
-9.51581e-06
-2.09283e-05
-5.95556e-06
-2.01405e-05
-2.52493e-06
-1.92222e-05
7.55411e-07
-1.82014e-05
3.85232e-06
-1.71135e-05
6.73631e-06
9.41384e-06
-1.59851e-05
-1.77045e-06
-4.72582e-05
-3.56011e-06
-4.73716e-05
-5.33168e-06
-4.6712e-05
-7.07039e-06
-4.57194e-05
-8.75926e-06
-4.4403e-05
-1.03793e-05
-4.27677e-05
-1.19097e-05
-4.08223e-05
-1.33277e-05
-3.85798e-05
-1.46096e-05
-3.6058e-05
-1.57316e-05
-3.32807e-05
-1.66717e-05
-3.02776e-05
-1.74116e-05
-2.70846e-05
-1.79386e-05
-2.37432e-05
-1.8247e-05
-2.02986e-05
-1.83393e-05
-1.67984e-05
-1.82259e-05
-1.32898e-05
-1.79239e-05
-9.8178e-06
-1.74561e-05
-6.42336e-06
-1.68425e-05
-3.1385e-06
-1.61194e-05
3.23707e-08
-1.53059e-05
3.0388e-06
-1.44354e-05
5.86579e-06
8.5046e-06
-1.35262e-05
-1.44342e-06
-4.58148e-05
-2.89803e-06
-4.59169e-05
-4.33662e-06
-4.52733e-05
-5.74519e-06
-4.43107e-05
-7.10955e-06
-4.30386e-05
-8.41421e-06
-4.1463e-05
-9.64253e-06
-3.9594e-05
-1.07769e-05
-3.74454e-05
-1.17993e-05
-3.50357e-05
-1.26921e-05
-3.23879e-05
-1.34393e-05
-2.95304e-05
-1.4028e-05
-2.6496e-05
-1.44493e-05
-2.33219e-05
-1.46997e-05
-2.00481e-05
-1.47818e-05
-1.67163e-05
-1.47035e-05
-1.33681e-05
-1.44782e-05
-1.0043e-05
-1.41237e-05
-6.77789e-06
-1.3658e-05
-3.60427e-06
-1.30983e-05
-5.27284e-07
-1.24709e-05
2.41136e-06
-1.17961e-05
5.1909e-06
7.7954e-06
-1.10869e-05
-1.12353e-06
-4.46912e-05
-2.25582e-06
-4.47844e-05
-3.37415e-06
-4.41548e-05
-4.46618e-06
-4.32186e-05
-5.52078e-06
-4.19839e-05
-6.52595e-06
-4.04578e-05
-7.46904e-06
-3.86509e-05
-8.3369e-06
-3.65775e-05
-9.11638e-06
-3.42562e-05
-9.79489e-06
-3.17095e-05
-1.03612e-05
-2.89641e-05
-1.08066e-05
-2.60507e-05
-1.11253e-05
-2.30031e-05
-1.13154e-05
-1.98578e-05
-1.13795e-05
-1.66523e-05
-1.13239e-05
-1.34237e-05
-1.1159e-05
-1.02079e-05
-1.08986e-05
-7.03841e-06
-1.05577e-05
-3.94513e-06
-1.01448e-05
-9.40262e-07
-9.68499e-06
1.95157e-06
-9.18944e-06
4.69534e-06
7.27189e-06
-8.66593e-06
-7.99443e-07
-4.38917e-05
-1.6209e-06
-4.39628e-05
-2.42929e-06
-4.33464e-05
-3.21567e-06
-4.24322e-05
-3.97253e-06
-4.1227e-05
-4.69156e-06
-3.97387e-05
-5.36385e-06
-3.79785e-05
-5.98014e-06
-3.59613e-05
-6.53119e-06
-3.37052e-05
-7.00835e-06
-3.12324e-05
-7.40411e-06
-2.85683e-05
-7.7128e-06
-2.57419e-05
-7.93112e-06
-2.27848e-05
-8.05856e-06
-1.97304e-05
-8.09755e-06
-1.66133e-05
-8.05351e-06
-1.34678e-05
-7.93457e-06
-1.03269e-05
-7.75139e-06
-7.22164e-06
-7.51652e-06
-4.18005e-06
-7.24064e-06
-1.21617e-06
-6.93536e-06
1.64629e-06
-6.60839e-06
4.36838e-06
6.92457e-06
-6.26103e-06
-4.59708e-07
-4.34319e-05
-9.669e-07
-4.34556e-05
-1.46147e-06
-4.28518e-05
-1.93936e-06
-4.19543e-05
-2.39794e-06
-4.07684e-05
-2.83323e-06
-3.93034e-05
-3.24017e-06
-3.75716e-05
-3.61313e-06
-3.55884e-05
-3.94634e-06
-3.33721e-05
-4.23428e-06
-3.09445e-05
-4.47216e-06
-2.83305e-05
-4.65634e-06
-2.55577e-05
-4.78471e-06
-2.26563e-05
-4.85697e-06
-1.96581e-05
-4.87481e-06
-1.65954e-05
-4.84202e-06
-1.35006e-05
-4.76465e-06
-1.04044e-05
-4.65119e-06
-7.33516e-06
-4.51341e-06
-4.31786e-06
-4.35974e-06
-1.36984e-06
-4.2063e-06
1.49286e-06
-4.04634e-06
4.20846e-06
6.75014e-06
-3.87185e-06
-1.24247e-07
-3.02546e-07
-4.66514e-07
-6.22455e-07
-7.71913e-07
-9.14386e-07
-1.04851e-06
-1.1725e-06
-1.28441e-06
-1.38229e-06
-1.46434e-06
-1.52904e-06
-1.57532e-06
-1.60268e-06
-1.61129e-06
-1.60219e-06
-1.57751e-06
-1.54114e-06
-1.50037e-06
-1.46277e-06
-1.43525e-06
-1.40213e-06
-1.36203e-06
1.92075e-05
0.000157507
-4.45218e-05
6.37295e-05
-5.67593e-05
1.22377e-05
-1.62777e-05
-4.04813e-05
0.000209045
0.000152401
0.000178702
9.40725e-05
0.000149716
4.12233e-05
4.89414e-06
0.000128544
0.000219077
0.000106604
0.000231176
8.19737e-05
0.000220725
5.16746e-05
2.64214e-05
0.000199198
0.000159343
7.57201e-05
0.000176242
6.50745e-05
0.000176605
5.13119e-05
3.85286e-05
0.000164497
0.000109452
6.14255e-05
0.00011881
5.57169e-05
0.000121294
4.88273e-05
4.18715e-05
0.000117951
8.11231e-05
5.45521e-05
8.61126e-05
5.07275e-05
8.85974e-05
4.63426e-05
4.18358e-05
8.86332e-05
6.50322e-05
5.04513e-05
6.81735e-05
4.75862e-05
7.00898e-05
4.44263e-05
4.12037e-05
7.07219e-05
5.35849e-05
4.77563e-05
5.56848e-05
4.54864e-05
5.70579e-05
4.30533e-05
4.05924e-05
5.76691e-05
4.42354e-05
4.58873e-05
4.57155e-05
4.40063e-05
4.67364e-05
4.20325e-05
4.00507e-05
4.72781e-05
3.63436e-05
4.45418e-05
3.74291e-05
4.29208e-05
3.82136e-05
4.1248e-05
3.95761e-05
3.86882e-05
2.94773e-05
4.35637e-05
3.02875e-05
4.21106e-05
3.09037e-05
4.06318e-05
3.91588e-05
3.1321e-05
2.32673e-05
4.28485e-05
2.38864e-05
4.14916e-05
2.43885e-05
4.01298e-05
3.87791e-05
2.47683e-05
1.74225e-05
4.23079e-05
1.7923e-05
4.09911e-05
1.83638e-05
3.96891e-05
3.84058e-05
1.87371e-05
1.16989e-05
4.18486e-05
1.216e-05
4.05301e-05
1.26028e-05
3.92464e-05
3.7993e-05
1.30157e-05
5.90343e-06
4.13575e-05
6.42126e-06
4.00123e-05
6.94493e-06
3.87227e-05
3.7479e-05
7.45901e-06
-8.09412e-08
4.06975e-05
6.0777e-07
3.93236e-05
1.30481e-06
3.80257e-05
3.67904e-05
1.99335e-06
-6.26762e-06
3.97164e-05
-5.2875e-06
3.83435e-05
-4.32261e-06
3.70608e-05
3.58527e-05
-3.38495e-06
-1.25129e-05
3.82906e-05
-1.11444e-05
3.6975e-05
-9.83551e-06
3.57519e-05
3.4604e-05
-8.58677e-06
-1.85468e-05
3.63617e-05
-1.67476e-05
3.51758e-05
-1.50649e-05
3.40692e-05
3.3029e-05
-1.34899e-05
-2.40221e-05
3.3967e-05
-2.18241e-05
3.29778e-05
-1.97969e-05
3.2042e-05
3.11581e-05
-1.7926e-05
-2.86061e-05
3.12314e-05
-2.61097e-05
3.04814e-05
-2.38219e-05
2.97542e-05
2.90616e-05
-2.17255e-05
-3.20814e-05
2.83255e-05
-2.94247e-05
2.78247e-05
-2.69905e-05
2.732e-05
2.68321e-05
-2.47609e-05
-3.43915e-05
2.54141e-05
-3.17123e-05
2.51455e-05
-2.92466e-05
2.48542e-05
2.45634e-05
-2.69779e-05
-3.56217e-05
2.26214e-05
-3.30289e-05
2.25526e-05
-3.06252e-05
2.24505e-05
2.2335e-05
-2.83968e-05
-3.59357e-05
2.00214e-05
-3.34995e-05
2.01163e-05
-3.12219e-05
2.0173e-05
2.02054e-05
-2.90922e-05
-3.55103e-05
1.76514e-05
-3.32695e-05
1.78755e-05
-3.11565e-05
1.80601e-05
1.82125e-05
-2.91636e-05
-3.45046e-05
1.55253e-05
-3.2477e-05
1.58479e-05
-3.05487e-05
1.61319e-05
1.63788e-05
-2.8715e-05
-3.3057e-05
1.36418e-05
-3.12458e-05
1.40368e-05
-2.95093e-05
1.43954e-05
1.47146e-05
-2.7845e-05
-3.1284e-05
1.19892e-05
-2.96827e-05
1.24356e-05
-2.81357e-05
1.28485e-05
1.32213e-05
-2.66423e-05
-2.928e-05
1.05505e-05
-2.7876e-05
1.10317e-05
-2.651e-05
1.14826e-05
1.18941e-05
-2.51828e-05
-2.71183e-05
9.30601e-06
-2.58962e-05
9.80963e-06
-2.46995e-05
1.0286e-05
1.07247e-05
-2.353e-05
-2.4855e-05
8.23583e-06
-2.37982e-05
8.75281e-06
-2.27574e-05
9.2452e-06
9.70228e-06
-2.1735e-05
-2.25311e-05
7.32102e-06
-2.16234e-05
7.84501e-06
-2.07249e-05
8.34665e-06
8.81569e-06
-1.98383e-05
-2.01759e-05
6.54447e-06
-1.94022e-05
7.07121e-06
-1.86329e-05
7.57733e-06
8.0538e-06
-1.78711e-05
-1.7809e-05
5.89137e-06
-1.71561e-05
6.41816e-06
-1.65044e-05
6.92554e-06
7.40626e-06
-1.5857e-05
-1.54431e-05
5.34931e-06
-1.48996e-05
5.87456e-06
-1.43554e-05
6.38116e-06
6.86394e-06
-1.38131e-05
-1.30853e-05
4.90825e-06
-1.26419e-05
5.43114e-06
-1.21966e-05
5.93575e-06
6.41907e-06
-1.17518e-05
-1.07391e-05
4.5604e-06
-1.03886e-05
5.08059e-06
-1.00354e-05
5.58257e-06
6.06528e-06
-9.68161e-06
-8.4055e-06
4.29999e-06
-8.14233e-06
4.81744e-06
-7.87623e-06
5.3165e-06
5.79765e-06
-7.60855e-06
-6.08414e-06
4.12316e-06
-5.90456e-06
4.63793e-06
-5.72195e-06
5.13395e-06
5.61262e-06
-5.53686e-06
-3.77691e-06
4.02827e-06
-3.67932e-06
4.54039e-06
-3.57855e-06
5.03323e-06
5.50824e-06
-3.47413e-06
-1.33679e-06
-1.31016e-06
-1.28182e-06
-1.25125e-06
1.90732e-05
-6.9008e-05
4.12573e-05
-6.27255e-05
4.32146e-05
-3.56339e-05
4.05333e-05
-1.45141e-05
3.7464e-05
-2.77883e-06
3.44176e-05
3.18911e-06
3.13033e-05
6.82789e-06
2.828e-05
9.02921e-06
2.53649e-05
1.0348e-05
2.25478e-05
1.11013e-05
1.98186e-05
1.1496e-05
1.71668e-05
1.16673e-05
1.45831e-05
1.17039e-05
1.20581e-05
1.16649e-05
9.58264e-06
1.15898e-05
7.14703e-06
1.15054e-05
4.74177e-06
1.14293e-05
2.35666e-06
1.13731e-05
1.12565e-05
0.000102395
-4.28586e-05
7.90664e-05
-3.93968e-05
6.14847e-05
-1.80522e-05
5.01842e-05
-3.21343e-06
4.30557e-05
4.34964e-06
3.76386e-05
8.60629e-06
3.32156e-05
1.12509e-05
2.94058e-05
1.2839e-05
2.60052e-05
1.37488e-05
2.28852e-05
1.42212e-05
1.9968e-05
1.44133e-05
1.7203e-05
1.44323e-05
1.45556e-05
1.43514e-05
1.2e-05
1.42205e-05
9.51598e-06
1.40738e-05
7.08662e-06
1.39347e-05
4.697e-06
1.38189e-05
2.33325e-06
1.37368e-05
1.35897e-05
0.000138244
1.80955e-05
9.47618e-05
4.0851e-06
6.9897e-05
6.81266e-06
5.58218e-05
1.08618e-05
4.66075e-05
1.35639e-05
3.98446e-05
1.53692e-05
3.45449e-05
1.65507e-05
3.01665e-05
1.72175e-05
2.63962e-05
1.75191e-05
2.30414e-05
1.7576e-05
1.99802e-05
1.74746e-05
1.71327e-05
1.72798e-05
1.44446e-05
1.70395e-05
1.18768e-05
1.67883e-05
9.39985e-06
1.65507e-05
6.9904e-06
1.63441e-05
4.62897e-06
1.61803e-05
2.29831e-06
1.60674e-05
1.5888e-05
0.000123967
5.86262e-05
9.20322e-05
3.60198e-05
7.13337e-05
2.75112e-05
5.76928e-05
2.45028e-05
4.80159e-05
2.32408e-05
4.07626e-05
2.26225e-05
3.50719e-05
2.22414e-05
3.04065e-05
2.18829e-05
2.64365e-05
2.14891e-05
2.29521e-05
2.10604e-05
1.98148e-05
2.06119e-05
1.69307e-05
2.01638e-05
1.42345e-05
1.97357e-05
1.16787e-05
1.93439e-05
9.22805e-06
1.90013e-05
6.85455e-06
1.87175e-05
4.53539e-06
1.84994e-05
2.25079e-06
1.83519e-05
1.81388e-05
0.000100833
7.57448e-05
8.25349e-05
5.43177e-05
6.76257e-05
4.24204e-05
5.61738e-05
3.59547e-05
4.73237e-05
3.20909e-05
4.03527e-05
2.95935e-05
3.47285e-05
2.78657e-05
3.0058e-05
2.65534e-05
2.60687e-05
2.54783e-05
2.25729e-05
2.45562e-05
1.94389e-05
2.37459e-05
1.65731e-05
2.30295e-05
1.39081e-05
2.24006e-05
1.1394e-05
2.1858e-05
8.99255e-06
2.14027e-05
6.67383e-06
2.10362e-05
4.41316e-06
2.07601e-05
2.18934e-06
2.05757e-05
2.03281e-05
8.21861e-05
8.21919e-05
7.18719e-05
6.46319e-05
6.15554e-05
5.27368e-05
5.25875e-05
4.49226e-05
4.50763e-05
3.9602e-05
3.88233e-05
3.58465e-05
3.35875e-05
3.31015e-05
2.91387e-05
3.10021e-05
2.52886e-05
2.93285e-05
2.18922e-05
2.79526e-05
1.88399e-05
2.67982e-05
1.6049e-05
2.58204e-05
1.3457e-05
2.49925e-05
1.1016e-05
2.42989e-05
8.68873e-06
2.37299e-05
6.44515e-06
2.32797e-05
4.26042e-06
2.29447e-05
2.11308e-06
2.2723e-05
2.24411e-05
6.79531e-05
8.49608e-05
6.18218e-05
7.07631e-05
5.47441e-05
5.98144e-05
4.7949e-05
5.17177e-05
4.18339e-05
4.57172e-05
3.64681e-05
4.12123e-05
3.17991e-05
3.77705e-05
2.77236e-05
3.50775e-05
2.41319e-05
3.29202e-05
2.0926e-05
3.11584e-05
1.80242e-05
2.97e-05
1.53601e-05
2.84844e-05
1.28809e-05
2.74717e-05
1.05441e-05
2.66355e-05
8.31581e-06
2.59582e-05
6.16789e-06
2.54276e-05
4.07674e-06
2.50358e-05
2.02181e-06
2.47778e-05
2.44628e-05
5.64381e-05
8.61917e-05
5.27278e-05
7.44734e-05
4.79073e-05
6.46349e-05
4.28622e-05
5.67628e-05
3.802e-05
5.05593e-05
3.35592e-05
4.5673e-05
2.95298e-05
4.17998e-05
2.59122e-05
3.8695e-05
2.26575e-05
3.61749e-05
1.9709e-05
3.41069e-05
1.70122e-05
3.23967e-05
1.45187e-05
3.09778e-05
1.21872e-05
2.98031e-05
9.9829e-06
2.88398e-05
7.87664e-06
2.80643e-05
5.84381e-06
2.74604e-05
3.86318e-06
2.70163e-05
1.91601e-06
2.67249e-05
2.63788e-05
4.68417e-05
8.66281e-05
4.46159e-05
7.66992e-05
4.1363e-05
6.78878e-05
3.76789e-05
6.04469e-05
3.39295e-05
5.43086e-05
3.03156e-05
4.92868e-05
2.69319e-05
4.51835e-05
2.3807e-05
4.18199e-05
2.09332e-05
3.90487e-05
1.82856e-05
3.67544e-05
1.58332e-05
3.4849e-05
1.35442e-05
3.32667e-05
1.1389e-05
3.19583e-05
9.34104e-06
3.08877e-05
7.37709e-06
3.00282e-05
5.47678e-06
2.93606e-05
3.62208e-06
2.88709e-05
1.79679e-06
2.85501e-05
2.81755e-05
3.86781e-05
8.66383e-05
3.73861e-05
7.79912e-05
3.52296e-05
7.00442e-05
3.25922e-05
6.30842e-05
2.97551e-05
5.71457e-05
2.68997e-05
5.21421e-05
2.41312e-05
4.7952e-05
2.15008e-05
4.44502e-05
1.90258e-05
4.15236e-05
1.67035e-05
3.90766e-05
1.45209e-05
3.70316e-05
1.24603e-05
3.53272e-05
1.05029e-05
3.39156e-05
8.63035e-06
3.27602e-05
6.82537e-06
3.18331e-05
5.07231e-06
3.11136e-05
3.35684e-06
3.05863e-05
1.66579e-06
3.0241e-05
2.98413e-05
3.15567e-05
8.64026e-05
3.0884e-05
7.86639e-05
2.95178e-05
7.14104e-05
2.76941e-05
6.49079e-05
2.56142e-05
5.92255e-05
2.34256e-05
5.43307e-05
2.12257e-05
5.01518e-05
1.90726e-05
4.66031e-05
1.69965e-05
4.35997e-05
1.50088e-05
4.10643e-05
1.31096e-05
3.89307e-05
1.12925e-05
3.71442e-05
9.54785e-06
3.56603e-05
7.86451e-06
3.44435e-05
6.23125e-06
3.34663e-05
4.63712e-06
3.27076e-05
3.07166e-06
3.21517e-05
1.525e-06
3.17876e-05
3.13662e-05
2.51789e-05
8.59919e-05
2.49567e-05
7.88861e-05
2.41916e-05
7.21755e-05
2.30188e-05
6.60807e-05
2.15744e-05
6.06699e-05
1.99702e-05
5.59349e-05
1.82887e-05
5.18332e-05
1.65863e-05
4.83055e-05
1.48981e-05
4.52878e-05
1.32439e-05
4.27184e-05
1.16327e-05
4.0542e-05
1.00665e-05
3.87104e-05
8.54316e-06
3.71836e-05
7.05808e-06
3.59285e-05
5.60537e-06
3.4919e-05
4.1786e-06
3.41344e-05
2.7712e-06
3.3559e-05
1.3767e-06
3.3182e-05
3.27429e-05
1.93229e-05
8.54062e-05
1.94743e-05
7.87347e-05
1.92014e-05
7.24484e-05
1.8572e-05
6.671e-05
1.76729e-05
6.1569e-05
1.65848e-05
5.70229e-05
1.53745e-05
5.30435e-05
1.40926e-05
4.95874e-05
1.27752e-05
4.66052e-05
1.14462e-05
4.40474e-05
1.01205e-05
4.18676e-05
8.80654e-06
4.00244e-05
7.508e-06
3.84821e-05
6.22572e-06
3.72108e-05
4.95862e-06
3.61861e-05
3.70447e-06
3.53885e-05
2.46041e-06
3.48031e-05
1.22327e-06
3.44191e-05
3.39662e-05
1.3828e-05
8.45939e-05
1.43359e-05
7.82268e-05
1.45008e-05
7.22836e-05
1.43482e-05
6.68626e-05
1.39302e-05
6.19869e-05
1.33043e-05
5.76488e-05
1.25233e-05
5.38244e-05
1.16318e-05
5.04789e-05
1.06646e-05
4.75724e-05
9.64795e-06
4.50641e-05
8.60052e-06
4.2915e-05
7.53519e-06
4.10897e-05
6.46044e-06
3.95568e-05
5.38158e-06
3.82896e-05
4.30172e-06
3.72659e-05
3.2224e-06
3.64678e-05
2.1442e-06
3.58813e-05
1.06713e-06
3.54962e-05
3.50333e-05
8.58671e-06
8.34662e-05
9.47163e-06
7.73419e-05
1.00555e-05
7.16998e-05
1.03414e-05
6.65766e-05
1.036e-05
6.19682e-05
1.01539e-05
5.78549e-05
9.76608e-06
5.42122e-05
9.23595e-06
5.1009e-05
8.59719e-06
4.82112e-05
7.87704e-06
4.57843e-05
7.09681e-06
4.36953e-05
6.27277e-06
4.19138e-05
5.41714e-06
4.04125e-05
4.53895e-06
3.91678e-05
3.64484e-06
3.81601e-05
2.73975e-06
3.73729e-05
1.82735e-06
3.67937e-05
9.10599e-07
3.6413e-05
3.5944e-05
3.54316e-06
8.19164e-05
4.84426e-06
7.60408e-05
5.84832e-06
7.06957e-05
6.55193e-06
6.5873e-05
6.9747e-06
6.15454e-05
7.15442e-06
5.76752e-05
7.12787e-06
5.42388e-05
6.93156e-06
5.12054e-05
6.59865e-06
4.85441e-05
6.15717e-06
4.62258e-05
5.63042e-06
4.42221e-05
5.03737e-06
4.25068e-05
4.3932e-06
4.10566e-05
3.70999e-06
3.98511e-05
2.99744e-06
3.88726e-05
2.26341e-06
3.8107e-05
1.51435e-06
3.75428e-05
7.55897e-07
3.71715e-05
3.66999e-05
-1.33507e-06
7.98665e-05
4.37905e-07
7.42678e-05
1.87747e-06
6.92561e-05
2.98834e-06
6.47621e-05
3.78822e-06
6.07455e-05
4.32504e-06
5.71383e-05
4.63038e-06
5.39334e-05
4.74092e-06
5.10949e-05
4.69078e-06
4.85943e-05
4.50864e-06
4.6408e-05
4.21958e-06
4.45112e-05
3.84484e-06
4.28816e-05
3.40199e-06
4.14995e-05
2.90564e-06
4.03475e-05
2.36809e-06
3.94103e-05
1.79968e-06
3.86755e-05
1.20933e-06
3.81332e-05
6.05042e-07
3.77758e-05
3.73049e-05
-5.93229e-06
7.7212e-05
-3.68695e-06
7.20225e-05
-1.83827e-06
6.74075e-05
-3.59498e-07
6.32833e-05
8.12177e-07
5.95739e-05
1.68269e-06
5.62678e-05
2.2928e-06
5.33233e-05
2.68294e-06
5.07047e-05
2.89219e-06
4.83851e-05
2.94875e-06
4.63514e-05
2.87987e-06
4.45801e-05
2.70889e-06
4.30526e-05
2.45526e-06
4.17532e-05
2.13556e-06
4.06672e-05
1.76438e-06
3.97815e-05
1.35418e-06
3.90857e-05
9.15968e-07
3.85715e-05
4.59825e-07
3.8232e-05
3.77647e-05
-1.02308e-05
7.39529e-05
-7.49707e-06
6.92887e-05
-5.23311e-06
6.51435e-05
-3.38375e-06
6.1434e-05
-1.91255e-06
5.81027e-05
-7.62835e-07
5.51181e-05
1.19877e-07
5.24406e-05
7.70716e-07
5.00539e-05
1.21777e-06
4.7938e-05
1.49186e-06
4.60773e-05
1.62423e-06
4.44477e-05
1.6411e-06
4.30357e-05
1.56304e-06
4.18313e-05
1.40798e-06
4.08224e-05
1.19288e-06
3.99967e-05
9.31826e-07
3.93468e-05
6.37501e-07
3.88658e-05
3.21735e-07
3.85477e-05
3.80865e-05
-1.41066e-05
7.01336e-05
-1.0929e-05
6.61112e-05
-8.29511e-06
6.25096e-05
-6.1287e-06
5.92676e-05
-4.36697e-06
5.63409e-05
-2.9512e-06
5.37023e-05
-1.83452e-06
5.1324e-05
-9.71541e-07
4.9191e-05
-3.25774e-07
4.72923e-05
1.43748e-07
4.56078e-05
4.61311e-07
4.41302e-05
6.50299e-07
4.28468e-05
7.33566e-07
4.17481e-05
7.2962e-07
4.08263e-05
6.59077e-07
4.00672e-05
5.36747e-07
3.94692e-05
3.76718e-07
3.90258e-05
1.91773e-07
3.87326e-05
3.82782e-05
-1.7456e-05
6.58642e-05
-1.39155e-05
6.25706e-05
-1.09769e-05
5.95711e-05
-8.54386e-06
5.68345e-05
-6.54106e-06
5.43381e-05
-4.90397e-06
5.20652e-05
-3.58092e-06
5.00009e-05
-2.52722e-06
4.81373e-05
-1.70034e-06
4.64654e-05
-1.06623e-06
4.49737e-05
-5.93862e-07
4.36578e-05
-2.57799e-07
4.25107e-05
-3.43783e-08
4.15246e-05
1.03544e-07
4.06884e-05
1.66321e-07
4.00044e-05
1.71895e-07
3.94635e-05
1.35918e-07
3.90618e-05
6.9891e-08
3.87986e-05
3.83481e-05
-2.01967e-05
6.12999e-05
-1.6402e-05
5.8776e-05
-1.32397e-05
5.64088e-05
-1.06048e-05
5.41996e-05
-8.41469e-06
5.2148e-05
-6.60235e-06
5.02529e-05
-5.11293e-06
4.85115e-05
-3.8991e-06
4.69235e-05
-2.91993e-06
4.54862e-05
-2.14119e-06
4.4195e-05
-1.53186e-06
4.30484e-05
-1.06374e-06
4.20425e-05
-7.11081e-07
4.11719e-05
-4.56483e-07
4.04337e-05
-2.78325e-07
3.98262e-05
-1.58937e-07
3.93441e-05
-8.30259e-08
3.89858e-05
-4.36848e-08
3.87592e-05
3.83043e-05
-2.2288e-05
5.661e-05
-1.83606e-05
5.48486e-05
-1.50648e-05
5.3113e-05
-1.22972e-05
5.1432e-05
-9.97587e-06
4.98266e-05
-8.03431e-06
4.83113e-05
-6.41798e-06
4.68951e-05
-5.07966e-06
4.55852e-05
-3.97883e-06
4.43854e-05
-3.08109e-06
4.32972e-05
-2.35526e-06
4.23226e-05
-1.77412e-06
4.14613e-05
-1.31382e-06
4.07115e-05
-9.53203e-07
4.0073e-05
-6.71527e-07
3.95444e-05
-4.51419e-07
3.91239e-05
-2.76079e-07
3.88103e-05
-1.45538e-07
3.86286e-05
3.81587e-05
-2.3736e-05
5.19492e-05
-1.97916e-05
5.09042e-05
-1.64502e-05
4.97715e-05
-1.36189e-05
4.86007e-05
-1.12224e-05
4.74301e-05
-9.19814e-06
4.62871e-05
-7.49373e-06
4.51908e-05
-6.06437e-06
4.41558e-05
-4.87096e-06
4.3192e-05
-3.87995e-06
4.23061e-05
-3.06114e-06
4.15037e-05
-2.38784e-06
4.07879e-05
-1.83642e-06
4.016e-05
-1.38553e-06
3.9622e-05
-1.01526e-06
3.9174e-05
-7.07627e-07
3.88161e-05
-4.46104e-07
3.85487e-05
-2.31785e-07
3.84141e-05
3.79269e-05
-2.45834e-05
4.74405e-05
-2.07201e-05
4.70409e-05
-1.74115e-05
4.64629e-05
-1.45801e-05
4.57693e-05
-1.21606e-05
4.50106e-05
-1.00974e-05
4.42238e-05
-8.34255e-06
4.3436e-05
-6.85447e-06
4.26677e-05
-5.59667e-06
4.19342e-05
-4.53722e-06
4.12466e-05
-3.64741e-06
4.06138e-05
-2.90159e-06
4.0042e-05
-2.27687e-06
3.95351e-05
-1.75213e-06
3.90971e-05
-1.3081e-06
3.87298e-05
-9.26881e-07
3.84347e-05
-5.92136e-07
3.82138e-05
-3.03306e-07
3.81252e-05
3.76235e-05
-2.48947e-05
4.31716e-05
-2.11884e-05
4.33346e-05
-1.7977e-05
4.32516e-05
-1.52003e-05
4.29926e-05
-1.28045e-05
4.26149e-05
-1.07422e-05
4.21615e-05
-8.97139e-06
4.16651e-05
-7.45477e-06
4.11511e-05
-6.15918e-06
4.06385e-05
-5.05497e-06
4.01423e-05
-4.11539e-06
3.96741e-05
-3.31601e-06
3.92425e-05
-2.63519e-06
3.88542e-05
-2.0525e-06
3.85143e-05
-1.54938e-06
3.82266e-05
-1.10832e-06
3.79935e-05
-7.1333e-07
3.78187e-05
-3.61202e-07
3.77729e-05
3.72622e-05
-2.47429e-05
3.91996e-05
-2.12479e-05
3.98397e-05
-1.81837e-05
4.01874e-05
-1.55061e-05
4.0315e-05
-1.31733e-05
4.02822e-05
-1.11468e-05
4.01349e-05
-9.39088e-06
3.99092e-05
-7.87321e-06
3.96334e-05
-6.56433e-06
3.93296e-05
-5.43737e-06
3.90153e-05
-4.46781e-06
3.87045e-05
-3.63319e-06
3.84078e-05
-2.91287e-06
3.81338e-05
-2.28768e-06
3.7889e-05
-1.7397e-06
3.76785e-05
-1.25225e-06
3.7506e-05
-8.09775e-07
3.73761e-05
-4.06488e-07
3.73695e-05
3.68557e-05
-2.42018e-05
3.55565e-05
-2.09536e-05
3.65915e-05
-1.80722e-05
3.73061e-05
-1.5528e-05
3.77708e-05
-1.32903e-05
3.80444e-05
-1.13287e-05
3.81734e-05
-9.61443e-06
3.81949e-05
-8.12002e-06
3.81389e-05
-6.81997e-06
3.80294e-05
-5.6905e-06
3.78858e-05
-4.70953e-06
3.77234e-05
-3.85655e-06
3.75547e-05
-3.11242e-06
3.73896e-05
-2.45927e-06
3.72358e-05
-1.88029e-06
3.70994e-05
-1.35952e-06
3.69851e-05
-8.8203e-07
3.68985e-05
-4.39804e-07
3.69272e-05
3.64158e-05
-2.33408e-05
3.22551e-05
-2.03593e-05
3.36102e-05
-1.76845e-05
3.46313e-05
-1.52985e-05
3.53849e-05
-1.31805e-05
3.59263e-05
-1.13077e-05
3.63006e-05
-9.65743e-06
3.65446e-05
-8.20726e-06
3.66887e-05
-6.93556e-06
3.67577e-05
-5.82172e-06
3.67719e-05
-4.8462e-06
3.67479e-05
-3.99056e-06
3.6699e-05
-3.23735e-06
3.66363e-05
-2.57008e-06
3.65685e-05
-1.97311e-06
3.65024e-05
-1.43147e-06
3.64434e-05
-9.30967e-07
3.63979e-05
-4.61703e-07
3.64578e-05
3.59541e-05
-2.22221e-05
2.92944e-05
-1.95155e-05
3.09037e-05
-1.70609e-05
3.21768e-05
-1.485e-05
3.3174e-05
-1.28698e-05
3.39461e-05
-1.11043e-05
3.45351e-05
-9.53638e-06
3.49766e-05
-8.14813e-06
3.53004e-05
-6.92167e-06
3.55312e-05
-5.83948e-06
3.56897e-05
-4.88455e-06
3.57929e-05
-4.04055e-06
3.5855e-05
-3.29178e-06
3.58875e-05
-2.62324e-06
3.58999e-05
-2.02054e-06
3.58997e-05
-1.46981e-06
3.58926e-05
-9.57712e-07
3.58857e-05
-4.72801e-07
3.59728e-05
3.54813e-05
-2.08997e-05
2.66642e-05
-1.84676e-05
2.84716e-05
-1.62392e-05
2.99484e-05
-1.42134e-05
3.11482e-05
-1.23836e-05
3.21162e-05
-1.07393e-05
3.28908e-05
-9.26823e-06
3.35055e-05
-7.95646e-06
3.39886e-05
-6.78957e-06
3.43643e-05
-5.75293e-06
3.4653e-05
-4.83198e-06
3.4872e-05
-4.01245e-06
3.50355e-05
-3.28043e-06
3.51555e-05
-2.62243e-06
3.52419e-05
-2.02537e-06
3.53026e-05
-1.47653e-06
3.53438e-05
-9.63563e-07
3.53727e-05
-4.73765e-07
3.5483e-05
3.50075e-05
-1.94193e-05
2.43485e-05
-1.7255e-05
2.63073e-05
-1.52532e-05
2.79466e-05
-1.34175e-05
2.93125e-05
-1.1746e-05
3.04447e-05
-1.0233e-05
3.13777e-05
-8.86981e-06
3.21423e-05
-7.64623e-06
3.2765e-05
-6.55084e-06
3.32689e-05
-5.57163e-06
3.36738e-05
-4.69633e-06
3.39967e-05
-3.91266e-06
3.42518e-05
-3.20844e-06
3.44513e-05
-2.57169e-06
3.46052e-05
-1.99067e-06
3.47216e-05
-1.45388e-06
3.4807e-05
-9.4997e-07
3.48688e-05
-4.65329e-07
3.49983e-05
3.45422e-05
-1.78183e-05
2.23285e-05
-1.59117e-05
2.44007e-05
-1.41327e-05
2.61675e-05
-1.24881e-05
2.76679e-05
-1.09794e-05
2.89361e-05
-9.60432e-06
3.00026e-05
-8.35739e-06
3.08953e-05
-7.23123e-06
3.16388e-05
-6.21708e-06
3.22547e-05
-5.30528e-06
3.2762e-05
-4.48567e-06
3.3177e-05
-3.74781e-06
3.3514e-05
-3.08119e-06
3.37847e-05
-2.4753e-06
3.39993e-05
-1.91975e-06
3.41661e-05
-1.40425e-06
3.42915e-05
-9.18502e-07
3.43831e-05
-4.48268e-07
3.45281e-05
3.4094e-05
-1.6127e-05
2.05843e-05
-1.4466e-05
2.27397e-05
-1.29035e-05
2.46049e-05
-1.14483e-05
2.62127e-05
-1.01043e-05
2.7592e-05
-8.87126e-06
2.87696e-05
-7.74644e-06
2.97705e-05
-6.72475e-06
3.06171e-05
-5.79966e-06
3.13296e-05
-4.96355e-06
3.19258e-05
-4.20812e-06
3.24216e-05
-3.52467e-06
3.28305e-05
-2.90423e-06
3.31643e-05
-2.33772e-06
3.34328e-05
-1.81605e-06
3.36444e-05
-1.33015e-06
3.38057e-05
-8.70807e-07
3.39238e-05
-4.23393e-07
3.40808e-05
3.36706e-05
-1.43695e-05
1.90967e-05
-1.29412e-05
2.13114e-05
-1.15878e-05
2.32515e-05
-1.03186e-05
2.49435e-05
-9.13883e-06
2.64122e-05
-8.05014e-06
2.76809e-05
-7.05141e-06
2.87717e-05
-6.13946e-06
2.97051e-05
-5.30956e-06
3.04996e-05
-4.55586e-06
3.11721e-05
-3.87173e-06
3.17375e-05
-3.24999e-06
3.22088e-05
-2.68314e-06
3.25974e-05
-2.16345e-06
3.29132e-05
-1.68308e-06
3.31641e-05
-1.23417e-06
3.33568e-05
-8.08584e-07
3.34983e-05
-3.91534e-07
3.36638e-05
3.32791e-05
-1.25643e-05
1.78478e-05
-1.13564e-05
2.01034e-05
-1.02039e-05
2.2099e-05
-9.11634e-06
2.3856e-05
-8.09943e-06
2.53953e-05
-7.15582e-06
2.67373e-05
-6.28568e-06
2.79015e-05
-5.48725e-06
2.89066e-05
-4.75726e-06
2.97696e-05
-4.09136e-06
3.05062e-05
-3.48434e-06
3.11304e-05
-2.93045e-06
3.16549e-05
-2.42348e-06
3.20905e-05
-1.95701e-06
3.24467e-05
-1.52439e-06
3.27315e-05
-1.11892e-06
3.29514e-05
-7.33558e-07
3.3113e-05
-3.53536e-07
3.32839e-05
3.29256e-05
-1.07259e-05
1.68219e-05
-9.72684e-06
1.91043e-05
-8.76752e-06
2.11397e-05
-7.85683e-06
2.29454e-05
-7.00052e-06
2.4539e-05
-6.20177e-06
2.59385e-05
-5.46158e-06
2.71613e-05
-4.77925e-06
2.82242e-05
-4.1527e-06
2.9143e-05
-3.57879e-06
2.99322e-05
-3.05358e-06
3.06052e-05
-2.57255e-06
3.11738e-05
-2.13074e-06
3.16486e-05
-1.72288e-06
3.20388e-05
-1.3435e-06
3.23522e-05
-9.8702e-07
3.2595e-05
-6.47469e-07
3.27735e-05
-3.10248e-07
3.29467e-05
3.26154e-05
-8.86542e-06
1.60058e-05
-8.06513e-06
1.83041e-05
-7.29177e-06
2.03664e-05
-6.55321e-06
2.22068e-05
-5.85488e-06
2.38407e-05
-5.20009e-06
2.52837e-05
-4.59039e-06
2.65516e-05
-4.02582e-06
2.76596e-05
-3.50523e-06
2.86223e-05
-3.02649e-06
2.94534e-05
-2.58677e-06
3.01654e-05
-2.18264e-06
3.07696e-05
-1.81025e-06
3.12762e-05
-1.46547e-06
3.1694e-05
-1.14391e-06
3.20306e-05
-8.41071e-07
3.22922e-05
-5.52049e-07
3.24846e-05
-2.62532e-07
3.26573e-05
3.2353e-05
-6.99141e-06
1.53887e-05
-6.3815e-06
1.76942e-05
-5.78778e-06
1.97727e-05
-5.21695e-06
2.1636e-05
-4.67386e-06
2.32976e-05
-4.16178e-06
2.47716e-05
-3.6825e-06
2.60723e-05
-3.23661e-06
2.72137e-05
-2.82366e-06
2.82093e-05
-2.44241e-06
2.90721e-05
-2.09093e-06
2.98139e-05
-1.76681e-06
3.04455e-05
-1.46723e-06
3.09766e-05
-1.18908e-06
3.14159e-05
-9.29035e-07
3.17706e-05
-6.83631e-07
3.20468e-05
-4.49024e-07
3.225e-05
-2.11284e-07
3.24197e-05
3.21417e-05
-5.11074e-06
1.49626e-05
-4.68446e-06
1.7268e-05
-4.26503e-06
1.93533e-05
-3.85798e-06
2.1229e-05
-3.46752e-06
2.29072e-05
-3.09667e-06
2.44008e-05
-2.74732e-06
2.57229e-05
-2.42044e-06
2.68867e-05
-2.11616e-06
2.7905e-05
-1.83394e-06
2.87898e-05
-1.57269e-06
2.95526e-05
-1.33088e-06
3.02036e-05
-1.10664e-06
3.07523e-05
-8.97834e-07
3.1207e-05
-7.02152e-07
3.15749e-05
-5.17147e-07
3.18618e-05
-3.40054e-07
3.2073e-05
-1.5751e-07
3.22372e-05
3.19842e-05
-3.2343e-06
1.47228e-05
-2.98711e-06
1.70209e-05
-2.73811e-06
1.91043e-05
-2.49174e-06
2.09826e-05
-2.25156e-06
2.2667e-05
-2.02028e-06
2.41695e-05
-1.79985e-06
2.55025e-05
-1.59151e-06
2.66784e-05
-1.39588e-06
2.77094e-05
-1.21308e-06
2.8607e-05
-1.04276e-06
2.93822e-05
-8.84226e-07
3.0045e-05
-7.36511e-07
3.06046e-05
-5.98412e-07
3.10689e-05
-4.68574e-07
3.14451e-05
-3.45565e-07
3.17388e-05
-2.27773e-07
3.19552e-05
-1.02908e-07
3.21123e-05
3.18813e-05
-1.18094e-06
-1.10425e-06
-1.02353e-06
-9.40804e-07
-8.57761e-07
-7.75805e-07
-6.96041e-07
-6.19291e-07
-5.46112e-07
-4.7682e-07
-4.11525e-07
-3.50158e-07
-2.92504e-07
-2.38232e-07
-1.8693e-07
-1.38139e-07
-9.12464e-08
-4.01427e-08
)
;

boundaryField
{
    leftWall
    {
        type            calculated;
        value           uniform 0;
    }
    rightWall
    {
        type            calculated;
        value           uniform 0;
    }
    lowerWall
    {
        type            calculated;
        value           uniform 0;
    }
    atmosphere
    {
        type            calculated;
        value           nonuniform List<scalar> 
46
(
-4.33076e-05
-4.32773e-05
-4.26878e-05
-4.17984e-05
-4.0619e-05
-3.91609e-05
-3.74375e-05
-3.54644e-05
-3.32602e-05
-3.08466e-05
-2.82484e-05
-2.5493e-05
-2.261e-05
-1.96307e-05
-1.65868e-05
-1.35097e-05
-1.04291e-05
-7.37155e-06
-4.35864e-06
-1.40744e-06
1.46536e-06
4.17537e-06
6.71009e-06
4.00307e-06
4.51379e-06
5.00493e-06
5.47768e-06
1.46525e-05
1.69442e-05
1.90236e-05
2.08999e-05
2.2584e-05
2.40875e-05
2.54227e-05
2.66016e-05
2.76362e-05
2.85377e-05
2.93169e-05
2.99837e-05
3.05469e-05
3.10147e-05
3.13938e-05
3.16901e-05
3.19084e-05
3.20613e-05
3.18412e-05
)
;
    }
    defaultFaces
    {
        type            empty;
    }
}


// ************************************************************************* //
