/*--------------------------------*- C++ -*----------------------------------*\
  =========                 |
  \\      /  F ield         | OpenFOAM: The Open Source CFD Toolbox
   \\    /   O peration     | Website:  https://openfoam.org
    \\  /    A nd           | Version:  13
     \\/     M anipulation  |
\*---------------------------------------------------------------------------*/
FoamFile
{
    format      ascii;
    class       volScalarField;
    location    "0.1";
    object      rho;
}
// * * * * * * * * * * * * * * * * * * * * * * * * * * * * * * * * * * * * * //

dimensions      [1 -3 0 0 0 0 0];

internalField   nonuniform List<scalar> 
2268
(
1000
1000
1000
1000
1000
1000
1000
1000
1000
1000
1000
1000
1000
1000
1000
999.919
997.692
997.75
997.544
873.634
192.158
9.89443
9.72737
999.999
1000
1000
1000
1000
1000
1000
1000
1000
1000
1000
1000
1000
1000
999.974
999.98
999.975
974.864
843.825
578.882
148.031
10.4117
9.72737
1000
1000
1000
1000
1000
1000
1000
1000
1000
1000
1000
1000
1000
1000
1000
1000
999.99
871.2
361.543
51.9315
71.6618
36.1952
10.4117
1000
1000
1000
1000
1000
1000
1000
1000
1000
1000
1000
1000
1000
1000
1000
1000
968.04
575.132
89.2815
6.85745
13.6836
32.6676
29.7191
1000
1000
1000
1000
1000
1000
1000
1000
1000
1000
1000
1000
1000
1000
1000
999.994
750.005
177.003
8.35711
3.43112
2.40609
10.604
22.3725
1000
1000
1000
1000
1000
1000
1000
1000
1000
1000
1000
1000
1000
1000
1000
949.751
380.175
16.5002
3.75807
2.12212
1.58877
2.08895
8.27721
1000
1000
1000
1000
1000
1000
1000
1000
1000
1000
1000
1000
1000
1000
999.999
755.689
109.998
5.21723
2.14767
1.42136
1.26125
1.37373
2.96206
1000
1000
1000
1000
1000
1000
1000
1000
1000
1000
1000
1000
1000
1000
999.984
502.492
19.428
2.69467
1.3983
1.09112
1.07979
1.08504
1.54436
1
1
1
1
1
1
1
1
1
1
1
1
1
1
1
1
1
1
1
1
1
1
1
1
1
1
1
1
1
1
1
1
1
1
1
1
1
1
1
1
1
1
1
1
1
1
1
1
1
1
1
1
1
1
1
1
1
1
1
1
1
1
1
1
1
1
1
1
1
1
1
1
1
1
1
1
1
1
1
1
1
1
1
1
1
1
1
1
1
1
1
1
1
1
1
1
1
1
1
1
1
1
1
1
1
1
1
1
1
1
1
1
1
1
1
1
1
1
1
1
1
1
1
1
1
1
1
1
1
1
1
1
1
1
1
1
1
1
1
1
1
1
1
1
1
1
1
1
1
1
1
1
1000
1000
1000
1000
1000
1000
1000
1000
1000
1000
1000
1000
1000
1000
896.22
198.575
4.31326
1.52958
1.17174
1.03071
1.01389
1.01602
1.06162
1000
1000
1000
1000
1000
1000
1000
1000
1000
1000
1000
1000
1000
1000
554.503
17.286
1.66337
1.16337
1.03037
1.0077
1.00181
1.00094
1.00626
1000
1000
1000
1000
1000
1000
1000
1000
1000
1000
1000
1000
1000
957.842
227.307
2.68018
1.18775
1.05787
1.00802
1.00193
1.00034
1.00015
1.00092
1000
1000
1000
1000
1000
1000
1000
1000
1000
1000
1000
1000
1000
768.502
71.6284
1.55623
1.15751
1.02634
1.00374
1.00048
1.00009
1.00004
1.00016
1000
1000
1000
1000
1000
1000
1000
1000
1000
1000
1000
1000
1000
547.93
12.2113
1.16587
1.10122
1.01171
1.00135
1.00014
1.00002
1.00001
1.00002
1000
1000
1000
1000
1000
1000
1000
1000
1000
1000
1000
1000
1000
337.89
1.99384
1.21771
1.04624
1.00418
1.00035
1.00004
1.00001
1
1
1000
1000
1000
1000
1000
1000
1000
1000
1000
1000
1000
1000
933.287
200.522
1.64857
1.21475
1.01988
1.00134
1.00009
1.00001
1
1
1
1000
1000
1000
1000
1000
1000
1000
1000
1000
1000
1000
1000
846.33
111.036
1.2006
1.10962
1.00712
1.00042
1.00003
1
1
1
1
1000
1000
1000
1000
1000
1000
1000
1000
1000
1000
1000
1000
745.576
52.9127
1.1628
1.03879
1.00233
1.00014
1.00001
1
1
1
1
1000
1000
1000
1000
1000
1000
1000
999.999
1000
999.999
1000
1000
626.379
19.0451
1.27549
1.01864
1.00088
1.00005
1
1
1
1
1
999.999
999.999
999.999
999.999
999.999
999.999
999.999
999.998
999.998
999.997
1000
1000
480.643
3.73538
1.19025
1.00632
1.00032
1.00002
1
1
1
1
1
999.996
999.996
999.996
999.996
999.995
999.994
999.993
999.992
999.99
999.988
999.997
999.995
325.992
1.09441
1.06297
1.00222
1.0001
1.00001
1
1
1
1
1
999.979
999.977
999.976
999.975
999.972
999.968
999.964
999.957
999.949
999.933
999.965
999.945
224.531
1.1055
1.01626
1.00036
1.00001
1
1
1
1
1
1
999.878
999.867
999.863
999.852
999.834
999.81
999.777
999.729
999.662
999.545
999.586
999.405
197.65
1.28618
1.00734
1.00002
1
1
1
1
1
1
1
999.068
998.977
998.934
998.829
998.673
998.459
998.163
997.768
997.264
994.706
983.763
903.589
231.16
9.12562
1.00882
1.0004
1
1
1
1
1
1
1
867.269
858.413
850.037
835.17
814.016
786.451
750.713
706.544
654.76
560.917
452.991
232.84
192.403
32.8661
1.07092
1.00539
1.00017
1
1
1
1
1
1
168.247
159.291
150.497
136.608
118.904
98.5274
76.6451
53.9951
32.8305
3.70389
1.00002
1.00021
1.00173
35.1722
5.91092
1.00507
1.00004
1
1
1
1
1
1
1
1
1
1
1
1
1
1
1
1
1
1.00002
1.00026
5.96735
6.78487
1.01246
1.00125
1
1
1
1
1
1
1
1
1
1
1
1
1
1
1
1.00001
1.00019
1.00246
1.02305
1.03508
4.66614
1.00011
1.00004
1
1
1
1
1
1
1
1
1
1
1
1
1
1
1
1.00001
1.00015
1.00591
1.0585
1.93447
2.15143
1.00001
1
1
1
1
1
1
1
1
1
1
1
1
1
1
1
1
1
1
1.01392
1.02932
1.00005
1.00061
1
1
1
1
1
1
1
1
1
1
1
1
1
1
1
1
1
1
1
1
1
1.00001
1
1
1
1
1
1
1
1
1
1
1
1
1
1
1
1
1
1
1
1
1
1
1
1
1
1
1
1
1
1
1
1
1
1
1
1
1
1
1
1
1
1
1
1
1
1
1
1
1
1
1
1
1
1
1
1
1
1
1
1
1
1
1
1
1
1
1
1
1
1
1
1
1
1
1
1
1
1
1
1
1
1
1
1
1
1
1
1
1
1
1
1
1
1
1
1
1
1
1
1
1
1
1
1
1
1
1
1
1
1
1
1
1
1
1
1
1
1
1
1
1
1
1
1
1
1
1
1
1
1
1
1
1
1
1
1
1
1
1
1
1
1
1
1
1
1
1
1
1
1
1
1
1
1
1
1
1
1
1
1
1
1
1
1
1
1
1
1
1
1
1
1
1
1
1
1
1
1
1
1
1
1
1
1
1
1
1
1
1
1
1
1
1
1
1
1
1
1
1
1
1
1
1
1
1
1
1
1
1
1
1
1
1
1
1
1
1
1
1
1
1
1
1
1
1
1
1
1
1
1
1
1
1
1
1
1
1
1
1
1
1
1
1
1
1
1
1
1
1
1
1
1
1
1
1
1
1
1
1
1
1
1
1
1
1
1
1
1
1
1
1
1
1
1
1
1
1
1
1
1
1
1
1
1
1
1
1
1
1
1
1
1
1
1
1
1
1
1
1
1
1
1
1
1
1
1
1
1
1
1
1
1
1
1
1
1
1
1
1
1
1
1
1
1
1
1
1
1
1
1
1
1
1
1
1
1
1
1
1
1
1
1
1
1
1
1
1
1
1
1
1
1
1
1
1
1
1
1
1
1
1
1
1
1
1
1
1
1
1
1
1
1
1
1
1
1
1
1
1
1
1
1
1
1
1
1
1
1
1
1
1
1
1
1
1
1
1
1
1
1
1
1
1
1
1
1
1
1
1
1
1
1
1
1
1
1
1
1
1
1
1
1
1
1
1
1
1
1
1
1
1
1
1
1
1
1
1
1
1
1
1
1
1
1
1
1
1
1
1
1
1
1
1
1
1
1
1
1
1
1
1
1
1
1
1
1
1
1
1
1.17487
1.01111
1.00013
1.00011
1.15448
1.05772
1.0004
1.00013
1.01576
1.03568
1.01291
1.00026
1.00025
1.00095
1.00258
1.0011
1.00002
1.00004
1.00004
1.00008
1
1
1
1
1
1
1
1
1
1
1
1
1
1
1
1
1
1
1
1
1
1
1
1
1
1
1
1
1
1
1
1
1
1
1
1
1
1
1
1
1
1
1
1
1
1
1
1
1
1
1
1
1
1
1
1
1
1
1
1
1
1
1
1
1
1
1
1
1
1
1
1
1
1
1
1
1
1
1
1
1
1
1
1
1
1
1
1
1
1
1
1
1
1
1
1
1
1
1
1
1
1
1
1
1
1
1
1
1
1
1
1
1
1
1
1
1
1
1
1
1
1
1
1
1
1
1
1
1
1
1
1
1
1
1
1
1
1
1
1
1
1
1
1
1
1
1
1
1.00002
1
1
1
1
1
1
1
1
1
1
1
1
1
1
1
1
1
1
1.00002
1
1
1
1
1
1
1
1
1
1
1
1
1
1
1
1
1
1
1.00002
1
1
1
1
1
1
1
1
1
1
1
1
1
1
1
1
1
1
1.00001
1
1
1
1
1
1
1
1
1
1
1
1
1
1
1
1
1
1
1.00001
1
1
1
1
1
1
1
1
1
1
1
1
1
1
1
1
1
1
1
1
1
1
1
1
1
1
1
1
1
1
1
1
1
1
1
1
1
1
1
1
1
1
1
1
1
1
1
1
1
1
1
1
1
1
1
1
1
1
1
1
1
1
1
1
1
1
1
1
1
1
1
1
1
1
1
1
1
1
1
1
1
1
1
1
1
1
1
1
1
1
1
1
1
1
1
1
1
1
1
1
1
1
1
1
1
1
1
1
1
1
1
1
1
1
1
1
1
1
1
1
1
1
1
1
1
1
1
1
1
1
1
1
1
1
1
1
1
1
1
1
1
1
1
1
1
1
1
1
1
1
1
1
1
1
1
1
1
1
1
1
1
1
1
1
1
1
1
1
1
1
1
1
1
1
1
1
1
1
1
1
1
1
1
1
1
1
1
1
1
1
1
1
1
1
1
1
1
1
1
1
1
1
1
1
1
1
1
1
1
1
1
1
1
1
1
1
1
1
1
1
1
1
1
1
1
1
1
1
1
1
1
1
1
1
1
1
1
1
1
1
1
1
1
1
1
1
1
1
1
1
1
1
1
1
1
1
1
1
1
1
1
1
1
1
1
1
1
1
1
1
1
1
1
1
1
1
1
1
1
1
1
1
1
1
1
1
1
1
1
1
1
1
1
1
1
1
1
1
1
1
1
1
1
1
1
1
1
1
1
1
1
1
1
1
1
1
1
1
1
1
1
1
1
1
1
1
1
1
1
1
1
1
1
1
1
1
1
1
1
1
1
1
1
1
1
1
1
1
1
1
1
1
1
1
1
1
1
1
1
1
1
1
1
1
1
1
1
1
1
1
1
1
1
1
1
1
1
1
1
1
1
1
1
1
1
1
1
1
1
1
1
1
1
1
1
1
1
1
1
1
1
1
1
1
1
1
1
1
1
1
1
1
1
1
1
1
1
1
1
1
1
1
1
1
1
1
1
1
1
1
1
1
1
1
1
1
1
1
1
1
1
1
1
1
1
1
1
1
1
1
1
1
1
1
1
1
1
1
1
1
1
1
1
1
1
1
1
1
1
1
1
1
1
1
1
1
1
1
1
1
1
1
1
1
1
1
1
1
1
1
1
1
1
1
1
1
1
1
1
1
1
1
1
1
1
1
1
1
1
1
1
1
1
1
1
1
1
1
1
1
1
1
1
1
1
1
1
1
1
1
1
1
1
1
1
1
1
1
1
1
1
1
1
1
1
1
1
1
1
1
1
1
1
1
1
1
1
1
1
1
1
1
1
1
1
1
1
1
1
1
1
1
1
1
1
1
1
1
1
1
1
1
1
1
1
1
1
1
1
1
1
1
1
1
1
1
1
1
1
1
1
1
1
1
1
1
1
1
1
1
1
1
1
1
1
1
1
1
1
1
1
1
1
1
1
1
1
1
1
1
1
1
1
1
1
1
1
1
1
1
1
1
1
1
1
1
1
1
1
1
1
1
1
1
1
1
1
1
1
1
1
1
1
1
1
1
1
1
1
1
1
1
1
1
1
1
1
1
1
1
1
1
1
1
1
1
1
1
1
1
1
1
1
1
1
1
1
1
1
1
1
1
1
1
1
1
1
1
1
1
1
1
1
1
1
1
1
1
1
1
1
)
;

boundaryField
{
    leftWall
    {
        type            calculated;
        value           nonuniform List<scalar> 
50
(
1000
999.999
1000
1000
1000
1000
1000
1000
1000
1000
1000
1000
1000
1000
1000
1000
1000
1000
999.999
999.996
999.979
999.878
999.068
867.269
168.247
1
1
1
1
1
1
1
1
1
1
1
1
1
1
1
1
1
1
1
1
1
1
1
1
1
)
;
    }
    rightWall
    {
        type            calculated;
        value           uniform 1;
    }
    lowerWall
    {
        type            calculated;
        value           nonuniform List<scalar> 
62
(
1000
1000
1000
1000
1000
1000
1000
1000
1000
1000
1000
1000
1000
1000
1000
999.919
997.692
997.75
997.544
873.634
192.158
9.89443
9.72737
9.72737
9.72737
10.4117
29.7191
22.3725
8.27721
2.96206
1.54436
1.17487
1.01111
1.00013
1.00011
1
1
1
1
1
1
1
1
1
1
1
1
1
1
1
1
1
1
1
1
1
1
1
1
1
1
1
)
;
    }
    atmosphere
    {
        type            calculated;
        value           uniform 1;
    }
    defaultFaces
    {
        type            empty;
    }
}


// ************************************************************************* //
