/*--------------------------------*- C++ -*----------------------------------*\
  =========                 |
  \\      /  F ield         | OpenFOAM: The Open Source CFD Toolbox
   \\    /   O peration     | Website:  https://openfoam.org
    \\  /    A nd           | Version:  13
     \\/     M anipulation  |
\*---------------------------------------------------------------------------*/
FoamFile
{
    format      ascii;
    class       volVectorField;
    location    "0.1";
    object      U;
}
// * * * * * * * * * * * * * * * * * * * * * * * * * * * * * * * * * * * * * //

dimensions      [0 1 -1 0 0 0 0];

internalField   nonuniform List<vector> 
2268
(
(0.0266997 -0.0128032 0)
(0.0868122 -0.0157042 0)
(0.152191 -0.0151716 0)
(0.216663 -0.0151727 0)
(0.281718 -0.0156904 0)
(0.349393 -0.0164408 0)
(0.420866 -0.0173826 0)
(0.496195 -0.0184888 0)
(0.577592 -0.0199076 0)
(0.664259 -0.0215049 0)
(0.758383 -0.0232729 0)
(0.861516 -0.0253811 0)
(0.973287 -0.028522 0)
(1.09762 -0.0325451 0)
(1.23666 -0.0340212 0)
(1.37519 -0.0280204 0)
(1.48215 -0.016442 0)
(1.54278 -0.010397 0)
(1.58582 -0.0130387 0)
(1.62529 -0.00249789 0)
(1.57399 0.050843 0)
(1.18124 0.179523 0)
(0.403057 0.145147 0)
(0.0266953 -0.0383852 0)
(0.0868679 -0.0469849 0)
(0.152254 -0.0454511 0)
(0.216662 -0.0454777 0)
(0.281679 -0.0470236 0)
(0.3493 -0.0492698 0)
(0.4207 -0.0520751 0)
(0.495872 -0.0554044 0)
(0.577204 -0.0595927 0)
(0.663563 -0.0643299 0)
(0.757384 -0.0698932 0)
(0.861114 -0.076399 0)
(0.973237 -0.0849507 0)
(1.09497 -0.0956147 0)
(1.22979 -0.100216 0)
(1.37141 -0.0866424 0)
(1.50311 -0.0584027 0)
(1.61164 -0.0409644 0)
(1.6924 -0.0528263 0)
(1.77335 -0.041901 0)
(1.87128 0.1138 0)
(1.65006 0.494538 0)
(0.950348 0.661675 0)
(0.0265998 -0.0640547 0)
(0.0865713 -0.0781715 0)
(0.151644 -0.0756883 0)
(0.215655 -0.0757549 0)
(0.280329 -0.0783073 0)
(0.347588 -0.0820328 0)
(0.418586 -0.0866751 0)
(0.493256 -0.0922328 0)
(0.574109 -0.0991219 0)
(0.659828 -0.106975 0)
(0.75301 -0.116511 0)
(0.856556 -0.127367 0)
(0.968461 -0.140338 0)
(1.08874 -0.156818 0)
(1.22118 -0.166902 0)
(1.36415 -0.15531 0)
(1.51371 -0.127459 0)
(1.66958 -0.104267 0)
(1.81266 -0.0864775 0)
(1.83983 -0.0777625 0)
(1.75015 0.144011 0)
(1.66426 0.611558 0)
(1.20129 1.13425 0)
(0.0264876 -0.0897055 0)
(0.0861424 -0.109141 0)
(0.150728 -0.105744 0)
(0.214184 -0.105874 0)
(0.278368 -0.109414 0)
(0.345112 -0.11459 0)
(0.415532 -0.121033 0)
(0.489509 -0.128792 0)
(0.569646 -0.13834 0)
(0.654526 -0.149281 0)
(0.746802 -0.16283 0)
(0.849684 -0.178109 0)
(0.960926 -0.195616 0)
(1.08053 -0.218275 0)
(1.21306 -0.235375 0)
(1.36021 -0.230149 0)
(1.52673 -0.210616 0)
(1.70711 -0.189114 0)
(1.86137 -0.135143 0)
(1.86535 -0.0202291 0)
(1.54723 0.19002 0)
(1.44022 0.752301 0)
(1.22235 1.63729 0)
(0.0263569 -0.115237 0)
(0.085574 -0.139745 0)
(0.149502 -0.135465 0)
(0.212251 -0.135693 0)
(0.275804 -0.140205 0)
(0.341882 -0.146797 0)
(0.411558 -0.154993 0)
(0.484659 -0.164905 0)
(0.563896 -0.177041 0)
(0.647677 -0.191019 0)
(0.738847 -0.208563 0)
(0.840864 -0.228281 0)
(0.95123 -0.250635 0)
(1.06996 -0.280134 0)
(1.20161 -0.306625 0)
(1.35416 -0.314395 0)
(1.54348 -0.305182 0)
(1.75605 -0.258146 0)
(1.85202 -0.101527 0)
(1.60845 0.0868634 0)
(1.2784 0.38848 0)
(1.07531 0.924576 0)
(1.02497 2.22337 0)
(0.0262243 -0.140598 0)
(0.0848948 -0.169875 0)
(0.148003 -0.164738 0)
(0.209926 -0.165099 0)
(0.272739 -0.170566 0)
(0.338044 -0.178533 0)
(0.40686 -0.188425 0)
(0.478974 -0.200443 0)
(0.55721 -0.215082 0)
(0.639746 -0.232063 0)
(0.729686 -0.253601 0)
(0.830758 -0.277601 0)
(0.940467 -0.304783 0)
(1.05757 -0.341855 0)
(1.18453 -0.382025 0)
(1.34046 -0.410542 0)
(1.54764 -0.40856 0)
(1.81023 -0.26691 0)
(1.62552 -0.0115087 0)
(1.26831 0.199679 0)
(1.01535 0.526942 0)
(0.682098 1.13194 0)
(0.773364 2.79272 0)
(0.0261422 -0.166022 0)
(0.0841596 -0.199766 0)
(0.146263 -0.1938 0)
(0.207275 -0.194338 0)
(0.26928 -0.200754 0)
(0.333739 -0.210069 0)
(0.401602 -0.221625 0)
(0.472651 -0.235733 0)
(0.54978 -0.252831 0)
(0.630924 -0.272833 0)
(0.719487 -0.298462 0)
(0.819264 -0.326672 0)
(0.927806 -0.358239 0)
(1.0412 -0.402817 0)
(1.15919 -0.460876 0)
(1.31591 -0.512908 0)
(1.53778 -0.499812 0)
(1.70995 -0.187674 0)
(1.37148 0.111273 0)
(1.01711 0.324123 0)
(0.787686 0.61647 0)
(0.445358 1.23501 0)
(0.563976 3.05433 0)
(0.0261036 -0.191427 0)
(0.0833197 -0.229325 0)
(0.144217 -0.222588 0)
(0.20422 -0.223363 0)
(0.2653 -0.23073 0)
(0.328767 -0.241367 0)
(0.395493 -0.254562 0)
(0.465268 -0.270718 0)
(0.540997 -0.290268 0)
(0.620328 -0.313256 0)
(0.707078 -0.342969 0)
(0.804877 -0.375431 0)
(0.910662 -0.411317 0)
(1.01665 -0.463608 0)
(1.12395 -0.540161 0)
(1.28016 -0.61076 0)
(1.52513 -0.530134 0)
(1.52731 -0.102033 0)
(1.15927 0.236125 0)
(0.807554 0.455808 0)
(0.566041 0.719426 0)
(0.253239 1.32195 0)
(0.358931 3.17599 0)
(0.00148255 -0.0021094 0)
(0.0284352 -0.00859176 0)
(0.0722824 -0.0076205 0)
(0.104178 -0.00516384 0)
(0.123481 -0.0028208 0)
(0.132398 -0.000945169 0)
(0.133448 0.000362663 0)
(0.129448 0.00119711 0)
(0.122231 0.00172443 0)
(0.112923 0.0020622 0)
(0.102308 0.00227231 0)
(0.0908995 0.00239768 0)
(0.0790373 0.00246695 0)
(0.0669396 0.00250156 0)
(0.0547415 0.00251468 0)
(0.0425202 0.0025162 0)
(0.030313 0.00251232 0)
(0.0181436 0.00250595 0)
(0.00601755 0.0025251 0)
(-9.98467e-05 -0.00656479 0)
(0.028743 -0.0274589 0)
(0.077405 -0.0243625 0)
(0.111524 -0.0163711 0)
(0.131532 -0.00888533 0)
(0.140695 -0.00316531 0)
(0.142635 0.000910668 0)
(0.139128 0.00366282 0)
(0.131742 0.00544388 0)
(0.121851 0.00657456 0)
(0.110424 0.00726643 0)
(0.0980876 0.00766957 0)
(0.0852498 0.00788569 0)
(0.0721651 0.00798659 0)
(0.0589865 0.00801923 0)
(0.0457994 0.0080156 0)
(0.0326408 0.00799671 0)
(0.0195303 0.00797457 0)
(0.00645332 0.00789552 0)
(-0.00504917 -0.0102288 0)
(0.0242019 -0.0475542 0)
(0.0796986 -0.0421087 0)
(0.115678 -0.0277821 0)
(0.135291 -0.0147763 0)
(0.143393 -0.00521107 0)
(0.143914 0.00155144 0)
(0.139288 0.00620914 0)
(0.131237 0.00925576 0)
(0.121006 0.0111812 0)
(0.109444 0.0123507 0)
(0.0971003 0.0130242 0)
(0.0843306 0.0133798 0)
(0.0713577 0.0135393 0)
(0.0583136 0.0135852 0)
(0.045272 0.0135715 0)
(0.0322636 0.0135343 0)
(0.0193061 0.0134963 0)
(0.00637901 0.0133723 0)
(-0.014195 -0.0122523 0)
(0.0159144 -0.0699148 0)
(0.0832817 -0.0620053 0)
(0.122348 -0.0395093 0)
(0.141077 -0.0202271 0)
(0.147545 -0.00660973 0)
(0.146697 0.00278432 0)
(0.141035 0.00917288 0)
(0.132244 0.0133259 0)
(0.121527 0.0159359 0)
(0.109662 0.0175128 0)
(0.097139 0.0184134 0)
(0.0842728 0.0188827 0)
(0.0712564 0.0190864 0)
(0.0582021 0.0191377 0)
(0.0451708 0.0191104 0)
(0.0321851 0.0190539 0)
(0.0192583 0.0189991 0)
(0.00636408 0.018822 0)
(-0.0282684 -0.0074368 0)
(0.0041156 -0.0956909 0)
(0.0884392 -0.085931 0)
(0.132141 -0.0516763 0)
(0.149141 -0.0249109 0)
(0.153111 -0.00727931 0)
(0.150433 0.00458822 0)
(0.143476 0.0125559 0)
(0.133769 0.0176828 0)
(0.122438 0.0208774 0)
(0.110174 0.0227913 0)
(0.0974001 0.0238713 0)
(0.0843814 0.0244229 0)
(0.0712785 0.0246508 0)
(0.0581805 0.0246948 0)
(0.0451331 0.024646 0)
(0.0321486 0.0245652 0)
(0.019234 0.0244908 0)
(0.00635624 0.0242592 0)
(-0.0290484 0.00483395 0)
(0.00625345 -0.125482 0)
(0.0982518 -0.114082 0)
(0.145706 -0.0643308 0)
(0.159628 -0.0284222 0)
(0.160027 -0.00692556 0)
(0.154975 0.00714688 0)
(0.146411 0.0164644 0)
(0.13559 0.022394 0)
(0.123521 0.0260513 0)
(0.11078 0.0282183 0)
(0.0977066 0.0294212 0)
(0.084506 0.0300176 0)
(0.0712996 0.030245 0)
(0.0581498 0.0302654 0)
(0.0450837 0.0301846 0)
(0.0321017 0.0300731 0)
(0.0192024 0.0299754 0)
(0.00634573 0.029689 0)
(0.0317641 0.00597317 0)
(0.0535523 -0.156535 0)
(0.119989 -0.140939 0)
(0.162733 -0.0757734 0)
(0.172195 -0.0302364 0)
(0.168133 -0.00507114 0)
(0.160221 0.0106845 0)
(0.149747 0.0210103 0)
(0.137638 0.0275274 0)
(0.124727 0.0314994 0)
(0.111447 0.0338194 0)
(0.0980357 0.0350787 0)
(0.0846312 0.0356757 0)
(0.0713098 0.0358737 0)
(0.0581034 0.0358516 0)
(0.0450184 0.0357265 0)
(0.0320416 0.0355766 0)
(0.0191625 0.0354513 0)
(0.0063323 0.0351088 0)
(0.0983635 -0.00328186 0)
(0.119223 -0.191658 0)
(0.154109 -0.162679 0)
(0.182078 -0.0837311 0)
(0.185904 -0.0302892 0)
(0.1771 -0.00180502 0)
(0.165953 0.0152166 0)
(0.153366 0.0262124 0)
(0.139842 0.0330978 0)
(0.126011 0.0372374 0)
(0.112146 0.0396107 0)
(0.0983703 0.0408597 0)
(0.0847473 0.0414121 0)
(0.0713036 0.0415501 0)
(0.0580383 0.0414647 0)
(0.0449356 0.0412812 0)
(0.0319677 0.0410836 0)
(0.0191138 0.0409252 0)
(0.00631593 0.0405248 0)
(0.0258799 -0.230203 0)
(0.0815203 -0.273729 0)
(0.140242 -0.26581 0)
(0.198363 -0.267101 0)
(0.257601 -0.275925 0)
(0.319054 -0.288474 0)
(0.383468 -0.304051 0)
(0.45061 -0.323112 0)
(0.523397 -0.346264 0)
(0.598805 -0.373565 0)
(0.68154 -0.408916 0)
(0.775027 -0.447099 0)
(0.872304 -0.491206 0)
(0.95934 -0.560155 0)
(1.05689 -0.65548 0)
(1.20804 -0.711245 0)
(1.35924 -0.443056 0)
(1.15486 0.0791883 0)
(0.774339 0.454134 0)
(0.5041 0.660188 0)
(0.319025 0.870658 0)
(0.244794 1.33352 0)
(0.55284 3.08719 0)
(0.0252696 -0.282131 0)
(0.0784521 -0.332111 0)
(0.133917 -0.322659 0)
(0.189017 -0.32479 0)
(0.245293 -0.335479 0)
(0.303499 -0.350366 0)
(0.364238 -0.368828 0)
(0.427151 -0.391382 0)
(0.495247 -0.418833 0)
(0.564408 -0.451298 0)
(0.640567 -0.4932 0)
(0.727316 -0.5373 0)
(0.808638 -0.592947 0)
(0.865243 -0.687069 0)
(0.962656 -0.794962 0)
(1.11102 -0.791293 0)
(1.08198 -0.26757 0)
(0.69154 0.342937 0)
(0.397624 0.703341 0)
(0.276897 0.837297 0)
(0.188956 0.957522 0)
(0.249732 1.20301 0)
(0.670095 2.28405 0)
(0.0244667 -0.332228 0)
(0.0747746 -0.386494 0)
(0.12656 -0.375839 0)
(0.178253 -0.378944 0)
(0.231131 -0.391222 0)
(0.285598 -0.407995 0)
(0.342121 -0.428748 0)
(0.400206 -0.454077 0)
(0.462918 -0.484789 0)
(0.524867 -0.521182 0)
(0.593857 -0.567833 0)
(0.672484 -0.615071 0)
(0.730247 -0.681581 0)
(0.765991 -0.79437 0)
(0.868734 -0.889855 0)
(0.956696 -0.647428 0)
(0.720546 0.0532932 0)
(0.342539 0.608222 0)
(0.2053 0.843376 0)
(0.19229 0.889839 0)
(0.184423 0.930706 0)
(0.237313 1.03129 0)
(0.607026 1.44829 0)
(0.0234446 -0.380245 0)
(0.0705168 -0.436952 0)
(0.118331 -0.425452 0)
(0.166332 -0.429627 0)
(0.215451 -0.443233 0)
(0.265789 -0.461491 0)
(0.317691 -0.48402 0)
(0.37054 -0.511453 0)
(0.427403 -0.544532 0)
(0.481578 -0.583704 0)
(0.543503 -0.633278 0)
(0.612237 -0.681612 0)
(0.643092 -0.75866 0)
(0.676576 -0.87775 0)
(0.77319 -0.92467 0)
(0.783378 -0.47075 0)
(0.360369 0.338107 0)
(0.144687 0.76486 0)
(0.137594 0.864935 0)
(0.169135 0.861682 0)
(0.207504 0.864633 0)
(0.25875 0.892599 0)
(0.500888 1.00323 0)
(0.0222193 -0.425743 0)
(0.0657677 -0.483156 0)
(0.109414 -0.471191 0)
(0.153523 -0.476456 0)
(0.19862 -0.491088 0)
(0.244562 -0.510408 0)
(0.291599 -0.534174 0)
(0.339017 -0.563017 0)
(0.389828 -0.597556 0)
(0.436147 -0.638347 0)
(0.491669 -0.689028 0)
(0.548559 -0.736918 0)
(0.554949 -0.822961 0)
(0.598119 -0.936336 0)
(0.672027 -0.892473 0)
(0.518723 -0.116882 0)
(0.124582 0.563635 0)
(0.0742676 0.806498 0)
(0.121033 0.823934 0)
(0.166144 0.809984 0)
(0.221298 0.805013 0)
(0.282922 0.80271 0)
(0.421398 0.814556 0)
(0.0208155 -0.468373 0)
(0.0606242 -0.524964 0)
(0.09999 -0.512932 0)
(0.140083 -0.51925 0)
(0.180982 -0.534606 0)
(0.222378 -0.554598 0)
(0.264441 -0.579119 0)
(0.306405 -0.608753 0)
(0.351167 -0.643974 0)
(0.389947 -0.685417 0)
(0.439904 -0.735778 0)
(0.483405 -0.782609 0)
(0.473868 -0.875005 0)
(0.527432 -0.972257 0)
(0.571336 -0.715864 0)
(0.315997 0.151953 0)
(0.0454388 0.682425 0)
(0.0707595 0.784094 0)
(0.118949 0.771395 0)
(0.164675 0.759347 0)
(0.21789 0.750255 0)
(0.276741 0.7327 0)
(0.356498 0.705521 0)
(0.0192672 -0.507853 0)
(0.0551907 -0.562329 0)
(0.090232 -0.550624 0)
(0.126249 -0.557901 0)
(0.162859 -0.573694 0)
(0.199658 -0.594016 0)
(0.236754 -0.618868 0)
(0.273369 -0.648766 0)
(0.312231 -0.684038 0)
(0.344031 -0.725374 0)
(0.389073 -0.774435 0)
(0.418502 -0.820233 0)
(0.403662 -0.91463 0)
(0.459518 -0.986703 0)
(0.474859 -0.57604 0)
(0.117725 0.375445 0)
(0.0313501 0.731873 0)
(0.0735947 0.742935 0)
(0.114002 0.725031 0)
(0.156258 0.713426 0)
(0.201299 0.698793 0)
(0.249749 0.674173 0)
(0.301875 0.636253 0)
(0.0176045 -0.543923 0)
(0.0495644 -0.595236 0)
(0.0802999 -0.584224 0)
(0.112233 -0.592328 0)
(0.144531 -0.608296 0)
(0.17676 -0.628652 0)
(0.208979 -0.653478 0)
(0.240431 -0.683209 0)
(0.273624 -0.718044 0)
(0.299107 -0.758718 0)
(0.339587 -0.805877 0)
(0.355207 -0.850899 0)
(0.34232 -0.943906 0)
(0.393999 -0.988659 0)
(0.354486 -0.3363 0)
(-0.0444201 0.537358 0)
(0.0396127 0.715299 0)
(0.06475 0.697783 0)
(0.104806 0.684938 0)
(0.142692 0.673338 0)
(0.179854 0.656029 0)
(0.218309 0.630257 0)
(0.255869 0.593612 0)
(0.0158598 -0.576299 0)
(0.0438385 -0.623639 0)
(0.0703363 -0.613648 0)
(0.0982194 -0.622426 0)
(0.126241 -0.638346 0)
(0.153986 -0.658498 0)
(0.181475 -0.683016 0)
(0.207995 -0.712249 0)
(0.235788 -0.746298 0)
(0.255626 -0.785921 0)
(0.291649 -0.830888 0)
(0.294502 -0.875412 0)
(0.288075 -0.96449 0)
(0.330696 -0.973289 0)
(0.236112 0.0337589 0)
(-0.0728887 0.61344 0)
(0.0517857 0.664787 0)
(0.0602374 0.656386 0)
(0.0968199 0.650282 0)
(0.128364 0.639778 0)
(0.158206 0.622518 0)
(0.187939 0.597624 0)
(0.215343 0.563948 0)
(0.0140642 -0.605102 0)
(0.0380915 -0.647888 0)
(0.0604554 -0.639205 0)
(0.0843539 -0.648502 0)
(0.108178 -0.664205 0)
(0.131567 -0.683981 0)
(0.154506 -0.707996 0)
(0.176345 -0.736514 0)
(0.199039 -0.769559 0)
(0.213861 -0.807876 0)
(0.245416 -0.850576 0)
(0.237112 -0.894472 0)
(0.238934 -0.97737 0)
(0.271019 -0.926054 0)
(0.108386 0.191699 0)
(-0.0305065 0.635913 0)
(0.0526409 0.623936 0)
(0.0636155 0.624535 0)
(0.0911576 0.622438 0)
(0.114983 0.613186 0)
(0.137515 0.596684 0)
(0.159528 0.572979 0)
(0.179274 0.542079 0)
(0.0122355 -0.630725 0)
(0.0323826 -0.668485 0)
(0.0507449 -0.661332 0)
(0.0707431 -0.670972 0)
(0.0904826 -0.686291 0)
(0.109669 -0.705527 0)
(0.128263 -0.728842 0)
(0.145693 -0.756441 0)
(0.163624 -0.788288 0)
(0.174068 -0.825083 0)
(0.201141 -0.865561 0)
(0.183343 -0.908017 0)
(0.192298 -0.986826 0)
(0.212834 -0.819468 0)
(-0.0340209 0.327394 0)
(0.0138893 0.611995 0)
(0.0476495 0.595852 0)
(0.0675527 0.601659 0)
(0.0866892 0.602191 0)
(0.102443 0.593907 0)
(0.117775 0.577917 0)
(0.13302 0.555134 0)
(0.146858 0.526406 0)
(0.010416 -0.651677 0)
(0.0268562 -0.684098 0)
(0.0413875 -0.678599 0)
(0.0576202 -0.688382 0)
(0.073466 -0.703154 0)
(0.0886856 -0.721677 0)
(0.103216 -0.744097 0)
(0.116561 -0.77059 0)
(0.130048 -0.801096 0)
(0.136701 -0.836143 0)
(0.158574 -0.874489 0)
(0.131748 -0.914325 0)
(0.144077 -0.997337 0)
(0.148486 -0.662416 0)
(-0.0477728 0.378943 0)
(0.062261 0.561418 0)
(0.0586744 0.574043 0)
(0.0755145 0.587227 0)
(0.0838421 0.590185 0)
(0.0904715 0.582258 0)
(0.0984707 0.565917 0)
(0.107655 0.543145 0)
(0.11679 0.515455 0)
(0.00867471 -0.667251 0)
(0.0217666 -0.69443 0)
(0.0327253 -0.690764 0)
(0.0454858 -0.700661 0)
(0.0577883 -0.715007 0)
(0.0694101 -0.732962 0)
(0.0802488 -0.754687 0)
(0.0898305 -0.780309 0)
(0.0990196 -0.809804 0)
(0.10205 -0.842869 0)
(0.116292 -0.878321 0)
(0.0802187 -0.912953 0)
(0.0955239 -0.99879 0)
(0.0684123 -0.5784 0)
(-0.00667931 0.374074 0)
(0.118419 0.524293 0)
(0.0907105 0.566391 0)
(0.0880176 0.585809 0)
(0.0817986 0.588826 0)
(0.0778832 0.578986 0)
(0.0783398 0.560376 0)
(0.0821436 0.536059 0)
(0.0876561 0.50799 0)
(0.0069854 -0.685084 0)
(0.017083 -0.706925 0)
(0.0247508 -0.70538 0)
(0.0344324 -0.715385 0)
(0.0434884 -0.729417 0)
(0.0517369 -0.746898 0)
(0.0590173 -0.767929 0)
(0.0647436 -0.792483 0)
(0.0693481 -0.820639 0)
(0.0682564 -0.850197 0)
(0.0744813 -0.878998 0)
(0.0378418 -0.906177 0)
(0.0801235 -0.964594 0)
(-0.0299399 -0.505858 0)
(0.153198 0.317084 0)
(0.204682 0.52526 0)
(0.142708 0.587279 0)
(0.10238 0.603973 0)
(0.076903 0.601097 0)
(0.0616624 0.584744 0)
(0.0551551 0.560738 0)
(0.0547982 0.532822 0)
(0.0580286 0.502884 0)
(0.00521126 -0.701475 0)
(0.012069 -0.717259 0)
(0.0164522 -0.717602 0)
(0.0229993 -0.726853 0)
(0.0285062 -0.739376 0)
(0.0329208 -0.754859 0)
(0.0361552 -0.773108 0)
(0.0373723 -0.793872 0)
(0.0371305 -0.81721 0)
(0.0317764 -0.84028 0)
(0.0413645 -0.85938 0)
(0.0399222 -0.902518 0)
(0.147171 -0.914242 0)
(0.139638 -0.806814 0)
(0.339692 0.198995 0)
(0.356657 0.609019 0)
(0.200969 0.662843 0)
(0.107176 0.649423 0)
(0.0622878 0.6286 0)
(0.0370575 0.598816 0)
(0.0259385 0.565517 0)
(0.0237508 0.531853 0)
(0.0265893 0.498733 0)
(0.0030523 -0.689228 0)
(0.00451353 -0.699382 0)
(0.00506693 -0.701532 0)
(0.00686064 -0.709639 0)
(0.00734137 -0.72034 0)
(0.00660749 -0.733667 0)
(0.00476561 -0.749333 0)
(0.00192702 -0.767428 0)
(0.00122828 -0.787719 0)
(0.000848684 -0.817871 0)
(0.0422366 -0.857769 0)
(0.133373 -0.974077 0)
(0.24928 -0.929315 0)
(0.420519 -0.84437 0)
(0.400386 0.18262 0)
(0.474383 0.786398 0)
(0.227029 0.810714 0)
(0.0781146 0.724143 0)
(0.0263523 0.668468 0)
(-0.00204969 0.617328 0)
(-0.0123828 0.571602 0)
(-0.0125938 0.530719 0)
(-0.00761315 0.493725 0)
(0.000666772 -0.682711 0)
(-0.0106734 -0.688992 0)
(-0.016764 -0.694672 0)
(-0.0247439 -0.703635 0)
(-0.0328643 -0.716238 0)
(-0.0402949 -0.732246 0)
(-0.048215 -0.753 0)
(-0.0500591 -0.7813 0)
(-0.0333067 -0.818221 0)
(0.0177354 -0.911337 0)
(0.156782 -1.06307 0)
(0.328555 -1.15914 0)
(0.398952 -1.18338 0)
(0.368876 -0.824351 0)
(0.31865 -0.279679 0)
(0.367708 0.944812 0)
(0.125175 0.988376 0)
(-0.0111009 0.812537 0)
(-0.0415223 0.707704 0)
(-0.0606807 0.632103 0)
(-0.0613264 0.57373 0)
(-0.0548064 0.525995 0)
(-0.0447619 0.485659 0)
(-0.000291642 -0.723568 0)
(-0.0294514 -0.72623 0)
(-0.0419617 -0.734118 0)
(-0.0588939 -0.741955 0)
(-0.0707098 -0.755894 0)
(-0.0747556 -0.772959 0)
(-0.0737509 -0.799291 0)
(-0.056101 -0.843428 0)
(-0.0167162 -0.915054 0)
(0.0645238 -1.02986 0)
(0.169857 -1.23672 0)
(0.302642 -1.21041 0)
(0.48284 -1.12023 0)
(0.0026418 -0.679571 0)
(0.071542 -0.0850913 0)
(-0.174881 1.0886 0)
(-0.145357 1.08852 0)
(-0.166642 0.86278 0)
(-0.146774 0.723727 0)
(-0.136752 0.631993 0)
(-0.119187 0.565433 0)
(-0.101404 0.513902 0)
(-0.0837432 0.472277 0)
(-0.00740621 -0.687011 0)
(-0.0301882 -0.687956 0)
(-0.0453876 -0.697282 0)
(-0.0635062 -0.706585 0)
(-0.0798715 -0.723809 0)
(-0.0939503 -0.747283 0)
(-0.104082 -0.784779 0)
(-0.111362 -0.840788 0)
(-0.112455 -0.930051 0)
(-0.0966222 -1.09367 0)
(-0.113857 -1.30116 0)
(-0.138024 -1.30687 0)
(-0.103389 -1.01392 0)
(-0.413164 -0.464494 0)
(-0.241514 0.125012 0)
(-0.701443 1.13158 0)
(-0.436644 1.05537 0)
(-0.345488 0.831113 0)
(-0.267133 0.696579 0)
(-0.219486 0.606755 0)
(-0.180094 0.541394 0)
(-0.148755 0.491592 0)
(-0.122246 0.451961 0)
(-0.0119797 -0.650799 0)
(-0.0335319 -0.656226 0)
(-0.0545986 -0.663731 0)
(-0.0766264 -0.673978 0)
(-0.0997771 -0.690375 0)
(-0.124946 -0.714824 0)
(-0.154619 -0.750176 0)
(-0.191587 -0.799995 0)
(-0.238209 -0.88308 0)
(-0.309611 -1.02421 0)
(-0.446094 -1.17971 0)
(-0.661034 -1.18118 0)
(-0.833395 -0.863609 0)
(-0.819577 -0.283172 0)
(-0.838001 0.355558 0)
(-1.02495 1.0153 0)
(-0.637879 0.86705 0)
(-0.490517 0.715906 0)
(-0.369488 0.622884 0)
(-0.292288 0.553656 0)
(-0.235014 0.500236 0)
(-0.191685 0.458352 0)
(-0.157181 0.424297 0)
(-0.012745 -0.622684 0)
(-0.0369906 -0.631283 0)
(-0.0621883 -0.636493 0)
(-0.0884263 -0.646399 0)
(-0.117477 -0.660561 0)
(-0.150587 -0.680374 0)
(-0.190183 -0.70708 0)
(-0.241863 -0.74263 0)
(-0.312267 -0.793159 0)
(-0.417454 -0.873286 0)
(-0.608885 -0.971231 0)
(-0.890903 -0.970918 0)
(-1.15204 -0.72845 0)
(-1.2804 -0.233051 0)
(-1.23001 0.361522 0)
(-1.0537 0.710416 0)
(-0.715354 0.599982 0)
(-0.560411 0.560076 0)
(-0.430083 0.51996 0)
(-0.342098 0.480711 0)
(-0.275995 0.446035 0)
(-0.225521 0.416277 0)
(-0.185691 0.390435 0)
(-0.0134553 -0.604018 0)
(-0.0411974 -0.611556 0)
(-0.0694693 -0.615627 0)
(-0.0999517 -0.622718 0)
(-0.133426 -0.632809 0)
(-0.171672 -0.64629 0)
(-0.217171 -0.663322 0)
(-0.274355 -0.683409 0)
(-0.345791 -0.704849 0)
(-0.440084 -0.729586 0)
(-0.596346 -0.75625 0)
(-0.838087 -0.730065 0)
(-1.08267 -0.548793 0)
(-1.19282 -0.202163 0)
(-1.11847 0.164502 0)
(-0.906076 0.371592 0)
(-0.688242 0.379046 0)
(-0.562266 0.413212 0)
(-0.448917 0.413055 0)
(-0.365859 0.40177 0)
(-0.299923 0.386185 0)
(-0.247941 0.369466 0)
(-0.206122 0.352779 0)
(-0.0143758 -0.570964 0)
(-0.0435832 -0.577131 0)
(-0.0739916 -0.580164 0)
(-0.106532 -0.584564 0)
(-0.142218 -0.590518 0)
(-0.182688 -0.597773 0)
(-0.230316 -0.606046 0)
(-0.288316 -0.61432 0)
(-0.35823 -0.619023 0)
(-0.443715 -0.614627 0)
(-0.55991 -0.5927 0)
(-0.712717 -0.533026 0)
(-0.8609 -0.403542 0)
(-0.927732 -0.194292 0)
(-0.874761 0.0288555 0)
(-0.74516 0.175575 0)
(-0.622478 0.244476 0)
(-0.528725 0.298938 0)
(-0.440137 0.320559 0)
(-0.368639 0.328519 0)
(-0.308615 0.327777 0)
(-0.259276 0.322316 0)
(-0.218342 0.314129 0)
(-0.0145205 -0.543281 0)
(-0.0449595 -0.548772 0)
(-0.0765321 -0.550236 0)
(-0.109806 -0.552061 0)
(-0.1461 -0.554094 0)
(-0.186595 -0.555813 0)
(-0.233007 -0.556357 0)
(-0.287122 -0.553879 0)
(-0.350031 -0.545427 0)
(-0.423359 -0.528318 0)
(-0.510057 -0.495187 0)
(-0.605367 -0.426806 0)
(-0.687129 -0.308514 0)
(-0.723875 -0.155932 0)
(-0.700386 -0.010826 0)
(-0.634018 0.0937245 0)
(-0.558282 0.165127 0)
(-0.486341 0.217358 0)
(-0.418058 0.248063 0)
(-0.358441 0.266261 0)
(-0.306272 0.275163 0)
(-0.2616 0.27805 0)
(-0.223373 0.276806 0)
(-0.0146678 -0.511915 0)
(-0.0452771 -0.516965 0)
(-0.0768404 -0.516757 0)
(-0.109902 -0.516328 0)
(-0.145513 -0.515057 0)
(-0.184555 -0.512337 0)
(-0.228098 -0.507165 0)
(-0.276814 -0.497785 0)
(-0.330936 -0.481536 0)
(-0.39133 -0.4555 0)
(-0.458536 -0.41529 0)
(-0.525756 -0.353489 0)
(-0.576671 -0.264847 0)
(-0.596665 -0.156352 0)
(-0.58352 -0.0480387 0)
(-0.54621 0.0418111 0)
(-0.49685 0.108051 0)
(-0.443257 0.157479 0)
(-0.390362 0.191604 0)
(-0.341293 0.214804 0)
(-0.296799 0.229561 0)
(-0.257367 0.238177 0)
(-0.222693 0.242209 0)
(-0.0147136 -0.482232 0)
(-0.0446518 -0.486474 0)
(-0.0753617 -0.48495 0)
(-0.107519 -0.482618 0)
(-0.141557 -0.478763 0)
(-0.178186 -0.472735 0)
(-0.217979 -0.463529 0)
(-0.261117 -0.449692 0)
(-0.307445 -0.429428 0)
(-0.356625 -0.400712 0)
(-0.40733 -0.360191 0)
(-0.454739 -0.30352 0)
(-0.48994 -0.2304 0)
(-0.504806 -0.148023 0)
(-0.497863 -0.0668674 0)
(-0.474006 0.00518691 0)
(-0.440039 0.0644873 0)
(-0.400825 0.111226 0)
(-0.359975 0.146354 0)
(-0.320149 0.172157 0)
(-0.28271 0.190496 0)
(-0.248503 0.202991 0)
(-0.217668 0.210917 0)
(-0.0143234 -0.45333 0)
(-0.0430502 -0.456557 0)
(-0.0724497 -0.45416 0)
(-0.103105 -0.450312 0)
(-0.135031 -0.444511 0)
(-0.168756 -0.436136 0)
(-0.204524 -0.424313 0)
(-0.242218 -0.407921 0)
(-0.281459 -0.385661 0)
(-0.321566 -0.356101 0)
(-0.360861 -0.317455 0)
(-0.395663 -0.268031 0)
(-0.420798 -0.208334 0)
(-0.432128 -0.142678 0)
(-0.428908 -0.0775144 0)
(-0.413667 -0.0179949 0)
(-0.389794 0.0332809 0)
(-0.360569 0.0760341 0)
(-0.328926 0.110274 0)
(-0.29685 0.136993 0)
(-0.265687 0.157324 0)
(-0.236414 0.17235 0)
(-0.209405 0.183072 0)
(-0.0135054 -0.425428 0)
(-0.0407391 -0.427865 0)
(-0.0685499 -0.424917 0)
(-0.0972371 -0.420023 0)
(-0.126756 -0.412902 0)
(-0.157405 -0.403026 0)
(-0.189238 -0.389705 0)
(-0.222006 -0.37213 0)
(-0.25521 -0.349428 0)
(-0.28802 -0.320667 0)
(-0.318919 -0.284869 0)
(-0.345384 -0.241519 0)
(-0.364347 -0.191594 0)
(-0.373475 -0.137949 0)
(-0.372296 -0.0843996 0)
(-0.362157 -0.0342047 0)
(-0.34511 0.010755 0)
(-0.323255 0.0494494 0)
(-0.298634 0.0818308 0)
(-0.272835 0.108291 0)
(-0.247042 0.12945 0)
(-0.222214 0.145973 0)
(-0.198819 0.158608 0)
(-0.0124929 -0.398866 0)
(-0.0380462 -0.400854 0)
(-0.0640263 -0.397492 0)
(-0.0904599 -0.391943 0)
(-0.117433 -0.384012 0)
(-0.145018 -0.373294 0)
(-0.173158 -0.359282 0)
(-0.201551 -0.341409 0)
(-0.229672 -0.31911 0)
(-0.256728 -0.291839 0)
(-0.281483 -0.259171 0)
(-0.302216 -0.221122 0)
(-0.317062 -0.178612 0)
(-0.324665 -0.133572 0)
(-0.324686 -0.0884382 0)
(-0.31786 -0.0453995 0)
(-0.305498 -0.00594051 0)
(-0.288983 0.0290455 0)
(-0.269736 0.0593066 0)
(-0.248974 0.0849122 0)
(-0.227685 0.106167 0)
(-0.206747 0.123455 0)
(-0.186646 0.137325 0)
(-0.0114907 -0.374181 0)
(-0.0351828 -0.375949 0)
(-0.0591154 -0.372247 0)
(-0.0831963 -0.366319 0)
(-0.107593 -0.357953 0)
(-0.132233 -0.346869 0)
(-0.15699 -0.332711 0)
(-0.18155 -0.315104 0)
(-0.205421 -0.293703 0)
(-0.227911 -0.26823 0)
(-0.248069 -0.238567 0)
(-0.264719 -0.204952 0)
(-0.27669 -0.168179 0)
(-0.283155 -0.12959 0)
(-0.283887 -0.0908162 0)
(-0.279291 -0.0533959 0)
(-0.27021 -0.0184641 0)
(-0.257603 0.0132515 0)
(-0.242472 0.041376 0)
(-0.225739 0.0658502 0)
(-0.208195 0.0867713 0)
(-0.19061 0.104333 0)
(-0.173445 0.118941 0)
(-0.010555 -0.351658 0)
(-0.0322208 -0.353281 0)
(-0.0539613 -0.349339 0)
(-0.0757157 -0.343218 0)
(-0.0975894 -0.334685 0)
(-0.119458 -0.323557 0)
(-0.141151 -0.3096 0)
(-0.16237 -0.292581 0)
(-0.182681 -0.272312 0)
(-0.201512 -0.248689 0)
(-0.218148 -0.22176 0)
(-0.231778 -0.191834 0)
(-0.241642 -0.159569 0)
(-0.247221 -0.125939 0)
(-0.248361 -0.0920858 0)
(-0.245279 -0.059114 0)
(-0.238526 -0.0279073 0)
(-0.228841 0.000936928 0)
(-0.216893 0.0270555 0)
(-0.20338 0.0502992 0)
(-0.188934 0.0706445 0)
(-0.174212 0.0881602 0)
(-0.159631 0.103153 0)
(-0.00964555 -0.331305 0)
(-0.0291799 -0.332777 0)
(-0.0486812 -0.328726 0)
(-0.0681896 -0.322548 0)
(-0.0876479 -0.314041 0)
(-0.106939 -0.303087 0)
(-0.125872 -0.289542 0)
(-0.144177 -0.273281 0)
(-0.161486 -0.254223 0)
(-0.17734 -0.232372 0)
(-0.191206 -0.207858 0)
(-0.202516 -0.180999 0)
(-0.210765 -0.152335 0)
(-0.215611 -0.122597 0)
(-0.216954 -0.0926143 0)
(-0.214935 -0.0632009 0)
(-0.209925 -0.0350717 0)
(-0.202423 -0.00872139 0)
(-0.192921 0.0155841 0)
(-0.181995 0.0376068 0)
(-0.170114 0.0572607 0)
(-0.157826 0.0745343 0)
(-0.145501 0.0896653 0)
(-0.00871188 -0.313026 0)
(-0.0260938 -0.31432 0)
(-0.0433958 -0.310278 0)
(-0.0607463 -0.304153 0)
(-0.0779188 -0.295807 0)
(-0.0948228 -0.285165 0)
(-0.11127 -0.272156 0)
(-0.127019 -0.256725 0)
(-0.141768 -0.238869 0)
(-0.155155 -0.218651 0)
(-0.166782 -0.196239 0)
(-0.176247 -0.171935 0)
(-0.183205 -0.146183 0)
(-0.187429 -0.119549 0)
(-0.188852 -0.092661 0)
(-0.187574 -0.0661409 0)
(-0.183837 -0.0405479 0)
(-0.17799 -0.0162919 0)
(-0.170439 0.00637808 0)
(-0.161597 0.0272486 0)
(-0.151843 0.0461771 0)
(-0.141623 0.0630997 0)
(-0.131261 0.0782029 0)
(-0.00774149 -0.296739 0)
(-0.0230214 -0.29784 0)
(-0.0382146 -0.293883 0)
(-0.0534871 -0.28789 0)
(-0.0685032 -0.279789 0)
(-0.0831953 -0.269542 0)
(-0.0973885 -0.257126 0)
(-0.110876 -0.242538 0)
(-0.12341 -0.225819 0)
(-0.13471 -0.207071 0)
(-0.144477 -0.186473 0)
(-0.152423 -0.164299 0)
(-0.15831 -0.140922 0)
(-0.161981 -0.116791 0)
(-0.163394 -0.0923962 0)
(-0.162621 -0.0682253 0)
(-0.159833 -0.0447223 0)
(-0.155291 -0.0222497 0)
(-0.149314 -0.00103803 0)
(-0.142149 0.0187988 0)
(-0.134161 0.0370258 0)
(-0.1257 0.0535515 0)
(-0.117044 0.068522 0)
(-0.00675442 -0.282403 0)
(-0.0200224 -0.283318 0)
(-0.0332122 -0.279479 0)
(-0.0464799 -0.273661 0)
(-0.0594585 -0.265849 0)
(-0.0720922 -0.256031 0)
(-0.0842266 -0.244216 0)
(-0.0956872 -0.230438 0)
(-0.106274 -0.214763 0)
(-0.115768 -0.197311 0)
(-0.123948 -0.178262 0)
(-0.130604 -0.157864 0)
(-0.135569 -0.136431 0)
(-0.138736 -0.11433 0)
(-0.140078 -0.0919549 0)
(-0.13965 -0.069699 0)
(-0.137579 -0.0479272 0)
(-0.134063 -0.026958 0)
(-0.12933 -0.00698889 0)
(-0.123549 0.011927 0)
(-0.11705 0.029509 0)
(-0.110098 0.0456331 0)
(-0.102931 0.0604114 0)
(-0.00577717 -0.270009 0)
(-0.0171323 -0.270767 0)
(-0.0284176 -0.267047 0)
(-0.0397516 -0.261419 0)
(-0.0507986 -0.253904 0)
(-0.0615059 -0.24451 0)
(-0.071742 -0.233268 0)
(-0.0813622 -0.22023 0)
(-0.0902066 -0.205481 0)
(-0.0981072 -0.189149 0)
(-0.104897 -0.171406 0)
(-0.110426 -0.152477 0)
(-0.114573 -0.132631 0)
(-0.117267 -0.112174 0)
(-0.11849 -0.0914318 0)
(-0.118288 -0.0707281 0)
(-0.116758 -0.0503684 0)
(-0.114044 -0.0306268 0)
(-0.11031 -0.0116899 0)
(-0.10571 0.0063856 0)
(-0.100471 0.0233886 0)
(-0.0948247 0.0391325 0)
(-0.0889631 0.0536927 0)
(-0.00482725 -0.259507 0)
(-0.0143558 -0.260149 0)
(-0.0238187 -0.25654 0)
(-0.033288 -0.251099 0)
(-0.0424959 -0.243869 0)
(-0.0513885 -0.234871 0)
(-0.0598575 -0.224147 0)
(-0.0677852 -0.211763 0)
(-0.0750463 -0.197814 0)
(-0.0815121 -0.182427 0)
(-0.0870587 -0.165767 0)
(-0.0915764 -0.148037 0)
(-0.0949806 -0.129473 0)
(-0.0972217 -0.110336 0)
(-0.0982914 -0.0909019 0)
(-0.0982248 -0.0714449 0)
(-0.0970974 -0.0522258 0)
(-0.0950176 -0.0334804 0)
(-0.0921173 -0.0153935 0)
(-0.0885309 0.00195187 0)
(-0.0843689 0.0184684 0)
(-0.0798596 0.033876 0)
(-0.0751549 0.0482181 0)
(-0.00391069 -0.25068 0)
(-0.0116785 -0.251249 0)
(-0.0193855 -0.247742 0)
(-0.0270574 -0.242483 0)
(-0.0345063 -0.23552 0)
(-0.0416776 -0.226884 0)
(-0.0484849 -0.216624 0)
(-0.054836 -0.204813 0)
(-0.0606345 -0.191547 0)
(-0.0657842 -0.176953 0)
(-0.0701941 -0.161186 0)
(-0.0737855 -0.14443 0)
(-0.0764993 -0.126895 0)
(-0.0783022 -0.108809 0)
(-0.0791916 -0.0904116 0)
(-0.0791961 -0.0719409 0)
(-0.0783744 -0.0536255 0)
(-0.076809 -0.0356766 0)
(-0.0746076 -0.0182755 0)
(-0.0718722 -0.00151773 0)
(-0.0686495 0.0146016 0)
(-0.0651612 0.0297277 0)
(-0.0615013 0.0438705 0)
(-0.00301892 -0.243604 0)
(-0.00907501 -0.24413 0)
(-0.0150937 -0.240702 0)
(-0.021039 -0.235595 0)
(-0.0268046 -0.228855 0)
(-0.0323372 -0.220517 0)
(-0.0375716 -0.210637 0)
(-0.042438 -0.19929 0)
(-0.0468656 -0.186576 0)
(-0.0507847 -0.172615 0)
(-0.0541311 -0.157555 0)
(-0.0568505 -0.141566 0)
(-0.0589036 -0.124836 0)
(-0.0602702 -0.10757 0)
(-0.0609517 -0.0899785 0)
(-0.0609721 -0.072272 0)
(-0.0603772 -0.054654 0)
(-0.0592311 -0.0373147 0)
(-0.0576165 -0.0204275 0)
(-0.0556146 -0.00410465 0)
(-0.0532452 0.0116832 0)
(-0.0506839 0.0265866 0)
(-0.0479858 0.0405601 0)
(-0.00212151 -0.239189 0)
(-0.00648108 -0.239655 0)
(-0.0108656 -0.236271 0)
(-0.0151445 -0.231261 0)
(-0.0192872 -0.224659 0)
(-0.0232497 -0.216505 0)
(-0.0269862 -0.20686 0)
(-0.0304478 -0.195803 0)
(-0.0335845 -0.183433 0)
(-0.0363478 -0.169872 0)
(-0.0386942 -0.155262 0)
(-0.040588 -0.139764 0)
(-0.042005 -0.123554 0)
(-0.0429348 -0.106823 0)
(-0.0433823 -0.0897633 0)
(-0.043369 -0.0725677 0)
(-0.0429313 -0.0554218 0)
(-0.0421192 -0.038499 0)
(-0.0409977 -0.0219613 0)
(-0.0396457 -0.00593147 0)
(-0.0380717 0.00962764 0)
(-0.0363745 0.0243791 0)
(-0.0345852 0.0382213 0)
(-0.00119516 -0.23673 0)
(-0.00380371 -0.236982 0)
(-0.0065176 -0.233674 0)
(-0.00911709 -0.228762 0)
(-0.0116272 -0.222277 0)
(-0.0140245 -0.214266 0)
(-0.0162846 -0.204795 0)
(-0.0183785 -0.193943 0)
(-0.0202753 -0.181812 0)
(-0.0219448 -0.168518 0)
(-0.0233591 -0.154199 0)
(-0.0244954 -0.139008 0)
(-0.025338 -0.123112 0)
(-0.0258802 -0.106691 0)
(-0.0261255 -0.0899262 0)
(-0.0260885 -0.0730018 0)
(-0.0257952 -0.0560938 0)
(-0.0252849 -0.0393675 0)
(-0.0246122 -0.0229762 0)
(-0.0238437 -0.00704976 0)
(-0.0230152 0.00842334 0)
(-0.0221731 0.0230958 0)
(-0.0212826 0.036845 0)
(-0.000307755 -0.233586 0)
(-0.00112492 -0.233438 0)
(-0.00206377 -0.230256 0)
(-0.00291589 -0.225459 0)
(-0.00373303 -0.2191 0)
(-0.00451477 -0.211238 0)
(-0.00525591 -0.201945 0)
(-0.00594797 -0.191305 0)
(-0.00658102 -0.179419 0)
(-0.00714463 -0.166404 0)
(-0.00762876 -0.152392 0)
(-0.00802451 -0.137531 0)
(-0.00832494 -0.121983 0)
(-0.0085257 -0.105913 0)
(-0.00862581 -0.0894948 0)
(-0.0086283 -0.0728961 0)
(-0.00854135 -0.0562778 0)
(-0.00838048 -0.0397836 0)
(-0.00817532 -0.02353 0)
(-0.00800453 -0.00760986 0)
(-0.00783774 0.00788595 0)
(-0.00762565 0.0225077 0)
(-0.00743015 0.0361839 0)
(0.674913 1.82562 0)
(-0.227193 0.332733 0)
(-0.387399 -0.201973 0)
(-0.257398 -0.316852 0)
(1.16371 2.0966 0)
(1.05761 1.25435 0)
(0.898336 0.514666 0)
(0.758065 -0.0096862 0)
(1.05841 1.40125 0)
(1.24126 1.02776 0)
(1.24393 0.56574 0)
(1.14684 0.187999 0)
(0.77008 0.93566 0)
(0.921608 0.7695 0)
(0.969023 0.559303 0)
(0.929631 0.375203 0)
(0.549315 0.753598 0)
(0.621416 0.668791 0)
(0.653235 0.566622 0)
(0.648748 0.467068 0)
(0.418038 0.653352 0)
(0.451534 0.600618 0)
(0.47148 0.540471 0)
(0.479003 0.479277 0)
(0.338695 0.593275 0)
(0.358638 0.556358 0)
(0.372231 0.515291 0)
(0.379903 0.473158 0)
(0.280918 0.55778 0)
(0.294051 0.529176 0)
(0.303279 0.498044 0)
(0.309088 0.466405 0)
(0.232877 0.533138 0)
(0.241934 0.509726 0)
(0.248533 0.484949 0)
(0.253057 0.460036 0)
(0.1918 0.515149 0)
(0.198332 0.495384 0)
(0.203264 0.474859 0)
(0.20688 0.454314 0)
(0.155829 0.502183 0)
(0.160625 0.484825 0)
(0.164385 0.46704 0)
(0.167322 0.44929 0)
(0.123118 0.49275 0)
(0.126696 0.476849 0)
(0.129655 0.460777 0)
(0.132127 0.444796 0)
(0.092136 0.485739 0)
(0.0949397 0.470583 0)
(0.0974333 0.455486 0)
(0.0996805 0.440552 0)
(0.0615615 0.480177 0)
(0.0640593 0.465216 0)
(0.0664688 0.45054 0)
(0.0687967 0.436134 0)
(0.0303107 0.474922 0)
(0.0330633 0.459778 0)
(0.0358551 0.445146 0)
(0.0386536 0.430935 0)
(-0.00229516 0.46858 0)
(0.00137111 0.453081 0)
(0.00509781 0.438329 0)
(0.00882347 0.424187 0)
(-0.0363684 0.459532 0)
(-0.0310634 0.443818 0)
(-0.0258288 0.429052 0)
(-0.0207118 0.415079 0)
(-0.0710451 0.446097 0)
(-0.0635228 0.430646 0)
(-0.0563216 0.416259 0)
(-0.0494287 0.402741 0)
(-0.104691 0.427145 0)
(-0.0947106 0.412708 0)
(-0.0853482 0.399286 0)
(-0.0765409 0.386685 0)
(-0.1352 0.40249 0)
(-0.122975 0.389905 0)
(-0.111608 0.378107 0)
(-0.101052 0.366997 0)
(-0.160596 0.373018 0)
(-0.146732 0.362962 0)
(-0.133846 0.353354 0)
(-0.121967 0.344256 0)
(-0.179629 0.340462 0)
(-0.164927 0.333268 0)
(-0.151196 0.326179 0)
(-0.138561 0.319394 0)
(-0.192026 0.30686 0)
(-0.17726 0.302491 0)
(-0.163367 0.297954 0)
(-0.150543 0.293518 0)
(-0.198339 0.273983 0)
(-0.184108 0.272129 0)
(-0.170601 0.269937 0)
(-0.158056 0.267664 0)
(-0.199556 0.243008 0)
(-0.186236 0.243245 0)
(-0.173483 0.243059 0)
(-0.161547 0.242649 0)
(-0.196707 0.214546 0)
(-0.184501 0.216451 0)
(-0.172715 0.217904 0)
(-0.161596 0.219025 0)
(-0.190701 0.188849 0)
(-0.179697 0.192045 0)
(-0.168982 0.194789 0)
(-0.158797 0.197131 0)
(-0.182318 0.165968 0)
(-0.172527 0.170129 0)
(-0.162913 0.173857 0)
(-0.153708 0.177142 0)
(-0.172211 0.145815 0)
(-0.163589 0.15067 0)
(-0.155053 0.155124 0)
(-0.146826 0.159119 0)
(-0.160901 0.128217 0)
(-0.153374 0.133552 0)
(-0.145861 0.138522 0)
(-0.138576 0.143035 0)
(-0.148791 0.112954 0)
(-0.142268 0.118605 0)
(-0.135706 0.123928 0)
(-0.129307 0.128809 0)
(-0.136186 0.0997951 0)
(-0.130569 0.105642 0)
(-0.124879 0.111193 0)
(-0.119301 0.116327 0)
(-0.123304 0.0885143 0)
(-0.1185 0.0944703 0)
(-0.113602 0.10016 0)
(-0.108775 0.105461 0)
(-0.1103 0.0789035 0)
(-0.10622 0.0849099 0)
(-0.102039 0.0906725 0)
(-0.0978992 0.0960798 0)
(-0.097274 0.07078 0)
(-0.093841 0.0767986 0)
(-0.0903096 0.0825903 0)
(-0.0867966 0.0880611 0)
(-0.084288 0.0639887 0)
(-0.0814358 0.0699963 0)
(-0.0784953 0.0757882 0)
(-0.0755572 0.081293 0)
(-0.0713733 0.0584017 0)
(-0.0690484 0.0643853 0)
(-0.0666497 0.0701596 0)
(-0.064243 0.0756783 0)
(-0.0585428 0.0539202 0)
(-0.0567038 0.0598738 0)
(-0.0548073 0.0656203 0)
(-0.0528969 0.0711377 0)
(-0.0457948 0.0504664 0)
(-0.0444124 0.0563884 0)
(-0.042988 0.0621025 0)
(-0.041547 0.0676072 0)
(-0.0331216 0.0479842 0)
(-0.0321769 0.0538743 0)
(-0.0312032 0.0595535 0)
(-0.0302123 0.0650348 0)
(-0.0205263 0.0464739 0)
(-0.0200136 0.0523339 0)
(-0.0194808 0.0579774 0)
(-0.0189292 0.0634237 0)
(-0.00724448 0.0456823 0)
(-0.00710541 0.0515135 0)
(-0.00695817 0.0571212 0)
(-0.00680051 0.0625189 0)
(-0.00527793 -0.247643 0)
(0.181018 -0.266187 0)
(0.216358 -0.176713 0)
(0.218792 -0.0832747 0)
(0.209541 -0.0252312 0)
(0.192651 0.00676567 0)
(0.175897 0.0250502 0)
(0.159706 0.0362128 0)
(0.143835 0.0430099 0)
(0.128474 0.0469784 0)
(0.113615 0.0491492 0)
(0.099193 0.050193 0)
(0.0851576 0.0505504 0)
(0.0714596 0.0505121 0)
(0.0580495 0.0502734 0)
(0.0448774 0.0499638 0)
(0.0318917 0.0496696 0)
(0.0190528 0.0494465 0)
(0.00629234 0.0489488 0)
(0.620777 -0.30943 0)
(0.470719 -0.289175 0)
(0.355336 -0.146568 0)
(0.288094 -0.0479286 0)
(0.247491 0.000729489 0)
(0.21549 0.0273729 0)
(0.189308 0.0432769 0)
(0.167584 0.0527666 0)
(0.148426 0.058318 0)
(0.131012 0.0613728 0)
(0.114868 0.0628434 0)
(0.0996575 0.0633323 0)
(0.0851594 0.0632403 0)
(0.0712157 0.0628365 0)
(0.0577056 0.0623031 0)
(0.0445308 0.0617627 0)
(0.0316063 0.0612975 0)
(0.0188678 0.0609613 0)
(0.00622888 0.0603199 0)
(0.903172 -0.044145 0)
(0.601785 -0.0721242 0)
(0.420088 -0.0215356 0)
(0.327433 0.0189437 0)
(0.271749 0.0430443 0)
(0.230502 0.0577815 0)
(0.198576 0.0671848 0)
(0.173023 0.0727707 0)
(0.151401 0.0757886 0)
(0.132408 0.077125 0)
(0.115272 0.0773781 0)
(0.0994706 0.0769719 0)
(0.0846529 0.0762045 0)
(0.0705744 0.0752839 0)
(0.0570551 0.0743548 0)
(0.0439557 0.0735171 0)
(0.0311623 0.0728385 0)
(0.0185899 0.0723643 0)
(0.00613528 0.0715706 0)
(0.76833 0.202892 0)
(0.567097 0.109453 0)
(0.428169 0.0878719 0)
(0.340045 0.0871439 0)
(0.280715 0.0897041 0)
(0.236624 0.0922886 0)
(0.202428 0.0941425 0)
(0.175021 0.0948794 0)
(0.152091 0.0946677 0)
(0.132231 0.0937808 0)
(0.114556 0.092459 0)
(0.0984621 0.0909078 0)
(0.0835313 0.0892914 0)
(0.0694685 0.0877339 0)
(0.0560556 0.086327 0)
(0.0431256 0.0851367 0)
(0.0305438 0.0842089 0)
(0.0182097 0.0835755 0)
(0.00600811 0.0826205 0)
(0.588143 0.335565 0)
(0.490061 0.226923 0)
(0.399415 0.17387 0)
(0.32867 0.148607 0)
(0.275496 0.135138 0)
(0.233895 0.127141 0)
(0.200516 0.12182 0)
(0.17319 0.117675 0)
(0.150161 0.114073 0)
(0.130212 0.110779 0)
(0.112515 0.107718 0)
(0.0964812 0.104889 0)
(0.0816865 0.102323 0)
(0.0678216 0.100054 0)
(0.0546545 0.0981154 0)
(0.0420053 0.0965353 0)
(0.0297287 0.0953337 0)
(0.0177155 0.0945262 0)
(0.00584376 0.093405 0)
(0.462706 0.386926 0)
(0.415044 0.292969 0)
(0.357119 0.233985 0)
(0.304475 0.198073 0)
(0.260637 0.175017 0)
(0.224103 0.159418 0)
(0.193526 0.148326 0)
(0.167743 0.139916 0)
(0.145632 0.133176 0)
(0.126303 0.12756 0)
(0.109083 0.122771 0)
(0.0934654 0.118646 0)
(0.0790663 0.115102 0)
(0.0655939 0.112096 0)
(0.0528227 0.109605 0)
(0.0405746 0.10762 0)
(0.0287039 0.106133 0)
(0.0171002 0.105145 0)
(0.00563994 0.103856 0)
(0.37564 0.406853 0)
(0.35004 0.330818 0)
(0.312835 0.275192 0)
(0.274771 0.236023 0)
(0.240089 0.208059 0)
(0.209402 0.187677 0)
(0.182595 0.172445 0)
(0.159252 0.160678 0)
(0.138787 0.151297 0)
(0.120635 0.14363 0)
(0.104316 0.137256 0)
(0.0894354 0.131912 0)
(0.0756753 0.127431 0)
(0.0627831 0.123708 0)
(0.0505561 0.120676 0)
(0.0388299 0.11829 0)
(0.0274668 0.116522 0)
(0.016362 0.115354 0)
(0.00539612 0.113901 0)
(0.308465 0.415989 0)
(0.29438 0.353834 0)
(0.270455 0.30347 0)
(0.24332 0.264464 0)
(0.2166 0.234549 0)
(0.191618 0.211516 0)
(0.168868 0.193586 0)
(0.148408 0.17939 0)
(0.130035 0.167954 0)
(0.113452 0.158602 0)
(0.0983586 0.150873 0)
(0.0844763 0.144453 0)
(0.0715646 0.139126 0)
(0.0594207 0.134745 0)
(0.0478745 0.13121 0)
(0.0367834 0.128449 0)
(0.0260249 0.126415 0)
(0.0155052 0.125077 0)
(0.00511362 0.123468 0)
(0.254063 0.419887 0)
(0.246546 0.36783 0)
(0.231226 0.322679 0)
(0.21212 0.285407 0)
(0.191962 0.255282 0)
(0.172124 0.231071 0)
(0.153329 0.211575 0)
(0.135883 0.195771 0)
(0.119823 0.182851 0)
(0.105049 0.172208 0)
(0.091404 0.163392 0)
(0.0787162 0.156079 0)
(0.0668197 0.150032 0)
(0.0555641 0.14508 0)
(0.0448165 0.141101 0)
(0.034461 0.138006 0)
(0.0243948 0.135734 0)
(0.0145389 0.134243 0)
(0.0047954 0.132489 0)
(0.208622 0.420864 0)
(0.20497 0.376103 0)
(0.195343 0.335544 0)
(0.182131 0.300562 0)
(0.167254 0.271158 0)
(0.151884 0.246718 0)
(0.136752 0.226487 0)
(0.12226 0.209739 0)
(0.108576 0.195843 0)
(0.0957277 0.184284 0)
(0.0836667 0.174657 0)
(0.0723067 0.166651 0)
(0.0615476 0.160027 0)
(0.0512889 0.154608 0)
(0.0414353 0.15026 0)
(0.0318993 0.146884 0)
(0.0226002 0.144408 0)
(0.0134766 0.142786 0)
(0.00444577 0.140902 0)
(0.16941 0.420253 0)
(0.168191 0.380712 0)
(0.162497 0.343922 0)
(0.153699 0.311253 0)
(0.143077 0.283 0)
(0.131534 0.258905 0)
(0.11971 0.238519 0)
(0.108012 0.22134 0)
(0.0966657 0.20689 0)
(0.0857738 0.194752 0)
(0.0753613 0.184574 0)
(0.0654072 0.176073 0)
(0.0558662 0.169023 0)
(0.0466815 0.163249 0)
(0.0377932 0.158614 0)
(0.0291421 0.155017 0)
(0.0206702 0.15238 0)
(0.0123348 0.150653 0)
(0.00407011 0.148655 0)
(0.134476 0.418664 0)
(0.134994 0.382799 0)
(0.132216 0.348989 0)
(0.12686 0.318431 0)
(0.119729 0.291482 0)
(0.111475 0.268063 0)
(0.102613 0.247911 0)
(0.0935103 0.230683 0)
(0.0844062 0.216022 0)
(0.0754416 0.203593 0)
(0.0666889 0.193099 0)
(0.0581743 0.184291 0)
(0.0498952 0.176963 0)
(0.0418324 0.170947 0)
(0.0339574 0.166112 0)
(0.0262374 0.162357 0)
(0.018637 0.159603 0)
(0.011132 0.157799 0)
(0.00367443 0.155706 0)
(0.102404 0.416254 0)
(0.104425 0.382931 0)
(0.104035 0.351445 0)
(0.10152 0.322741 0)
(0.0973442 0.297116 0)
(0.0919553 0.274557 0)
(0.085749 0.254903 0)
(0.0790388 0.23791 0)
(0.0720536 0.223309 0)
(0.0649508 0.210831 0)
(0.0578313 0.200229 0)
(0.0507544 0.191286 0)
(0.0437508 0.183817 0)
(0.0368317 0.17767 0)
(0.0299961 0.17272 0)
(0.0232351 0.16887 0)
(0.0165343 0.166045 0)
(0.0098877 0.164193 0)
(0.00326509 0.162023 0)
(0.0721732 0.412892 0)
(0.0757805 0.381319 0)
(0.0775691 0.351673 0)
(0.0775524 0.324597 0)
(0.0759741 0.300273 0)
(0.0731319 0.278685 0)
(0.0693251 0.259712 0)
(0.0648161 0.24317 0)
(0.0598164 0.228845 0)
(0.054488 0.21652 0)
(0.0489487 0.205988 0)
(0.0432813 0.197062 0)
(0.0375416 0.18958 0)
(0.0317657 0.183404 0)
(0.0259757 0.178421 0)
(0.0201841 0.174538 0)
(0.0143957 0.171687 0)
(0.00862158 0.169815 0)
(0.00284851 0.167588 0)
(0.0431009 0.408238 0)
(0.048586 0.377948 0)
(0.0525438 0.349842 0)
(0.0548579 0.324249 0)
(0.0556475 0.301215 0)
(0.0551154 0.280679 0)
(0.0534965 0.262528 0)
(0.0510142 0.246605 0)
(0.0478647 0.232733 0)
(0.0442106 0.220729 0)
(0.0401806 0.21042 0)
(0.0358743 0.201647 0)
(0.0313668 0.194266 0)
(0.0267145 0.188156 0)
(0.0219591 0.183214 0)
(0.0171314 0.179358 0)
(0.0122539 0.176522 0)
(0.00735265 0.174659 0)
(0.00243092 0.172392 0)
(0.014843 0.401806 0)
(0.0226013 0.372664 0)
(0.0288197 0.345988 0)
(0.0333978 0.321832 0)
(0.0364045 0.300122 0)
(0.0379997 0.280723 0)
(0.0383896 0.263516 0)
(0.0377737 0.248354 0)
(0.0363398 0.23508 0)
(0.0342521 0.223541 0)
(0.0316475 0.213587 0)
(0.0286383 0.205083 0)
(0.0253154 0.197905 0)
(0.0217513 0.191946 0)
(0.0180042 0.187115 0)
(0.014121 0.183338 0)
(0.0101392 0.180557 0)
(0.00609885 0.178727 0)
(0.0020182 0.17644 0)
(-0.0126005 0.393143 0)
(-0.00217722 0.36524 0)
(0.00639127 0.340062 0)
(0.0132074 0.317418 0)
(0.0183148 0.297139 0)
(0.0218788 0.278967 0)
(0.0241177 0.262822 0)
(0.0252152 0.248547 0)
(0.0253618 0.235998 0)
(0.0247267 0.225045 0)
(0.0234533 0.215561 0)
(0.0216652 0.207427 0)
(0.019466 0.20054 0)
(0.0169414 0.194807 0)
(0.0141634 0.190149 0)
(0.0111925 0.1865 0)
(0.00807962 0.183809 0)
(0.00487667 0.182036 0)
(0.00161575 0.179745 0)
(-0.0389392 0.381795 0)
(-0.0256388 0.355518 0)
(-0.0146094 0.332092 0)
(-0.00558157 0.31113 0)
(0.00149131 0.292346 0)
(0.00684897 0.275535 0)
(0.0107891 0.260584 0)
(0.0134458 0.247318 0)
(0.015034 0.2356 0)
(0.0157322 0.22534 0)
(0.0156872 0.216422 0)
(0.0150341 0.208746 0)
(0.0138871 0.202226 0)
(0.0123424 0.196785 0)
(0.010483 0.192352 0)
(0.00838159 0.188874 0)
(0.00610016 0.186305 0)
(0.00370084 0.18461 0)
(0.00122838 0.182329 0)
(-0.0635832 0.367475 0)
(-0.0473532 0.343439 0)
(-0.0339344 0.322105 0)
(-0.0228882 0.303044 0)
(-0.0140004 0.285915 0)
(-0.00694526 0.270616 0)
(-0.00147802 0.25695 0)
(0.00256268 0.244778 0)
(0.00544426 0.233994 0)
(0.00735336 0.224526 0)
(0.00842543 0.216259 0)
(0.00881244 0.209113 0)
(0.00863794 0.203026 0)
(0.00800382 0.197933 0)
(0.00700322 0.193772 0)
(0.00571923 0.190501 0)
(0.00422276 0.188081 0)
(0.00258408 0.186482 0)
(0.000860091 0.184225 0)
(-0.0858189 0.350281 0)
(-0.066876 0.32908 0)
(-0.0513228 0.3102 0)
(-0.0384644 0.293274 0)
(-0.0279573 0.278044 0)
(-0.0194345 0.264369 0)
(-0.0126419 0.252076 0)
(-0.00736093 0.24109 0)
(-0.00331464 0.231328 0)
(-0.000330666 0.222712 0)
(0.00173167 0.215157 0)
(0.0030558 0.208605 0)
(0.00376848 0.203006 0)
(0.00396813 0.198313 0)
(0.00375784 0.194461 0)
(0.00323199 0.191427 0)
(0.00246647 0.189181 0)
(0.00153676 0.187694 0)
(0.000513548 0.185469 0)
(-0.104939 0.330591 0)
(-0.0837782 0.31273 0)
(-0.0664847 0.296639 0)
(-0.0521126 0.282079 0)
(-0.0402534 0.268885 0)
(-0.0305122 0.25694 0)
(-0.0225923 0.246134 0)
(-0.0162432 0.236418 0)
(-0.011203 0.227738 0)
(-0.00728899 0.220019 0)
(-0.00434417 0.21323 0)
(-0.00218488 0.207321 0)
(-0.000675338 0.202254 0)
(0.000271943 0.197982 0)
(0.000773329 0.194475 0)
(0.000941948 0.191706 0)
(0.000848388 0.189652 0)
(0.000566145 0.188295 0)
(0.000188497 0.186105 0)
(-0.120399 0.309042 0)
(-0.0977231 0.294852 0)
(-0.0791918 0.281778 0)
(-0.0636889 0.269741 0)
(-0.0507917 0.258677 0)
(-0.0400873 0.248542 0)
(-0.0312588 0.239289 0)
(-0.0240358 0.230897 0)
(-0.0181689 0.223342 0)
(-0.0134678 0.216576 0)
(-0.00976186 0.210592 0)
(-0.00687593 0.205359 0)
(-0.00468118 0.200849 0)
(-0.00307038 0.197022 0)
(-0.00192007 0.193883 0)
(-0.00113061 0.191397 0)
(-0.000615307 0.18955 0)
(-0.000321837 0.188346 0)
(-0.000116987 0.186174 0)
(-0.131952 0.286444 0)
(-0.108545 0.276018 0)
(-0.0893241 0.266039 0)
(-0.0731107 0.25658 0)
(-0.05951 0.24769 0)
(-0.0481126 0.239401 0)
(-0.0386003 0.231728 0)
(-0.0307015 0.224686 0)
(-0.0241781 0.218278 0)
(-0.0188347 0.212495 0)
(-0.0144971 0.20734 0)
(-0.011001 0.202804 0)
(-0.00821823 0.198866 0)
(-0.00602914 0.19552 0)
(-0.00431446 0.19276 0)
(-0.0029776 0.190566 0)
(-0.0019217 0.188934 0)
(-0.00111673 0.187938 0)
(-0.000391124 0.185699 0)
(-0.139668 0.263614 0)
(-0.116264 0.256818 0)
(-0.0968814 0.249862 0)
(-0.0803724 0.24294 0)
(-0.0663992 0.2362 0)
(-0.0545784 0.229745 0)
(-0.0446082 0.223643 0)
(-0.036229 0.217948 0)
(-0.0292147 0.212692 0)
(-0.0233732 0.207897 0)
(-0.0185345 0.20358 0)
(-0.014544 0.199749 0)
(-0.0112707 0.196401 0)
(-0.00859355 0.193543 0)
(-0.00640014 0.19117 0)
(-0.00459128 0.189279 0)
(-0.00306769 0.187867 0)
(-0.00180771 0.1871 0)
(-0.000623774 0.184772 0)
(-0.143853 0.241246 0)
(-0.121057 0.237785 0)
(-0.10197 0.233659 0)
(-0.0855414 0.229148 0)
(-0.0715028 0.224474 0)
(-0.0595142 0.219794 0)
(-0.0493025 0.215222 0)
(-0.0406288 0.210846 0)
(-0.0332837 0.206725 0)
(-0.0270855 0.202905 0)
(-0.021872 0.19942 0)
(-0.0174973 0.196293 0)
(-0.0138326 0.193537 0)
(-0.0107598 0.191166 0)
(-0.00817065 0.189185 0)
(-0.00596625 0.187599 0)
(-0.00404886 0.186413 0)
(-0.00239268 0.185874 0)
(-0.000814892 0.183465 0)
(-0.144935 0.219859 0)
(-0.123198 0.219346 0)
(-0.104774 0.217781 0)
(-0.0887441 0.215494 0)
(-0.0749092 0.212752 0)
(-0.0629826 0.209752 0)
(-0.0527276 0.206642 0)
(-0.0439323 0.203533 0)
(-0.036408 0.200511 0)
(-0.0299872 0.197639 0)
(-0.0245188 0.194966 0)
(-0.0198665 0.19253 0)
(-0.0159076 0.190357 0)
(-0.0125284 0.188469 0)
(-0.00962513 0.186878 0)
(-0.00710133 0.185595 0)
(-0.00486242 0.184634 0)
(-0.00287373 0.184311 0)
(-0.000968324 0.181845 0)
(-0.143384 0.199804 0)
(-0.123012 0.201819 0)
(-0.105526 0.202508 0)
(-0.090147 0.20222 0)
(-0.0767394 0.201245 0)
(-0.0650726 0.199802 0)
(-0.0549497 0.19806 0)
(-0.0461887 0.19615 0)
(-0.038624 0.194173 0)
(-0.0321051 0.192209 0)
(-0.0264943 0.19032 0)
(-0.0216663 0.188553 0)
(-0.0175059 0.186946 0)
(-0.0139058 0.185527 0)
(-0.0107678 0.184318 0)
(-0.00799909 0.183334 0)
(-0.005509 0.182594 0)
(-0.00325433 0.182471 0)
(-0.00108777 0.179975 0)
(-0.139654 0.18129 0)
(-0.120835 0.185421 0)
(-0.104479 0.188047 0)
(-0.0899388 0.189518 0)
(-0.0771357 0.190128 0)
(-0.0658924 0.190101 0)
(-0.0560512 0.189618 0)
(-0.0474609 0.188822 0)
(-0.0399799 0.187826 0)
(-0.0334761 0.186719 0)
(-0.0278267 0.185574 0)
(-0.0229178 0.184446 0)
(-0.0186434 0.183382 0)
(-0.0149041 0.182416 0)
(-0.0116073 0.181575 0)
(-0.00866533 0.180879 0)
(-0.00599235 0.180354 0)
(-0.00353796 0.180411 0)
(-0.00117537 0.177915 0)
(-0.134165 0.164422 0)
(-0.116992 0.170283 0)
(-0.101885 0.174541 0)
(-0.0883158 0.177532 0)
(-0.0762507 0.179536 0)
(-0.0655608 0.180777 0)
(-0.0561251 0.181435 0)
(-0.047822 0.18166 0)
(-0.0405331 0.18157 0)
(-0.0341453 0.181262 0)
(-0.028551 0.180814 0)
(-0.0236484 0.180289 0)
(-0.0193414 0.179739 0)
(-0.0155392 0.179202 0)
(-0.0121557 0.178712 0)
(-0.00910879 0.178293 0)
(-0.00631845 0.177973 0)
(-0.00372842 0.178191 0)
(-0.0012326 0.17572 0)
(-0.127286 0.149223 0)
(-0.111783 0.15647 0)
(-0.0979869 0.16208 0)
(-0.0854714 0.166361 0)
(-0.0742388 0.169574 0)
(-0.0642013 0.171932 0)
(-0.0552703 0.173611 0)
(-0.0473508 0.174758 0)
(-0.0403469 0.175495 0)
(-0.0341633 0.175921 0)
(-0.0287075 0.176118 0)
(-0.0238901 0.176155 0)
(-0.0196253 0.176084 0)
(-0.0158308 0.175952 0)
(-0.0124278 0.175793 0)
(-0.00934053 0.175634 0)
(-0.00649486 0.175508 0)
(-0.00383029 0.175868 0)
(-0.00126104 0.173446 0)
(-0.11933 0.135661 0)
(-0.105472 0.143998 0)
(-0.0930046 0.150708 0)
(-0.0815879 0.15607 0)
(-0.0712501 0.160317 0)
(-0.0619368 0.163645 0)
(-0.0535871 0.166224 0)
(-0.0461295 0.168194 0)
(-0.0394881 0.169676 0)
(-0.0335846 0.170769 0)
(-0.0283407 0.171556 0)
(-0.0236788 0.172109 0)
(-0.0195236 0.172483 0)
(-0.0158014 0.172725 0)
(-0.012441 0.172874 0)
(-0.00937332 0.172959 0)
(-0.00653042 0.173014 0)
(-0.00384888 0.173496 0)
(-0.00126252 0.171143 0)
(-0.110558 0.123669 0)
(-0.0982878 0.132847 0)
(-0.0871351 0.14044 0)
(-0.0768327 0.146693 0)
(-0.0674254 0.151812 0)
(-0.0588855 0.155974 0)
(-0.0511742 0.159336 0)
(-0.0442403 0.162032 0)
(-0.0380251 0.164176 0)
(-0.0324657 0.165868 0)
(-0.0274968 0.167189 0)
(-0.0230524 0.16821 0)
(-0.0190669 0.16899 0)
(-0.0154754 0.169576 0)
(-0.0122143 0.170009 0)
(-0.00922138 0.170318 0)
(-0.00643498 0.17054 0)
(-0.00379007 0.171125 0)
(-0.00123901 0.168859 0)
(-0.101177 0.113161 0)
(-0.0904217 0.122974 0)
(-0.0805491 0.131266 0)
(-0.0713551 0.138245 0)
(-0.0628942 0.144089 0)
(-0.0551584 0.148959 0)
(-0.0481264 0.152995 0)
(-0.0417634 0.156322 0)
(-0.0360257 0.159049 0)
(-0.0308635 0.161271 0)
(-0.0262234 0.163069 0)
(-0.0220502 0.164511 0)
(-0.0182875 0.165657 0)
(-0.0148788 0.166554 0)
(-0.0117681 0.167245 0)
(-0.00889992 0.167758 0)
(-0.00621919 0.168132 0)
(-0.00366016 0.168802 0)
(-0.00119259 0.166637 0)
(-0.0913566 0.10404 0)
(-0.0820316 0.114323 0)
(-0.0733922 0.123159 0)
(-0.0652865 0.130722 0)
(-0.0577731 0.137164 0)
(-0.0508579 0.142625 0)
(-0.0445328 0.147233 0)
(-0.0387759 0.151103 0)
(-0.0335558 0.154337 0)
(-0.0288341 0.157023 0)
(-0.0245682 0.15924 0)
(-0.020712 0.161056 0)
(-0.0172182 0.162528 0)
(-0.0140383 0.163704 0)
(-0.0111234 0.164625 0)
(-0.00842489 0.165323 0)
(-0.00589417 0.165834 0)
(-0.00346573 0.16657 0)
(-0.00112542 0.164517 0)
(-0.081225 0.0962101 0)
(-0.0732454 0.106834 0)
(-0.0657863 0.116087 0)
(-0.0587404 0.124112 0)
(-0.0521656 0.131038 0)
(-0.046077 0.136988 0)
(-0.0404759 0.142076 0)
(-0.0353503 0.146406 0)
(-0.0306787 0.150073 0)
(-0.0264324 0.15316 0)
(-0.0225777 0.155742 0)
(-0.0190775 0.157883 0)
(-0.0158922 0.159641 0)
(-0.0129809 0.161063 0)
(-0.0103018 0.162189 0)
(-0.00781262 0.16305 0)
(-0.0054714 0.163682 0)
(-0.00321356 0.164467 0)
(-0.00103972 0.162535 0)
(-0.0708812 0.0895814 0)
(-0.0641654 0.100445 0)
(-0.0578331 0.11001 0)
(-0.0518141 0.118395 0)
(-0.0461628 0.125708 0)
(-0.0408995 0.132055 0)
(-0.0360316 0.137538 0)
(-0.0315545 0.142252 0)
(-0.0274545 0.146283 0)
(-0.0237108 0.14971 0)
(-0.0202977 0.152604 0)
(-0.0171856 0.155026 0)
(-0.0143422 0.157031 0)
(-0.0117337 0.158666 0)
(-0.0093247 0.159969 0)
(-0.00707961 0.160973 0)
(-0.00496251 0.16171 0)
(-0.00291054 0.162529 0)
(-0.00093773 0.160724 0)
(-0.0603994 0.0840719 0)
(-0.0548723 0.0950966 0)
(-0.0496162 0.104891 0)
(-0.0445907 0.113548 0)
(-0.0398445 0.121163 0)
(-0.0354003 0.127826 0)
(-0.031269 0.133629 0)
(-0.0274514 0.138656 0)
(-0.0239396 0.142989 0)
(-0.0207195 0.146699 0)
(-0.017772 0.149853 0)
(-0.0150741 0.152511 0)
(-0.0126004 0.154725 0)
(-0.0103232 0.156541 0)
(-0.00821374 0.157995 0)
(-0.00624232 0.159121 0)
(-0.00437921 0.159948 0)
(-0.00256359 0.160785 0)
(-0.000821699 0.15911 0)
(-0.0498345 0.0796113 0)
(-0.0454303 0.0907373 0)
(-0.0412051 0.100691 0)
(-0.0371412 0.109549 0)
(-0.0332807 0.117392 0)
(-0.0296464 0.124299 0)
(-0.0262512 0.130353 0)
(-0.0230991 0.135629 0)
(-0.020187 0.140203 0)
(-0.017506 0.144142 0)
(-0.0150425 0.147509 0)
(-0.0127797 0.15036 0)
(-0.0106979 0.152746 0)
(-0.00877569 0.154711 0)
(-0.00699002 0.156291 0)
(-0.00531708 0.157518 0)
(-0.00373311 0.15842 0)
(-0.00217969 0.159262 0)
(-0.000693893 0.157718 0)
(-0.0392271 0.076142 0)
(-0.0358908 0.0873223 0)
(-0.0326575 0.0973792 0)
(-0.0295266 0.106376 0)
(-0.026533 0.114382 0)
(-0.0236981 0.121469 0)
(-0.0210355 0.12771 0)
(-0.0185515 0.133177 0)
(-0.0162462 0.137936 0)
(-0.0141151 0.142053 0)
(-0.0121495 0.145587 0)
(-0.0103376 0.148591 0)
(-0.00866533 0.151114 0)
(-0.00711667 0.153197 0)
(-0.00567428 0.154878 0)
(-0.00431994 0.156186 0)
(-0.00303573 0.157148 0)
(-0.00176584 0.15798 0)
(-0.000556669 0.156567 0)
(-0.0286084 0.0736153 0)
(-0.0262956 0.0848112 0)
(-0.0240223 0.0949224 0)
(-0.0217993 0.104003 0)
(-0.0196551 0.112116 0)
(-0.0176089 0.119325 0)
(-0.0156739 0.125697 0)
(-0.0138576 0.131298 0)
(-0.012163 0.136192 0)
(-0.0105888 0.140439 0)
(-0.00913057 0.144096 0)
(-0.00778116 0.147214 0)
(-0.0065314 0.149839 0)
(-0.00537046 0.152012 0)
(-0.00428634 0.153769 0)
(-0.00326624 0.155138 0)
(-0.00229814 0.156145 0)
(-0.00132923 0.156957 0)
(-0.000412713 0.155669 0)
(-0.0180284 0.0720309 0)
(-0.01671 0.0832086 0)
(-0.0153745 0.0933315 0)
(-0.0140407 0.102448 0)
(-0.0127312 0.110614 0)
(-0.011463 0.117891 0)
(-0.0102484 0.12434 0)
(-0.00909603 0.130023 0)
(-0.0080108 0.135001 0)
(-0.0069946 0.139332 0)
(-0.00604674 0.143068 0)
(-0.00516438 0.14626 0)
(-0.00434297 0.148952 0)
(-0.00357661 0.151185 0)
(-0.00285839 0.152993 0)
(-0.00218077 0.154404 0)
(-0.00153809 0.155442 0)
(-0.000881694 0.156225 0)
(-0.000266475 0.155047 0)
(-0.00653884 0.0711391 0)
(-0.00614218 0.0822691 0)
(-0.0057177 0.0923685 0)
(-0.00527696 0.101481 0)
(-0.00483017 0.10966 0)
(-0.00438571 0.116962 0)
(-0.00395034 0.123447 0)
(-0.00352924 0.129172 0)
(-0.00312608 0.134197 0)
(-0.00274319 0.138575 0)
(-0.00238169 0.142359 0)
(-0.00204165 0.145597 0)
(-0.00172228 0.148332 0)
(-0.00142207 0.150604 0)
(-0.001139 0.152445 0)
(-0.000870628 0.153884 0)
(-0.00061629 0.154944 0)
(-0.000349433 0.155686 0)
(-0.000101759 0.154618 0)
)
;

boundaryField
{
    leftWall
    {
        type            noSlip;
    }
    rightWall
    {
        type            noSlip;
    }
    lowerWall
    {
        type            noSlip;
    }
    atmosphere
    {
        type            pressureInletOutletVelocity;
        value           nonuniform List<vector> 
46
(
(0 -0.233586 0)
(0 -0.233438 0)
(0 -0.230256 0)
(0 -0.225459 0)
(0 -0.2191 0)
(0 -0.211238 0)
(0 -0.201945 0)
(0 -0.191305 0)
(0 -0.179419 0)
(0 -0.166404 0)
(0 -0.152392 0)
(0 -0.137531 0)
(0 -0.121983 0)
(0 -0.105913 0)
(0 -0.0894948 0)
(0 -0.0728961 0)
(0 -0.0562778 0)
(0 -0.0397836 0)
(0 -0.02353 0)
(0 -0.00760986 0)
(-0.00783774 0.00788595 0)
(-0.00762565 0.0225077 0)
(-0.00743015 0.0361839 0)
(-0.00724448 0.0456823 0)
(-0.00710541 0.0515135 0)
(-0.00695817 0.0571212 0)
(-0.00680051 0.0625189 0)
(-0.00653884 0.0711391 0)
(-0.00614218 0.0822691 0)
(-0.0057177 0.0923685 0)
(-0.00527696 0.101481 0)
(-0.00483017 0.10966 0)
(-0.00438571 0.116962 0)
(-0.00395034 0.123447 0)
(-0.00352924 0.129172 0)
(-0.00312608 0.134197 0)
(-0.00274319 0.138575 0)
(-0.00238169 0.142359 0)
(-0.00204165 0.145597 0)
(-0.00172228 0.148332 0)
(-0.00142207 0.150604 0)
(-0.001139 0.152445 0)
(-0.000870628 0.153884 0)
(-0.00061629 0.154944 0)
(-0.000349433 0.155686 0)
(-0.000101759 0.154618 0)
)
;
    }
    defaultFaces
    {
        type            empty;
    }
}


// ************************************************************************* //
