/*--------------------------------*- C++ -*----------------------------------*\
  =========                 |
  \\      /  F ield         | OpenFOAM: The Open Source CFD Toolbox
   \\    /   O peration     | Website:  https://openfoam.org
    \\  /    A nd           | Version:  13
     \\/     M anipulation  |
\*---------------------------------------------------------------------------*/
FoamFile
{
    format      ascii;
    class       surfaceScalarField;
    location    "0.7";
    object      phi;
}
// * * * * * * * * * * * * * * * * * * * * * * * * * * * * * * * * * * * * * //

dimensions      [0 3 -1 0 0 0 0];

internalField   nonuniform List<scalar> 
4432
(
-3.57094e-06
3.57094e-06
-7.25825e-06
3.68732e-06
-9.70046e-06
2.44221e-06
-1.13747e-05
1.67424e-06
-1.21887e-05
8.13963e-07
-1.14417e-05
-7.46982e-07
-8.97365e-06
-2.46803e-06
-5.87074e-06
-3.10291e-06
-3.47846e-06
-2.39229e-06
-2.29204e-06
-1.18642e-06
-2.2201e-06
-7.19421e-08
-3.041e-06
8.209e-07
-4.43984e-06
1.39884e-06
-6.28213e-06
1.84229e-06
-8.62264e-06
2.34051e-06
-1.14064e-05
2.78371e-06
-1.37265e-05
2.32013e-06
-1.56133e-05
1.88686e-06
-1.96833e-05
4.06997e-06
-2.53164e-05
5.63307e-06
-2.48291e-05
-4.87254e-07
-1.47021e-05
-1.0127e-05
-1.47021e-05
-4.59488e-06
8.16581e-06
-7.84751e-06
6.93996e-06
-9.72843e-06
4.32313e-06
-1.13521e-05
3.29786e-06
-1.24377e-05
1.89964e-06
-1.19402e-05
-1.24448e-06
-9.47532e-06
-4.93294e-06
-6.15936e-06
-6.41887e-06
-3.54025e-06
-5.0114e-06
-2.23372e-06
-2.49294e-06
-1.87725e-06
-4.28422e-07
-2.07874e-06
1.0224e-06
-2.64959e-06
1.96969e-06
-3.52623e-06
2.71894e-06
-4.85424e-06
3.66853e-06
-7.06296e-06
4.99242e-06
-1.07683e-05
6.02547e-06
-1.5777e-05
6.89555e-06
-2.03753e-05
8.66824e-06
-2.18324e-05
7.09025e-06
-1.84623e-05
-3.85737e-06
-1.05054e-05
-1.80839e-05
-2.52075e-05
-3.74521e-06
1.1911e-05
-6.39459e-06
9.58934e-06
-8.4016e-06
6.33015e-06
-1.05459e-05
5.44217e-06
-1.21505e-05
3.50425e-06
-1.1936e-05
-1.45902e-06
-9.72981e-06
-7.13911e-06
-6.62581e-06
-9.52286e-06
-4.06795e-06
-7.56927e-06
-2.74324e-06
-3.81765e-06
-2.46496e-06
-7.06707e-07
-2.73838e-06
1.29582e-06
-3.16576e-06
2.39707e-06
-3.47827e-06
3.03145e-06
-3.54368e-06
3.73394e-06
-3.61123e-06
5.05997e-06
-4.56229e-06
6.97653e-06
-6.88762e-06
9.22087e-06
-9.15638e-06
1.0937e-05
-9.73517e-06
7.66904e-06
-7.95722e-06
-5.63533e-06
-4.10432e-06
-2.19368e-05
-2.93119e-05
-2.33395e-06
1.4245e-05
-4.25624e-06
1.15116e-05
-6.12525e-06
8.19916e-06
-8.02075e-06
7.33766e-06
-9.19306e-06
4.67655e-06
-8.88784e-06
-1.76424e-06
-7.46699e-06
-8.55996e-06
-5.76506e-06
-1.12248e-05
-4.33229e-06
-9.00204e-06
-3.46818e-06
-4.68175e-06
-3.29377e-06
-8.81121e-07
-3.61557e-06
1.61762e-06
-4.10952e-06
2.89102e-06
-4.4046e-06
3.32653e-06
-4.24589e-06
3.57524e-06
-3.4942e-06
4.30828e-06
-2.21657e-06
5.6989e-06
-7.75642e-07
7.77994e-06
8.4712e-07
9.31424e-06
2.48984e-06
6.02633e-06
2.57437e-06
-5.71986e-06
1.92302e-06
-2.12855e-05
-2.73888e-05
-5.15456e-07
1.47604e-05
-1.03868e-06
1.20349e-05
-2.09703e-06
9.25751e-06
-2.8237e-06
8.06434e-06
-2.53527e-06
4.38811e-06
-1.73197e-06
-2.56754e-06
-1.7074e-06
-8.58454e-06
-2.65572e-06
-1.02765e-05
-3.59514e-06
-8.06263e-06
-4.06382e-06
-4.21307e-06
-4.30181e-06
-6.43133e-07
-4.63964e-06
1.95546e-06
-5.048e-06
3.29938e-06
-5.24166e-06
3.5202e-06
-4.97511e-06
3.3087e-06
-4.21259e-06
3.54575e-06
-2.61414e-06
4.10046e-06
1.07689e-07
5.05811e-06
4.02206e-06
5.39987e-06
7.54732e-06
2.50107e-06
7.62738e-06
-5.79992e-06
4.74316e-06
-1.84013e-05
-2.26457e-05
1.79095e-06
1.29695e-05
3.08709e-06
1.07387e-05
3.83337e-06
8.51123e-06
5.03333e-06
6.86439e-06
6.73874e-06
2.68269e-06
7.26472e-06
-3.09352e-06
5.34536e-06
-6.66517e-06
1.76342e-06
-6.69453e-06
-1.90638e-06
-4.39283e-06
-4.24532e-06
-1.87412e-06
-5.2611e-06
3.72641e-07
-5.76447e-06
2.45884e-06
-6.07073e-06
3.60563e-06
-6.0386e-06
3.48806e-06
-5.52933e-06
2.79944e-06
-4.64208e-06
2.65849e-06
-3.28881e-06
2.74718e-06
-1.05788e-06
2.82719e-06
2.39618e-06
1.9458e-06
6.07876e-06
-1.18152e-06
6.97076e-06
-6.69191e-06
4.88115e-06
-1.63117e-05
-1.77645e-05
3.50361e-06
9.46588e-06
7.32846e-06
6.91387e-06
1.11373e-05
4.7024e-06
1.48761e-05
3.1256e-06
1.70666e-05
4.92115e-07
1.55491e-05
-1.57596e-06
1.0697e-05
-1.81313e-06
4.82425e-06
-8.21748e-07
-4.24386e-07
8.55804e-07
-4.03582e-06
1.73731e-06
-5.95313e-06
2.28995e-06
-6.87397e-06
3.37968e-06
-7.1781e-06
3.90977e-06
-6.9243e-06
3.23426e-06
-6.03742e-06
1.91256e-06
-4.88271e-06
1.50379e-06
-3.53784e-06
1.40231e-06
-1.79071e-06
1.08006e-06
4.95231e-07
-3.40138e-07
3.09226e-06
-3.77855e-06
4.28535e-06
-7.885e-06
3.76033e-06
-1.57867e-05
-1.40042e-05
6.49604e-06
2.96984e-06
1.38994e-05
-4.89443e-07
1.90777e-05
-4.75915e-07
2.16885e-05
5.14734e-07
2.07221e-05
1.45856e-06
1.59101e-05
3.23602e-06
9.39481e-06
4.70218e-06
3.58457e-06
4.98848e-06
-7.31746e-07
5.17212e-06
-3.77738e-06
4.78295e-06
-5.83491e-06
4.34748e-06
-7.31538e-06
4.86015e-06
-8.049e-06
4.64339e-06
-7.88228e-06
3.06753e-06
-6.73579e-06
7.66068e-07
-5.30255e-06
7.05481e-08
-3.8014e-06
-9.8841e-08
-2.12425e-06
-5.97093e-07
-3.3874e-07
-2.12565e-06
1.30703e-06
-5.42433e-06
2.26583e-06
-8.8438e-06
2.51204e-06
-1.60329e-05
-1.14922e-05
-2.78653e-05
2.78653e-05
-4.96959e-05
2.18307e-05
-4.51355e-05
-4.56044e-06
-3.0982e-05
-1.41535e-05
-1.84831e-05
-1.24989e-05
-7.36776e-06
-1.11153e-05
1.82451e-05
-2.56129e-05
2.36481e-05
-5.40297e-06
-8.88089e-06
3.2529e-05
-6.5611e-05
5.67301e-05
-0.000111526
4.59153e-05
-0.000129035
1.75085e-05
-0.000127114
-1.92111e-06
-0.0001175
-9.61369e-06
-0.000104067
-1.34333e-05
-8.39496e-05
-2.01172e-05
-4.78245e-05
-3.61251e-05
-6.91141e-07
-4.71333e-05
-6.91133e-07
-3.2939e-05
6.08042e-05
-4.08259e-05
2.97176e-05
-2.99172e-05
-1.54691e-05
-1.69106e-05
-2.71601e-05
-6.02112e-06
-2.33884e-05
4.58657e-06
-2.1723e-05
2.05778e-05
-4.16042e-05
-5.37493e-06
2.05498e-05
-7.2759e-05
9.99131e-05
-0.000131952
0.000115924
-0.000155616
6.95792e-05
-0.000155562
1.74542e-05
-0.000149187
-8.29641e-06
-0.000139475
-1.93256e-05
-0.000125307
-2.76005e-05
-0.00010476
-4.0665e-05
-7.06021e-05
-7.02826e-05
-2.27054e-05
-9.50301e-05
-2.33965e-05
-2.25974e-05
8.34016e-05
-2.21196e-05
2.92398e-05
-1.17376e-05
-2.58511e-05
2.00062e-08
-3.89177e-05
6.59857e-06
-2.9967e-05
7.08053e-06
-2.2205e-05
-4.66198e-06
-2.98617e-05
-5.92932e-05
7.51811e-05
-0.000125138
0.000165757
-0.000167928
0.000158714
-0.000191444
9.30954e-05
-0.000199374
2.53847e-05
-0.000194003
-1.36679e-05
-0.000178856
-3.4473e-05
-0.0001574
-4.9056e-05
-0.00012958
-6.84853e-05
-9.09961e-05
-0.000108866
-3.95033e-05
-0.000146523
-6.28998e-05
-8.4523e-06
9.18539e-05
1.65831e-06
1.91292e-05
7.51506e-06
-3.17078e-05
1.5884e-05
-4.72867e-05
1.69261e-05
-3.10091e-05
4.57416e-06
-9.85304e-06
-2.74078e-05
2.12025e-06
-8.78044e-05
0.000135578
-0.000145757
0.00022371
-0.000171054
0.00018401
-0.00019628
0.000118322
-0.000219437
4.85414e-05
-0.000215726
-1.73786e-05
-0.000195897
-5.4302e-05
-0.000174374
-7.05788e-05
-0.000148678
-9.41812e-05
-0.000107837
-0.000149707
-4.65886e-05
-0.000207772
-0.000109488
4.29815e-06
8.75558e-05
1.63152e-05
7.11209e-06
2.55674e-05
-4.096e-05
3.11066e-05
-5.28259e-05
2.56251e-05
-2.55276e-05
1.66482e-06
1.41073e-05
-4.19896e-05
4.57746e-05
-0.0001023
0.000195888
-0.000146144
0.000267554
-0.000168735
0.000206601
-0.000195616
0.000145203
-0.000202167
5.50926e-05
-0.000185871
-3.36746e-05
-0.000161974
-7.81992e-05
-0.000135417
-9.71361e-05
-0.000122129
-0.000107469
-0.000110326
-0.00016151
-4.5022e-05
-0.000273076
-0.00015451
2.14288e-05
6.6127e-05
3.14095e-05
-2.86866e-06
4.0775e-05
-5.03254e-05
4.47508e-05
-5.68017e-05
3.42805e-05
-1.50573e-05
2.44154e-06
4.59462e-05
-4.42407e-05
9.24568e-05
-9.96453e-05
0.000251293
-0.000133447
0.000301356
-0.000156147
0.0002293
-0.000175132
0.000164189
-0.000162696
4.2657e-05
-0.000134288
-6.20831e-05
-9.7783e-05
-0.000114704
-5.4645e-05
-0.000140274
-3.62179e-05
-0.000125896
-6.81157e-05
-0.000129612
-3.83263e-05
-0.000302865
-0.000192837
3.10178e-05
3.51092e-05
4.34556e-05
-1.53065e-05
5.27494e-05
-5.96191e-05
5.61282e-05
-6.01805e-05
4.24118e-05
-1.3409e-06
6.42172e-06
8.19363e-05
-3.62204e-05
0.000135099
-7.28014e-05
0.000287874
-0.000105854
0.000334408
-0.000135448
0.000258895
-0.000143557
0.000172298
-0.000123079
2.21788e-05
-8.99322e-05
-9.523e-05
-5.07271e-05
-0.000153909
-2.21164e-06
-0.00018879
4.03202e-05
-0.000168428
6.93333e-06
-9.62253e-05
-2.90169e-05
-0.000266915
-0.000221854
3.0233e-05
4.87618e-06
4.8735e-05
-3.38085e-05
5.85907e-05
-6.94748e-05
6.21057e-05
-6.36955e-05
4.53199e-05
1.54449e-05
1.22423e-05
0.000115014
-2.5004e-05
0.000172345
-4.0887e-05
0.000303757
-6.99695e-05
0.000363491
-0.000101568
0.000290493
-0.000109595
0.000180325
-8.48782e-05
-2.53804e-06
-4.96576e-05
-0.000130451
-1.17049e-05
-0.000191862
2.15231e-05
-0.000222018
6.91429e-05
-0.000216048
7.1575e-05
-9.86573e-05
-1.73368e-05
-0.000178003
-0.00023919
5.21129e-06
-2.24145e-06
4.55358e-07
4.26649e-06
-5.82698e-06
5.80643e-06
-9.62717e-06
4.31492e-06
-1.09742e-05
2.80561e-06
-1.18568e-05
4.1186e-06
-1.27742e-05
5.6196e-06
-1.33183e-05
5.5326e-06
-1.30568e-05
4.91059e-06
-1.26995e-05
4.42569e-06
-1.32357e-05
4.88363e-06
-1.49856e-05
6.61008e-06
-1.67339e-05
6.39165e-06
-1.64195e-05
2.75313e-06
-1.34314e-05
-2.222e-06
-1.04673e-05
-2.89355e-06
-8.1368e-06
-2.42935e-06
-5.49753e-06
-3.23636e-06
-2.21997e-06
-5.4032e-06
7.06396e-07
-8.3507e-06
3.6384e-06
-1.17758e-05
5.29176e-06
-1.76862e-05
-1.82879e-05
1.20875e-05
-0.000112634
0.000110392
-0.000121782
1.3415e-05
-9.92408e-05
-1.6735e-05
-8.35897e-05
-1.13362e-05
-7.62155e-05
-4.56863e-06
-7.37398e-05
1.64298e-06
-7.22911e-05
4.17091e-06
-6.74883e-05
7.29751e-07
-5.72446e-05
-5.33315e-06
-4.43271e-05
-8.49176e-06
-3.15812e-05
-7.86232e-06
-2.32654e-05
-1.70569e-06
-1.67908e-05
-8.2937e-08
-1.0859e-05
-3.17867e-06
-6.99196e-06
-6.08904e-06
-5.36404e-06
-4.52147e-06
-4.33484e-06
-3.45856e-06
-1.57717e-06
-5.99402e-06
1.59975e-06
-8.58013e-06
2.51549e-06
-9.26643e-06
3.58542e-06
-1.28457e-05
5.99273e-06
-2.00935e-05
-2.46069e-05
1.23118e-05
-6.19212e-05
0.000172313
-0.00011276
6.42537e-05
-0.000153982
2.4487e-05
-0.000192808
2.74903e-05
-0.000221984
2.46069e-05
-0.000238591
1.82502e-05
-0.000241572
7.15219e-06
-0.00022976
-1.10827e-05
-0.00020122
-3.38727e-05
-0.000163618
-4.6094e-05
-0.000114591
-5.68897e-05
-8.38211e-05
-3.24754e-05
-7.11137e-05
-1.27904e-05
-6.38997e-05
-1.03927e-05
-5.22422e-05
-1.77465e-05
-3.65097e-05
-2.02539e-05
-2.66923e-05
-1.3276e-05
-1.82631e-05
-1.44232e-05
-1.14901e-05
-1.53531e-05
-8.48749e-06
-1.2269e-05
-7.9593e-06
-1.33739e-05
-6.45143e-06
-2.16014e-05
-2.477e-05
-6.28838e-06
-2.4419e-05
0.000196732
-6.6599e-05
0.000106434
-0.000108007
6.58952e-05
-0.000133331
5.28142e-05
-0.000148767
4.00433e-05
-0.000158242
2.77252e-05
-0.00016491
1.38201e-05
-0.000179949
3.95573e-06
-0.000214252
4.31001e-07
-0.000251607
-8.73954e-06
-0.000293224
-1.52725e-05
-0.000324967
-7.32546e-07
-0.000348112
1.03551e-05
-0.000353814
-4.69111e-06
-0.000338427
-3.31332e-05
-0.000302763
-5.59175e-05
-0.000251356
-6.46839e-05
-0.000203694
-6.20849e-05
-0.000164679
-5.43682e-05
-0.000135748
-4.11994e-05
-0.000117225
-3.18969e-05
-0.000112083
-2.67438e-05
-1.99063e-05
-0.000116947
1.97315e-05
0.000177001
-1.04536e-05
0.000136619
-3.16766e-05
8.71183e-05
-3.83973e-05
5.95351e-05
-4.21119e-05
4.37579e-05
-4.37673e-05
2.93806e-05
-4.07651e-05
1.08178e-05
-4.46005e-05
7.79118e-06
-6.54574e-05
2.12879e-05
-0.000107042
3.28447e-05
-0.000154118
3.18039e-05
-0.000190028
3.51778e-05
-0.000216473
3.68001e-05
-0.000243594
2.24295e-05
-0.000278572
1.84475e-06
-0.000304922
-2.95673e-05
-0.000292823
-7.67827e-05
-0.000269635
-8.5273e-05
-0.000255932
-6.80708e-05
-0.000256462
-4.067e-05
-0.000274092
-1.42662e-05
-0.000294977
-5.85934e-06
-1.93214e-05
-0.000295562
3.77671e-05
0.000139234
3.08214e-05
0.000143565
1.97689e-05
9.81709e-05
1.62516e-05
6.30526e-05
1.14169e-05
4.85927e-05
-1.1174e-06
4.1915e-05
-1.78007e-05
2.75011e-05
-3.10443e-05
2.10348e-05
-3.77026e-05
2.79462e-05
-4.6626e-05
4.17682e-05
-6.69572e-05
5.2135e-05
-9.10124e-05
5.9233e-05
-0.000119512
6.52996e-05
-0.000165859
6.87766e-05
-0.000227277
6.32626e-05
-0.000280562
2.37183e-05
-0.000317961
-3.93838e-05
-0.000310597
-9.26368e-05
-0.000303199
-7.54687e-05
-0.000284485
-5.93847e-05
-0.000257438
-4.13131e-05
-0.000216168
-4.71295e-05
-4.69672e-05
-0.000188522
2.56934e-05
0.000113541
4.17868e-05
0.000127472
4.05814e-05
9.93765e-05
3.28365e-05
7.07976e-05
2.32757e-05
5.81534e-05
1.10928e-05
5.40979e-05
-6.36317e-06
4.4957e-05
-2.58949e-05
4.05666e-05
-3.90734e-05
4.11248e-05
-4.41616e-05
4.68565e-05
-4.9977e-05
5.79504e-05
-6.07137e-05
6.99698e-05
-7.24083e-05
7.69942e-05
-8.49955e-05
8.13638e-05
-0.000102142
8.04087e-05
-0.000127921
4.94979e-05
-0.000168984
1.67883e-06
-0.000220547
-4.10736e-05
-0.00024823
-4.77859e-05
-0.000253588
-5.40265e-05
-0.000216979
-7.79222e-05
-0.000176165
-8.79431e-05
-6.76117e-05
-0.000155521
9.17505e-06
0.000104366
3.03247e-05
0.000106322
3.52277e-05
9.44736e-05
2.83313e-05
7.76941e-05
1.7929e-05
6.85557e-05
7.37762e-06
6.46492e-05
-7.19363e-06
5.95282e-05
-2.38023e-05
5.71753e-05
-3.76017e-05
5.49242e-05
-4.653e-05
5.57848e-05
-5.20164e-05
6.34368e-05
-5.69489e-05
7.49023e-05
-6.10975e-05
8.11428e-05
-6.25579e-05
8.28243e-05
-6.70295e-05
8.48803e-05
-9.38938e-05
7.63623e-05
-0.000147023
5.48076e-05
-0.00021869
3.05934e-05
-0.000273403
6.92723e-06
-0.000295995
-3.14344e-05
-0.000285123
-8.87936e-05
-0.000243044
-0.000130022
-0.000110759
-0.000199897
1.77274e-06
0.000102593
1.64175e-05
9.16775e-05
2.12072e-05
8.9684e-05
1.70805e-05
8.18207e-05
9.43962e-06
7.61966e-05
1.31144e-06
7.27773e-05
-9.54783e-06
7.03875e-05
-2.13026e-05
6.89302e-05
-3.30041e-05
6.66256e-05
-4.33222e-05
6.61028e-05
-5.02921e-05
7.04067e-05
-5.39568e-05
7.8567e-05
-5.72576e-05
8.44436e-05
-6.12996e-05
8.68663e-05
-6.69384e-05
9.0519e-05
-8.27371e-05
9.21608e-05
-0.000114656
8.67269e-05
-0.000159426
7.53627e-05
-0.000208234
5.57354e-05
-0.000252953
1.32847e-05
-0.000279479
-6.22678e-05
-0.000277469
-0.000132031
-0.000134609
-0.000253618
5.45901e-07
0.000102047
7.80307e-06
8.44204e-05
1.03714e-05
8.71156e-05
8.12702e-06
8.40649e-05
3.42374e-06
8.08998e-05
-2.19368e-06
7.83947e-05
-9.32998e-06
7.75238e-05
-1.74257e-05
7.70258e-05
-2.67789e-05
7.59788e-05
-3.63367e-05
7.56605e-05
-4.37612e-05
7.78312e-05
-4.80821e-05
8.28878e-05
-5.20743e-05
8.84358e-05
-5.8385e-05
9.31771e-05
-6.68092e-05
9.89432e-05
-7.94183e-05
0.00010477
-0.000100789
0.000108097
-0.000134308
0.000108883
-0.00018033
0.000101757
-0.000228081
6.10363e-05
-0.000263551
-2.67982e-05
-0.000282257
-0.000113326
-0.000152229
-0.000264637
3.49763e-07
0.000101698
3.45394e-06
8.13162e-05
4.62435e-06
8.59451e-05
3.31916e-06
8.537e-05
5.03866e-07
8.37149e-05
-3.22266e-06
8.21212e-05
-7.82177e-06
8.21228e-05
-1.33477e-05
8.25517e-05
-2.01768e-05
8.28079e-05
-2.77102e-05
8.31938e-05
-3.45698e-05
8.46906e-05
-3.99121e-05
8.82299e-05
-4.50513e-05
9.35749e-05
-5.20073e-05
0.000100133
-6.09873e-05
0.000107923
-7.22463e-05
0.000116029
-8.8089e-05
0.00012394
-0.000112853
0.000133647
-0.000151177
0.00014008
-0.000201168
0.000111028
-0.000250815
2.28488e-05
-0.000284826
-7.93155e-05
-0.000156443
-0.000280611
-3.70355e-08
0.000101735
1.29045e-06
7.99885e-05
1.92515e-06
8.53103e-05
1.11826e-06
8.61768e-05
-6.5179e-07
8.54849e-05
-3.22044e-06
8.46897e-05
-6.27228e-06
8.51746e-05
-9.93172e-06
8.62111e-05
-1.44828e-05
8.73589e-05
-1.98328e-05
8.85438e-05
-2.55268e-05
9.03846e-05
-3.10881e-05
9.37911e-05
-3.67717e-05
9.92585e-05
-4.33784e-05
0.00010674
-5.11999e-05
0.000115744
-6.03702e-05
0.000125199
-7.18059e-05
0.000135375
-8.81649e-05
0.000150006
-0.00011565
0.000167566
-0.000162229
0.000157607
-0.000222818
8.34387e-05
-0.000274152
-2.79816e-05
-0.000115047
-0.000315549
-3.20716e-07
0.000102055
3.01528e-07
7.93661e-05
6.97779e-07
8.49139e-05
1.47295e-07
8.67271e-05
-1.04156e-06
8.66737e-05
-2.83104e-06
8.64791e-05
-4.90076e-06
8.72441e-05
-7.29202e-06
8.86023e-05
-1.0231e-05
9.02978e-05
-1.39018e-05
9.22145e-05
-1.82811e-05
9.47638e-05
-2.31266e-05
9.86366e-05
-2.82447e-05
0.000104377
-3.36612e-05
0.000112156
-3.95283e-05
0.000121611
-4.6145e-05
0.000131816
-5.38379e-05
0.000143068
-6.36458e-05
0.000159814
-8.1962e-05
0.000185882
-0.000124258
0.000199903
-0.000189107
0.000148287
-0.000246526
2.94374e-05
-4.77891e-05
-0.000313784
-3.71173e-07
0.000102426
-5.04312e-08
7.90452e-05
2.17736e-07
8.46456e-05
-1.57671e-07
8.71025e-05
-9.49537e-07
8.74655e-05
-2.16963e-06
8.76992e-05
-3.58479e-06
8.86593e-05
-5.17977e-06
9.01972e-05
-7.10447e-06
9.22225e-05
-9.5793e-06
9.46892e-05
-1.26828e-05
9.78673e-05
-1.62653e-05
0.000102219
-2.0033e-05
0.000108144
-2.37311e-05
0.000115854
-2.73694e-05
0.00012525
-3.13061e-05
0.000135753
-3.5669e-05
0.000147431
-4.0149e-05
0.000164294
-4.81237e-05
0.000193857
-7.47036e-05
0.000226483
-0.000131859
0.000205443
-0.000190637
8.82155e-05
8.60837e-06
-0.000247034
-2.43064e-07
0.000102669
-2.85951e-08
7.88307e-05
1.93348e-07
8.44236e-05
-7.86731e-10
8.72966e-05
-4.67651e-07
8.79323e-05
-1.2377e-06
8.84692e-05
-2.16611e-06
8.95877e-05
-3.21373e-06
9.12448e-05
-4.43993e-06
9.34486e-05
-5.98476e-06
9.6234e-05
-7.89922e-06
9.97819e-05
-1.00585e-05
0.000104378
-1.2197e-05
0.000110283
-1.40266e-05
0.000117684
-1.54421e-05
0.000126665
-1.67202e-05
0.000137031
-1.79695e-05
0.000148681
-1.8094e-05
0.000164419
-1.65637e-05
0.000192327
-2.48014e-05
0.000234721
-6.93582e-05
0.00025
-0.000140532
0.000159389
6.04908e-05
-0.000192414
-2.81881e-08
0.000102697
2.01546e-07
7.86007e-05
4.57767e-07
8.41673e-05
4.63425e-07
8.7291e-05
2.97867e-07
8.80979e-05
-6.81561e-08
8.88351e-05
-5.54195e-07
9.00737e-05
-1.1196e-06
9.18103e-05
-1.74823e-06
9.40772e-05
-2.48793e-06
9.69738e-05
-3.32329e-06
0.000100617
-4.12936e-06
0.000105185
-4.68743e-06
0.000110841
-4.7558e-06
0.000117752
-4.11661e-06
0.000126026
-2.85014e-06
0.000135765
-9.66432e-07
0.000146797
2.98736e-06
0.000160465
1.18131e-05
0.000183501
2.30713e-05
0.000223463
1.12165e-05
0.000261854
-5.56821e-05
0.000226288
0.000127086
-0.000122277
2.22313e-07
0.000102475
5.18737e-07
7.83043e-05
8.82436e-07
8.38035e-05
1.10872e-06
8.70646e-05
1.24133e-06
8.79652e-05
1.26646e-06
8.881e-05
1.22438e-06
9.01156e-05
1.169e-06
9.18656e-05
1.11577e-06
9.41303e-05
1.12545e-06
9.69641e-05
1.26078e-06
0.000100482
1.64878e-06
0.000104797
2.48445e-06
0.000110005
3.98988e-06
0.000116247
6.34163e-06
0.000123674
9.76937e-06
0.000132337
1.43336e-05
0.000142233
2.10078e-05
0.000153791
3.40779e-05
0.000170431
5.80408e-05
0.0001995
8.14526e-05
0.000238443
6.06132e-05
0.000247127
0.000193037
-5.33736e-06
4.78018e-07
0.000101997
8.84282e-07
7.78978e-05
1.39982e-06
8.3288e-05
1.85301e-06
8.66113e-05
2.2726e-06
8.75455e-05
2.65663e-06
8.8426e-05
3.04382e-06
8.97285e-05
3.46941e-06
9.14401e-05
4.00211e-06
9.35977e-05
4.70056e-06
9.62658e-05
5.67282e-06
9.951e-05
7.05041e-06
0.000103419
8.99263e-06
0.000108063
1.17237e-05
0.000113515
1.55262e-05
0.000119872
2.06683e-05
0.000127195
2.74226e-05
0.000135478
3.64788e-05
0.000144734
5.08942e-05
0.000156015
7.7216e-05
0.000173178
0.000115928
0.00019973
0.000142885
0.000220171
0.000205219
0.000130702
7.13691e-07
0.000101283
1.25052e-06
7.73608e-05
1.94598e-06
8.25924e-05
2.62771e-06
8.59296e-05
3.32204e-06
8.68512e-05
4.03988e-06
8.77081e-05
4.81972e-06
8.89488e-05
5.70603e-06
9.05536e-05
6.76415e-06
9.25395e-05
8.08156e-06
9.49484e-05
9.74928e-06
9.78423e-05
1.19185e-05
0.00010125
1.47529e-05
0.000105229
1.84609e-05
0.000109807
2.33053e-05
0.000115028
2.9619e-05
0.000120881
3.77778e-05
0.000127319
4.82988e-05
0.000134213
6.27489e-05
0.000141565
8.56952e-05
0.000150232
0.000122961
0.000162465
0.0001676
0.000175532
0.000171443
0.000201376
9.29473e-07
0.000100354
1.60358e-06
7.66868e-05
2.48051e-06
8.17154e-05
3.3843e-06
8.50256e-05
4.33262e-06
8.59028e-05
5.34886e-06
8.66917e-05
6.47342e-06
8.78242e-05
7.75782e-06
8.92692e-05
9.26685e-06
9.10305e-05
1.10827e-05
9.31325e-05
1.3318e-05
9.5607e-05
1.60975e-05
9.8471e-05
1.95799e-05
0.000101746
2.39636e-05
0.000105423
2.94953e-05
0.000109496
3.64796e-05
0.000113897
4.528e-05
0.000118519
5.63286e-05
0.000123165
7.03552e-05
0.000127539
8.92926e-05
0.000131294
0.000117437
0.00013432
0.000156147
0.000136822
0.000131006
0.000196584
1.127e-06
9.92265e-05
1.92636e-06
7.58874e-05
2.98126e-06
8.06606e-05
4.08868e-06
8.39182e-05
5.2639e-06
8.47276e-05
6.53822e-06
8.54174e-05
7.95405e-06
8.64084e-05
9.56189e-06
8.76614e-05
1.14308e-05
8.91616e-05
1.36429e-05
9.09203e-05
1.62961e-05
9.29541e-05
1.95072e-05
9.52599e-05
2.34237e-05
9.78296e-05
2.82208e-05
0.000100626
3.4112e-05
0.000103605
4.13387e-05
0.00010667
5.01986e-05
0.000109659
6.10192e-05
0.000112344
7.41869e-05
0.000114371
9.02523e-05
0.000115229
0.000110511
0.000114062
0.000136898
0.000110435
0.000101468
0.000166436
1.30355e-06
9.79231e-05
2.21483e-06
7.49763e-05
3.42604e-06
7.94494e-05
4.71557e-06
8.26287e-05
6.08669e-06
8.33564e-05
7.57517e-06
8.3929e-05
9.22579e-06
8.47577e-05
1.1089e-05
8.57983e-05
1.32322e-05
8.70183e-05
1.57289e-05
8.84235e-05
1.86712e-05
9.00121e-05
2.21619e-05
9.17691e-05
2.63284e-05
9.36631e-05
3.1313e-05
9.56421e-05
3.72895e-05
9.76283e-05
4.44455e-05
9.95143e-05
5.29863e-05
0.000101118
6.31257e-05
0.000102205
7.50687e-05
0.000102428
8.89632e-05
0.000101334
0.000104781
9.82445e-05
0.000122861
9.23547e-05
8.23088e-05
0.00014202
1.45815e-06
9.6465e-05
2.46333e-06
7.39713e-05
3.80887e-06
7.81038e-05
5.25039e-06
8.11871e-05
6.78326e-06
8.18235e-05
8.44431e-06
8.2268e-05
1.02769e-05
8.29251e-05
1.23324e-05
8.37427e-05
1.4668e-05
8.46827e-05
1.73545e-05
8.57372e-05
2.04719e-05
8.68949e-05
2.41095e-05
8.81312e-05
2.83723e-05
8.94003e-05
3.33728e-05
9.06417e-05
3.92401e-05
9.17609e-05
4.61083e-05
9.2646e-05
5.41074e-05
9.31191e-05
6.33556e-05
9.29566e-05
7.39314e-05
9.18523e-05
8.58465e-05
8.94192e-05
9.88765e-05
8.52143e-05
0.000112608
7.86231e-05
6.87905e-05
0.000126126
1.58942e-06
9.48756e-05
2.67255e-06
7.28882e-05
4.12456e-06
7.66519e-05
5.68661e-06
7.9625e-05
7.34587e-06
8.01642e-05
9.137e-06
8.04768e-05
1.1102e-05
8.09603e-05
1.32885e-05
8.15562e-05
1.57494e-05
8.22216e-05
1.85458e-05
8.29409e-05
2.17448e-05
8.36958e-05
2.54229e-05
8.4453e-05
2.96608e-05
8.51624e-05
3.45462e-05
8.57564e-05
4.01664e-05
8.61406e-05
4.66135e-05
8.61988e-05
5.39582e-05
8.57744e-05
6.22474e-05
8.46674e-05
7.14754e-05
8.26242e-05
8.15597e-05
7.93348e-05
9.22841e-05
7.44899e-05
0.000103185
6.77219e-05
5.84619e-05
0.000113514
1.69798e-06
9.31779e-05
2.84277e-06
7.17434e-05
4.37409e-06
7.51206e-05
6.02448e-06
7.79746e-05
7.77495e-06
7.84137e-05
9.65475e-06
7.8597e-05
1.1706e-05
7.89091e-05
1.39706e-05
7.92915e-05
1.64957e-05
7.96965e-05
1.93336e-05
8.01032e-05
2.25391e-05
8.04902e-05
2.61724e-05
8.08197e-05
3.0296e-05
8.10388e-05
3.49743e-05
8.10781e-05
4.0264e-05
8.08508e-05
4.62178e-05
8.0245e-05
5.28653e-05
7.9127e-05
6.02075e-05
7.73252e-05
6.81907e-05
7.4641e-05
7.6687e-05
7.08384e-05
8.54809e-05
6.56959e-05
9.42036e-05
5.89991e-05
5.03728e-05
0.000102293
1.78528e-06
9.13926e-05
2.97618e-06
7.05527e-05
4.56154e-06
7.35352e-05
6.26949e-06
7.62668e-05
8.0754e-06
7.66079e-05
1.00076e-05
7.6665e-05
1.21017e-05
7.68149e-05
1.43977e-05
7.69955e-05
1.69341e-05
7.71602e-05
1.97547e-05
7.72826e-05
2.29044e-05
7.73404e-05
2.64313e-05
7.72929e-05
3.03795e-05
7.70906e-05
3.47914e-05
7.66662e-05
3.97016e-05
7.59405e-05
4.51342e-05
7.48124e-05
5.10925e-05
7.31687e-05
5.75466e-05
7.0871e-05
6.44232e-05
6.77643e-05
7.15869e-05
6.36745e-05
7.88367e-05
5.84461e-05
8.58814e-05
5.19544e-05
4.39561e-05
9.22981e-05
1.85462e-06
8.95379e-05
3.07295e-06
6.93343e-05
4.68876e-06
7.19194e-05
6.425e-06
7.45306e-05
8.25637e-06
7.47766e-05
1.02068e-05
7.47149e-05
1.23079e-05
7.47137e-05
1.45942e-05
7.47093e-05
1.70995e-05
7.4655e-05
1.98568e-05
7.45252e-05
2.2904e-05
7.42933e-05
2.62753e-05
7.39216e-05
3.00032e-05
7.33628e-05
3.4113e-05
7.25564e-05
3.86231e-05
7.14304e-05
4.35362e-05
6.98993e-05
4.8838e-05
6.78667e-05
5.44849e-05
6.52239e-05
6.03958e-05
6.18532e-05
6.64427e-05
5.76276e-05
7.24514e-05
5.24374e-05
7.81939e-05
4.62118e-05
3.87966e-05
8.33532e-05
1.91212e-06
8.76258e-05
3.13333e-06
6.8113e-05
4.75916e-06
7.02937e-05
6.49975e-06
7.279e-05
8.33029e-06
7.29461e-05
1.02705e-05
7.27749e-05
1.23478e-05
7.26365e-05
1.45909e-05
7.24663e-05
1.70281e-05
7.22178e-05
1.96864e-05
7.18668e-05
2.25949e-05
7.1385e-05
2.57777e-05
7.07388e-05
2.92568e-05
6.98835e-05
3.30464e-05
6.87666e-05
3.71516e-05
6.73251e-05
4.1563e-05
6.54878e-05
4.6255e-05
6.31746e-05
5.11773e-05
6.03016e-05
5.62501e-05
5.67804e-05
6.13579e-05
5.25199e-05
6.63536e-05
4.74417e-05
7.10604e-05
4.1505e-05
3.46143e-05
7.52426e-05
1.96823e-06
8.56577e-05
3.15862e-06
6.69225e-05
4.77355e-06
6.86789e-05
6.49797e-06
7.10657e-05
8.30798e-06
7.11361e-05
1.02134e-05
7.08695e-05
1.22417e-05
7.06083e-05
1.4416e-05
7.02922e-05
1.67592e-05
6.98746e-05
1.92926e-05
6.93333e-05
2.20372e-05
6.86404e-05
2.50113e-05
6.77647e-05
2.82273e-05
6.66672e-05
3.16919e-05
6.53019e-05
3.54006e-05
6.36163e-05
3.93372e-05
6.15511e-05
4.34695e-05
5.90421e-05
4.77475e-05
5.60235e-05
5.20956e-05
5.24325e-05
5.64119e-05
4.82037e-05
6.05723e-05
4.32813e-05
6.44388e-05
3.76384e-05
3.12179e-05
6.78351e-05
2.03252e-06
8.36251e-05
3.15497e-06
6.58e-05
4.7329e-06
6.71008e-05
6.42494e-06
6.93736e-05
8.197e-06
6.93641e-05
1.00494e-05
6.90171e-05
1.20096e-05
6.86482e-05
1.4096e-05
6.82058e-05
1.63265e-05
6.76441e-05
1.87186e-05
6.69412e-05
2.12875e-05
6.60715e-05
2.40446e-05
6.50074e-05
2.69964e-05
6.37152e-05
3.01426e-05
6.21557e-05
3.34739e-05
6.0285e-05
3.69704e-05
5.80546e-05
4.05985e-05
5.54141e-05
4.43083e-05
5.23137e-05
4.80327e-05
4.8708e-05
5.16837e-05
4.45526e-05
5.5157e-05
3.98079e-05
5.83404e-05
3.44549e-05
2.84588e-05
6.10996e-05
2.10417e-06
8.15208e-05
3.13367e-06
6.47702e-05
4.642e-06
6.55925e-05
6.28568e-06
6.77298e-05
8.00271e-06
6.76472e-05
9.78568e-06
6.72342e-05
1.16618e-05
6.67723e-05
1.36463e-05
6.62214e-05
1.57531e-05
6.55373e-05
1.79964e-05
6.46979e-05
2.03856e-05
6.36823e-05
2.29272e-05
6.24656e-05
2.56233e-05
6.10192e-05
2.84693e-05
5.93097e-05
3.14532e-05
5.73013e-05
3.45526e-05
5.49552e-05
3.77346e-05
5.22321e-05
4.09539e-05
4.90945e-05
4.41519e-05
4.55099e-05
4.7254e-05
4.14504e-05
5.01725e-05
3.68894e-05
5.2815e-05
3.18125e-05
2.61972e-05
5.50767e-05
2.17445e-06
7.93462e-05
3.10121e-06
6.38431e-05
4.50596e-06
6.41878e-05
6.08078e-06
6.61549e-05
7.72347e-06
6.60046e-05
9.42037e-06
6.55375e-05
1.11974e-05
6.49952e-05
1.30676e-05
6.43511e-05
1.50423e-05
6.35627e-05
1.71319e-05
6.26084e-05
1.9342e-05
6.14721e-05
2.16751e-05
6.01325e-05
2.41299e-05
5.85644e-05
2.66988e-05
5.67409e-05
2.93684e-05
5.46317e-05
3.2117e-05
5.22066e-05
3.4914e-05
4.94352e-05
3.7719e-05
4.62895e-05
4.04822e-05
4.27468e-05
4.31424e-05
3.87902e-05
4.56288e-05
3.4403e-05
4.78653e-05
2.95761e-05
2.42933e-05
4.97693e-05
2.23602e-06
7.71099e-05
3.05371e-06
6.30252e-05
4.32312e-06
6.29184e-05
5.8051e-06
6.46728e-05
7.3518e-06
6.44579e-05
8.94296e-06
6.39464e-05
1.06033e-05
6.33347e-05
1.23442e-05
6.26102e-05
1.41757e-05
6.17313e-05
1.61042e-05
6.068e-05
1.81326e-05
5.94436e-05
2.02607e-05
5.80045e-05
2.24839e-05
5.63413e-05
2.47941e-05
5.44307e-05
2.71776e-05
5.22481e-05
2.9614e-05
4.97701e-05
3.20757e-05
4.69734e-05
3.45288e-05
4.38365e-05
3.69318e-05
4.03439e-05
3.92368e-05
3.64853e-05
4.13879e-05
3.22521e-05
4.33249e-05
2.76392e-05
2.2634e-05
4.49844e-05
2.28498e-06
7.48247e-05
2.98454e-06
6.23256e-05
4.08923e-06
6.18136e-05
5.45199e-06
6.331e-05
6.87735e-06
6.30325e-05
8.33906e-06
6.24846e-05
9.86087e-06
6.18128e-05
1.14529e-05
6.10182e-05
1.31239e-05
6.00604e-05
1.48765e-05
5.89274e-05
1.67113e-05
5.76089e-05
1.86264e-05
5.60894e-05
2.06162e-05
5.43515e-05
2.2672e-05
5.23749e-05
2.47803e-05
5.01398e-05
2.69228e-05
4.76277e-05
2.90766e-05
4.48198e-05
3.12124e-05
4.17009e-05
3.32962e-05
3.82601e-05
3.52915e-05
3.44901e-05
3.71557e-05
3.03881e-05
3.88428e-05
2.59523e-05
2.11728e-05
4.03043e-05
2.31503e-06
7.25096e-05
2.89116e-06
6.17495e-05
3.80586e-06
6.08988e-05
5.02009e-06
6.20958e-05
6.29554e-06
6.1757e-05
7.60152e-06
6.11785e-05
8.96017e-06
6.04541e-05
1.03796e-05
5.95989e-05
1.18668e-05
5.85733e-05
1.34218e-05
5.73723e-05
1.50432e-05
5.59874e-05
1.67282e-05
5.44044e-05
1.84703e-05
5.26093e-05
2.02605e-05
5.05846e-05
2.2087e-05
4.83133e-05
2.39336e-05
4.57811e-05
2.57802e-05
4.29733e-05
2.76017e-05
3.98795e-05
2.93713e-05
3.64906e-05
3.10599e-05
3.28018e-05
3.26351e-05
2.88132e-05
3.4063e-05
2.45246e-05
1.99319e-05
3.53041e-05
2.30972e-06
7.01998e-05
2.77029e-06
6.12888e-05
3.48049e-06
6.01886e-05
4.51808e-06
6.10584e-05
5.61581e-06
6.06593e-05
6.74197e-06
6.00523e-05
7.91449e-06
5.92817e-05
9.13959e-06
5.83739e-05
1.04211e-05
5.72916e-05
1.17569e-05
5.60365e-05
1.31445e-05
5.45998e-05
1.458e-05
5.2969e-05
1.6057e-05
5.11322e-05
1.75672e-05
4.90743e-05
1.9099e-05
4.67814e-05
2.06388e-05
4.42414e-05
2.21684e-05
4.14438e-05
2.36667e-05
3.83813e-05
2.51117e-05
3.50459e-05
2.648e-05
3.14338e-05
2.77454e-05
2.7548e-05
2.88838e-05
2.33863e-05
1.89552e-05
2.98605e-05
2.24627e-06
6.79535e-05
2.61252e-06
6.09225e-05
3.11958e-06
5.96817e-05
3.96355e-06
6.02144e-05
4.86344e-06
5.97593e-05
5.79476e-06
5.91211e-05
6.76748e-06
5.83091e-05
7.7842e-06
5.73572e-05
8.84626e-06
5.62296e-05
9.95023e-06
5.49327e-05
1.10932e-05
5.34569e-05
1.22705e-05
5.17917e-05
1.34761e-05
4.99266e-05
1.47018e-05
4.78487e-05
1.59372e-05
4.55461e-05
1.71702e-05
4.30085e-05
1.83849e-05
4.02293e-05
1.95638e-05
3.72026e-05
2.06891e-05
3.39208e-05
2.17401e-05
3.03829e-05
2.26977e-05
2.65905e-05
2.35436e-05
2.25404e-05
1.82525e-05
2.42464e-05
2.11899e-06
6.58344e-05
2.40637e-06
6.06353e-05
2.72624e-06
5.93619e-05
3.37651e-06
5.95641e-05
4.0732e-06
5.90626e-05
4.80857e-06
5.83858e-05
5.57835e-06
5.75394e-05
6.38621e-06
5.65493e-05
7.22931e-06
5.53866e-05
8.10358e-06
5.40586e-05
9.00669e-06
5.2554e-05
9.9335e-06
5.0865e-05
1.08784e-05
4.89817e-05
1.18335e-05
4.68936e-05
1.27903e-05
4.45893e-05
1.37381e-05
4.20609e-05
1.46632e-05
3.93042e-05
1.55513e-05
3.63146e-05
1.63877e-05
3.30846e-05
1.71558e-05
2.9615e-05
1.78418e-05
2.59046e-05
1.84296e-05
2.19525e-05
1.77862e-05
1.88959e-05
1.92708e-06
6.39074e-05
2.14172e-06
6.04209e-05
2.30393e-06
5.91997e-05
2.77452e-06
5.90934e-05
3.27797e-06
5.85591e-05
3.82706e-06
5.78367e-05
4.4047e-06
5.69619e-05
5.0148e-06
5.59393e-05
5.65198e-06
5.47495e-05
6.31283e-06
5.33978e-05
6.99486e-06
5.1872e-05
7.69301e-06
5.01669e-05
8.4021e-06
4.82726e-05
9.11577e-06
4.618e-05
9.82649e-06
4.38787e-05
1.05251e-05
4.13624e-05
1.11997e-05
3.86298e-05
1.18413e-05
3.56731e-05
1.24345e-05
3.24915e-05
1.2969e-05
2.90806e-05
1.34304e-05
2.54432e-05
1.381e-05
2.15729e-05
1.75113e-05
1.40848e-05
1.65429e-06
6.22533e-05
1.80832e-06
6.02669e-05
1.85562e-06
5.91523e-05
2.16925e-06
5.87798e-05
2.50148e-06
5.8227e-05
2.88417e-06
5.74541e-05
3.28853e-06
5.65575e-05
3.72134e-06
5.55066e-05
4.17462e-06
5.42963e-05
4.64582e-06
5.29267e-05
5.13229e-06
5.13856e-05
5.62999e-06
4.96692e-05
6.13462e-06
4.77681e-05
6.64062e-06
4.56741e-05
7.14123e-06
4.33782e-05
7.62824e-06
4.08755e-05
8.09297e-06
3.81651e-05
8.52688e-06
3.52392e-05
8.91832e-06
3.21001e-05
9.25815e-06
2.87408e-05
9.53233e-06
2.51691e-05
9.73289e-06
2.13723e-05
1.74032e-05
9.84094e-06
1.37415e-06
6.08792e-05
1.46108e-06
6.01799e-05
1.41944e-06
5.91939e-05
1.60163e-06
5.85976e-05
1.78722e-06
5.80414e-05
2.0321e-06
5.72092e-05
2.28598e-06
5.63037e-05
2.56957e-06
5.5223e-05
2.86553e-06
5.40004e-05
3.17513e-06
5.26171e-05
3.49508e-06
5.10657e-05
3.82297e-06
4.93414e-05
4.15389e-06
4.74372e-05
4.48346e-06
4.53446e-05
4.80509e-06
4.30566e-05
5.11136e-06
4.05692e-05
5.39467e-06
3.78817e-05
5.64639e-06
3.49875e-05
5.85801e-06
3.18885e-05
6.01797e-06
2.85808e-05
6.1146e-06
2.50724e-05
6.13439e-06
2.13525e-05
1.74648e-05
6.07283e-06
8.07315e-07
8.27001e-07
7.65449e-07
8.08133e-07
8.51895e-07
9.42948e-07
1.03383e-06
1.14725e-06
1.26378e-06
1.38649e-06
1.51184e-06
1.64051e-06
1.77052e-06
1.89773e-06
2.01603e-06
2.12038e-06
2.20889e-06
2.27369e-06
2.31279e-06
2.31693e-06
2.28465e-06
2.21054e-06
2.10182e-06
1.97888e-05
-7.70134e-06
2.77953e-05
-8.00647e-06
3.70678e-05
-9.27251e-06
-1.04229e-05
4.74907e-05
1.63422e-05
-1.17317e-05
2.0567e-05
-1.22313e-05
2.55882e-05
-1.42937e-05
-1.72547e-05
3.242e-05
-1.28144e-05
-5.20569e-06
-2.51192e-05
7.34776e-08
-3.78501e-05
-1.56283e-06
-1.76287e-05
-3.7476e-05
-0.000131206
9.05346e-06
-0.000114237
-1.68958e-05
-6.60377e-05
-4.97618e-05
-9.37411e-05
1.00746e-05
-0.00025534
-3.11679e-05
-0.000211246
-6.09903e-05
-0.000169332
-9.16759e-05
-0.000134637
-0.000128436
-0.000191807
-2.7883e-05
-0.000207512
-4.52847e-05
-0.000220612
-7.85759e-05
-0.000137678
-0.000217571
-0.000160308
-2.30958e-05
-0.000175291
-3.03015e-05
-0.000196707
-5.71606e-05
-0.000116144
-0.00021824
-0.000190102
-3.28913e-05
-0.000194461
-2.59429e-05
-0.00021518
-3.64411e-05
-7.33574e-05
-0.000257967
-0.000236487
-5.00225e-05
-0.000230034
-3.2396e-05
-0.000246361
-2.01139e-05
-2.05364e-05
-0.000299182
-0.000248852
-6.58077e-05
-0.000229513
-5.17344e-05
-0.000212596
-3.70309e-05
-2.47534e-05
-0.000208379
-0.000264662
-8.17567e-05
-0.00024632
-7.00762e-05
-0.000225649
-5.77023e-05
-4.66561e-05
-0.000203746
-0.000315114
-8.21922e-05
-0.00029121
-9.39794e-05
-0.000269463
-7.94495e-05
-6.56688e-05
-0.00025045
-0.000338989
-5.69868e-05
-0.000355837
-7.71319e-05
-0.000349746
-8.55396e-05
-8.12505e-05
-0.000334165
-0.000289694
-1.43269e-05
-0.000331068
-3.57582e-05
-0.000363957
-5.26502e-05
-6.07028e-05
-0.000384505
-0.000224463
1.77217e-05
-0.000269573
9.35263e-06
-0.000314678
-7.54585e-06
-2.40022e-05
-0.000351378
-0.000142903
3.83471e-05
-0.000168084
3.45342e-05
-0.000201965
2.63344e-05
1.03903e-05
-0.000236357
-3.12284e-05
6.4238e-05
-4.69093e-05
5.02151e-05
-6.4826e-05
4.4251e-05
3.08436e-05
-8.52794e-05
0.000111372
8.35681e-05
9.34932e-05
6.80939e-05
8.36627e-05
5.40815e-05
4.1394e-05
7.31123e-05
0.000208703
7.62409e-05
0.000208048
6.87492e-05
0.000203902
5.82273e-05
4.6324e-05
0.000198972
0.000214815
5.80098e-05
0.000229702
5.3862e-05
0.000240513
4.74166e-05
3.94891e-05
0.000247347
0.000180938
4.35079e-05
0.000194959
3.98406e-05
0.000207297
3.5079e-05
2.96203e-05
0.000217165
0.00015096
3.45675e-05
0.000159623
3.11778e-05
0.000167566
2.71359e-05
2.27225e-05
0.000174464
0.000132134
2.85593e-05
0.000137728
2.55843e-05
0.000142684
2.21797e-05
1.84877e-05
0.000146919
0.000118037
2.40358e-05
0.000122195
2.14259e-05
0.000125851
1.85239e-05
1.54085e-05
0.000128931
0.00010579
2.05387e-05
0.000108998
1.8218e-05
0.000111837
1.56842e-05
1.29925e-05
0.000114253
9.5037e-05
1.77998e-05
9.75405e-05
1.57145e-05
9.97607e-05
1.34639e-05
1.10906e-05
0.000101663
8.5538e-05
1.56149e-05
8.75274e-05
1.37251e-05
8.92889e-05
1.17024e-05
9.58477e-06
9.07947e-05
7.70003e-05
1.38573e-05
7.85923e-05
1.21331e-05
7.99939e-05
1.03007e-05
8.39878e-06
8.11799e-05
6.92473e-05
1.24452e-05
7.0516e-05
1.08644e-05
7.16211e-05
9.19563e-06
7.48074e-06
7.25392e-05
6.22322e-05
1.13128e-05
6.32396e-05
9.85698e-06
6.41049e-05
8.33034e-06
6.77784e-06
6.48079e-05
5.59953e-05
1.03943e-05
5.68057e-05
9.04654e-06
5.74941e-05
7.6421e-06
6.22699e-06
5.8045e-05
5.05411e-05
9.62262e-06
5.12215e-05
8.3663e-06
5.17999e-05
7.06383e-06
5.76006e-06
5.22669e-05
4.56628e-05
8.9444e-06
4.62652e-05
7.76399e-06
4.67844e-05
6.54475e-06
5.32877e-06
4.72157e-05
4.09088e-05
8.3401e-06
4.14505e-05
7.2223e-06
4.19239e-05
6.07144e-06
4.92418e-06
4.23285e-05
3.5819e-05
7.82522e-06
3.628e-05
6.76131e-06
3.66819e-05
5.66956e-06
4.57628e-06
3.70298e-05
3.02598e-05
7.42594e-06
3.06104e-05
6.41075e-06
3.09103e-05
5.36965e-06
4.31481e-06
3.11718e-05
2.45231e-05
7.14919e-06
2.47584e-05
6.17536e-06
2.49575e-05
5.17055e-06
4.13741e-06
2.51349e-05
1.907e-05
6.97505e-06
1.92162e-05
6.02899e-06
1.9344e-05
5.04281e-06
4.02003e-06
1.94613e-05
1.41812e-05
6.87852e-06
1.42662e-05
5.94397e-06
1.43437e-05
4.96531e-06
3.95137e-06
1.44124e-05
9.87284e-06
6.84662e-06
9.90257e-06
5.91427e-06
9.92648e-06
4.94148e-06
3.9405e-06
9.93741e-06
6.03996e-06
6.87952e-06
6.00582e-06
5.94849e-06
5.96007e-06
4.98733e-06
3.99825e-06
5.90238e-06
2.05657e-06
2.01243e-06
1.96735e-06
1.92504e-06
7.94028e-05
-2.70359e-05
9.4873e-05
-4.92787e-05
7.58562e-05
-5.0458e-05
5.83965e-05
-4.62358e-05
3.19029e-05
4.19385e-05
5.68647e-06
0.00014123
-3.31787e-05
0.00021121
-4.04878e-05
0.000311066
-9.2683e-05
0.000415686
-0.000133665
0.000331475
-0.000143815
0.000190475
-7.87348e-05
-6.76189e-05
-1.5415e-06
-0.000207644
5.89662e-05
-0.00025237
0.000106916
-0.000269968
0.000141434
-0.000250565
0.000195728
-0.000152951
8.37217e-06
9.35227e-06
-0.000230818
4.61566e-05
-4.07725e-05
3.04299e-05
-3.3552e-05
-8.65498e-05
6.65216e-05
-0.000137709
4.92332e-06
-0.000110039
1.42688e-05
-6.70791e-05
9.82701e-05
-4.65557e-05
0.000190687
-3.83326e-05
0.000302843
-1.40226e-05
0.000391376
-3.44611e-05
0.000351914
-4.90951e-05
0.00020511
3.0234e-05
-0.000146948
7.56841e-05
-0.000253094
0.000105717
-0.000282403
0.000115301
-0.000279552
0.000112337
-0.000247601
0.000134672
-0.000175286
3.40439e-05
0.00010998
-0.000196774
5.71838e-05
-0.000135432
-1.58323e-05
3.94643e-05
-0.000143403
0.000194092
-0.000224878
8.63976e-05
-0.000168888
-4.17206e-05
-0.000105337
3.47187e-05
-5.4658e-05
0.000140008
-2.19111e-05
0.000270096
3.15428e-05
0.000337922
3.56238e-05
0.000347832
3.19174e-05
0.000208816
7.2741e-05
-0.000187772
8.76483e-05
-0.000268002
9.85405e-05
-0.000293295
9.44753e-05
-0.000275486
8.91778e-05
-0.000242304
9.43846e-05
-0.000180493
3.34561e-05
0.000170909
-0.000163318
0.000136637
-0.000261995
0.000175634
4.67529e-07
7.82783e-05
0.000291448
-5.34865e-05
0.000218163
-8.38482e-05
-1.13589e-05
-7.06095e-05
2.14799e-05
-4.74614e-05
0.00011686
2.93425e-09
0.000222632
3.4131e-05
0.000303794
4.6163e-05
0.0003358
5.47412e-05
0.000200238
5.78183e-05
-0.000190848
7.1389e-05
-0.000281572
6.87725e-05
-0.000290678
6.73556e-05
-0.000274069
5.72573e-05
-0.000232205
3.80644e-05
-0.0001613
2.22364e-05
0.000186737
-0.000141082
1.96757e-07
-0.000390628
0.000188947
-0.000188282
0.000275382
0.000205012
0.000185247
0.000308298
2.08927e-05
0.000152995
-7.36027e-05
0.000115975
-4.92077e-05
9.24651e-05
5.22476e-06
0.000168199
3.70209e-05
0.000271998
6.17311e-05
0.00031109
4.49603e-05
0.000217008
5.21858e-05
-0.000198074
3.06354e-05
-0.000260022
3.58146e-05
-0.000295858
3.12509e-05
-0.000269506
1.27327e-05
-0.000213687
-3.4341e-05
-0.000114226
1.16637e-05
0.000140732
-0.000129418
-0.000133669
-0.00047453
-7.85526e-06
-0.000314096
0.000137521
5.96361e-05
0.000169288
0.000276531
9.0212e-05
0.000232071
1.0268e-05
0.000195919
-2.17515e-05
0.000124485
-3.60687e-06
0.000150055
2.72071e-05
0.000241184
5.08584e-05
0.000287439
6.42189e-05
0.000203648
4.92311e-07
-0.000134347
-1.06286e-05
-0.000248901
-6.56694e-06
-0.000299919
-1.70431e-05
-0.000259029
-4.20586e-05
-0.000188672
-9.57756e-05
-6.05094e-05
1.57602e-05
2.91965e-05
-0.000113658
-0.000263908
-0.000428861
-0.000266126
-0.000311878
-0.000190946
-1.5544e-05
-0.00010024
0.000185825
-8.49119e-05
0.000216743
-2.96206e-05
0.000140628
1.14633e-05
8.34005e-05
-1.30174e-05
0.000174535
-1.21696e-05
0.000240336
-1.56042e-05
0.000290873
-6.43584e-06
0.00019448
-5.20495e-05
-8.87335e-05
-5.75631e-05
-0.000243387
-5.5865e-05
-0.000301617
-6.62852e-05
-0.000248609
-7.71207e-05
-0.000177836
-5.6831e-05
-8.07991e-05
1.83185e-05
-4.59531e-05
-9.53396e-05
-0.000421528
-0.000265301
-0.000526877
-0.000206529
-0.000476834
-6.55874e-05
-0.000325887
3.48785e-05
-0.000176522
6.73778e-05
-8.58968e-05
5.00024e-05
-7.14954e-05
6.89992e-05
-0.000101274
0.000204314
-0.000118178
0.00025724
-9.21746e-05
0.00026487
-3.31835e-05
0.000135488
-9.98592e-05
-2.20579e-05
-0.000109664
-0.000233582
-0.000101489
-0.000309793
-0.000102758
-0.00024734
-9.30664e-05
-0.000187528
-4.05481e-05
-0.000133317
1.13827e-05
-9.78839e-05
-8.39569e-05
-0.000492124
-7.23597e-05
-0.000632521
-6.6131e-05
-0.000658382
-3.97264e-05
-0.000597397
-2.61064e-05
-0.000501095
-2.89241e-05
-0.000411689
-3.94035e-05
-0.000338387
-4.30335e-06
-0.000259109
0.000125036
-0.000187679
0.00018581
-4.74857e-05
0.000124677
-3.7471e-06
9.17499e-05
-0.000124597
9.87921e-05
-0.000146054
-0.000212125
-0.000130087
-0.00032576
-0.000115998
-0.000261429
-9.95741e-05
-0.000203952
-5.77393e-05
-0.000175152
-8.87532e-06
-0.000146748
-9.28323e-05
-0.000252027
-2.87123e-05
-0.000310603
-7.55424e-06
-0.000345307
-5.0226e-06
-0.000332134
-3.92793e-05
-0.000301849
-5.92095e-05
-0.000291035
-5.02175e-05
-0.000285206
-1.0132e-05
-0.000203663
4.3493e-05
-6.39046e-05
4.60514e-05
1.97894e-05
4.09832e-05
-9.61023e-06
0.00012115
-0.000128132
0.000217314
-0.00016486
-0.000175397
-0.000153835
-0.000336784
-0.000119122
-0.000296142
-9.07373e-05
-0.000232337
-6.03177e-05
-0.000205572
-2.1328e-05
-0.000185738
-0.00011416
-0.000155173
-7.72852e-05
-0.000117259
-4.54682e-05
-8.97843e-05
-3.24976e-05
-8.07524e-05
-4.83113e-05
-7.62797e-05
-6.36822e-05
-6.55675e-05
-6.09297e-05
-5.15338e-05
-2.41657e-05
-4.04565e-05
3.24156e-05
-3.43694e-05
3.99643e-05
-4.97337e-05
5.63475e-05
-0.000147649
0.000219065
-0.000165481
0.000235146
-0.000184129
-0.00015675
-0.000193843
-0.00032707
-0.000144661
-0.000345324
-8.83241e-05
-0.000288673
-4.97164e-05
-0.00024418
-1.84898e-05
-0.000216964
-0.00013265
-0.000205362
-0.000122374
-0.000163104
-8.77256e-05
-0.000132861
-6.27406e-05
-0.000127792
-5.33807e-05
-0.000141977
-4.9497e-05
-0.000148078
-5.4829e-05
-0.00011528
-5.69634e-05
-8.48106e-05
1.94641e-06
-0.000100381
5.55343e-05
-0.000162895
0.000118862
-0.000232393
0.000288563
-0.000191759
0.000194512
-0.000205196
-0.000143312
-0.000234138
-0.000298129
-0.000214096
-0.000365366
-0.000139114
-0.000363655
-6.33675e-05
-0.000319926
-1.51654e-05
-0.000265166
-0.000147815
-0.00028449
-0.000172048
-0.000237232
-0.000134984
-0.000213093
-8.68795e-05
-0.000211498
-5.49759e-05
-0.000237618
-2.33776e-05
-0.000269443
-2.30035e-05
-0.000276685
-4.97218e-05
-0.00026097
-1.37679e-05
-0.000265463
6.00265e-05
-0.000294063
0.000147462
-0.000256569
0.000251069
-0.000173296
0.000111238
-0.000186913
-0.000129695
-0.000229939
-0.000255103
-0.000250357
-0.000344948
-0.000209303
-0.000404709
-0.000114138
-0.000415091
-3.12564e-05
-0.000348048
-0.000179072
-0.000405909
-0.000150644
-0.000389231
-0.000151662
-0.000345805
-0.000130305
-0.000306558
-9.42233e-05
-0.000288379
-4.15556e-05
-0.000287361
-2.40217e-05
-0.000295907
-4.11762e-05
-0.000313402
3.72664e-06
-0.000330355
7.69805e-05
-0.000328857
0.000145964
-0.000230092
0.000152304
-0.000135924
1.7071e-05
-0.000129618
-0.000136001
-0.000156641
-0.00022808
-0.000201555
-0.000300035
-0.000221401
-0.000384863
-0.000166648
-0.000469844
-7.35206e-05
-0.000441175
-0.000252592
-0.000400723
-0.000101299
-0.000407045
-0.00014534
-0.000381814
-0.000155537
-0.00035472
-0.000121317
-0.00033672
-5.95553e-05
-0.000338632
-2.21093e-05
-0.000360155
-1.96533e-05
-0.000358057
1.62883e-06
-0.000319315
3.82384e-05
-0.000242968
6.96166e-05
-0.000129298
3.8633e-05
-5.22612e-05
-5.99654e-05
-3.21512e-05
-0.000156111
-3.94651e-05
-0.000220766
-7.74254e-05
-0.000262074
-0.000138776
-0.000323511
-0.000171403
-0.000437218
-9.08306e-05
-0.000521747
-0.000343423
-0.000292832
-4.4824e-05
-0.000319607
-0.000118566
-0.000324458
-0.000150685
-0.000313232
-0.000132544
-0.000285749
-8.70382e-05
-0.000256295
-5.15638e-05
-0.000239343
-3.66047e-05
-0.000213731
-2.39839e-05
-0.0001644
-1.1092e-05
-8.59415e-05
-8.84226e-06
-3.93281e-06
-4.33757e-05
4.7241e-05
-0.000111139
6.5793e-05
-0.000174664
6.56961e-05
-0.000220669
5.13437e-05
-0.000247722
3.75279e-06
-0.00027592
-6.18795e-05
-0.000371585
-6.19323e-05
-0.000521694
-0.000405355
-0.000129423
-6.80509e-07
-0.000144955
-0.000103034
-0.000146
-0.00014964
-0.000136942
-0.000141601
-0.000116721
-0.000107259
-9.09073e-05
-7.73777e-05
-6.78095e-05
-5.97027e-05
-4.07246e-05
-5.10686e-05
-7.73253e-07
-5.10435e-05
5.29273e-05
-6.25428e-05
0.000103571
-9.40193e-05
0.00013142
-0.000138989
0.000137542
-0.000180785
0.000129288
-0.000212415
0.000116917
-0.000235351
0.000105811
-0.000264813
5.1807e-05
-0.000317582
-4.42543e-06
-0.000465462
-0.000409781
4.24557e-05
2.99762e-05
1.86402e-05
-7.92189e-05
7.32497e-06
-0.000138325
1.01226e-05
-0.000144399
2.67415e-05
-0.000123878
4.74452e-05
-9.80816e-05
6.74666e-05
-7.97241e-05
8.89577e-05
-7.25595e-05
0.000113865
-7.59509e-05
0.00014198
-9.06578e-05
0.000164387
-0.000116426
0.000173138
-0.00014774
0.000168386
-0.000176032
0.000153096
-0.000197125
0.000129729
-0.000211984
0.000103214
-0.000238299
6.69416e-05
-0.000281309
5.27714e-06
-0.000403797
-0.000404504
0.000188872
4.00766e-05
0.000160558
-5.09053e-05
0.000128959
-0.000106726
0.000107283
-0.000122723
9.82637e-05
-0.000114859
0.000100179
-9.99965e-05
0.000109819
-8.93644e-05
0.000124119
-8.68597e-05
0.000140716
-9.25477e-05
0.000155879
-0.000105821
0.000164949
-0.000125496
0.000165384
-0.000148175
0.000157779
-0.000168427
0.000142828
-0.000182175
0.000119853
-0.000189009
8.64783e-05
-0.000204924
5.7601e-05
-0.000252432
1.49183e-05
-0.000361115
-0.000389585
0.000242882
4.45423e-05
0.000216749
-2.47728e-05
0.000181534
-7.15104e-05
0.000150399
-9.15882e-05
0.000129112
-9.35721e-05
0.00011865
-8.95342e-05
0.000116962
-8.7676e-05
0.000121157
-9.10554e-05
0.000128405
-9.97953e-05
0.000135614
-0.00011303
0.000139627
-0.000129509
0.00013847
-0.000147018
0.000131722
-0.00016168
0.00011855
-0.000169002
9.7496e-05
-0.000167955
6.60423e-05
-0.000173471
4.2603e-05
-0.000228992
1.58076e-05
-0.000334319
-0.000373778
0.000222166
3.95415e-05
0.000205952
-8.55834e-06
0.000178566
-4.41251e-05
0.000151802
-6.48242e-05
0.000131636
-7.34058e-05
0.000119604
-7.75029e-05
0.00011452
-8.2591e-05
0.000114346
-9.08818e-05
0.000117085
-0.000102534
0.00012054
-0.000116485
0.000122107
-0.000131076
0.000119517
-0.000144427
0.000111585
-0.000153748
9.70086e-05
-0.000154425
7.45178e-05
-0.000145464
4.31509e-05
-0.000142104
2.53346e-05
-0.000211176
1.17126e-05
-0.000320698
-0.000362065
0.00018161
3.23955e-05
0.000174207
-1.15545e-06
0.000158577
-2.84951e-05
0.000141393
-4.76402e-05
0.00012755
-5.95627e-05
0.000118594
-6.85478e-05
0.000114124
-7.81207e-05
0.000113036
-8.97938e-05
0.000113938
-0.000103436
0.000115048
-0.000117596
0.000114182
-0.00013021
0.000109237
-0.000139482
9.87551e-05
-0.000143267
8.12458e-05
-0.000136915
5.56573e-05
-0.000119875
2.15954e-05
-0.000108042
6.49511e-06
-0.000196076
1.20301e-06
-0.000315405
-0.000360862
0.000152591
2.6723e-05
0.000149842
1.59365e-06
0.00014177
-2.04232e-05
0.000131759
-3.76288e-05
0.000123013
-5.08177e-05
0.000116901
-6.24359e-05
0.000113535
-7.4754e-05
0.000112413
-8.86718e-05
0.000112572
-0.000103594
0.000112527
-0.000117551
0.000110225
-0.000127908
0.000103474
-0.000132731
9.06188e-05
-0.000130411
7.04566e-05
-0.000116753
4.26003e-05
-9.20189e-05
8.43029e-06
-7.38717e-05
-1.82541e-06
-0.00018582
-3.0811e-06
-0.00031415
-0.000363943
0.00013328
2.23734e-05
0.000132649
2.22505e-06
0.000128324
-1.60987e-05
0.000122378
-3.16832e-05
0.000116788
-4.52276e-05
0.000112682
-5.83301e-05
0.000110433
-7.25043e-05
0.000109942
-8.81812e-05
0.000110504
-0.000104156
0.000110533
-0.00011758
0.00010772
-0.000125095
9.97979e-05
-0.000124808
8.52407e-05
-0.000115854
6.3536e-05
-9.50485e-05
3.53026e-05
-6.37856e-05
7.3404e-06
-4.59095e-05
9.05809e-06
-0.000187538
4.66718e-07
-0.000305558
-0.000363477
0.000117823
1.88033e-05
0.000118071
1.97705e-06
0.00011575
-1.37774e-05
0.000112169
-2.81032e-05
0.000108627
-4.16854e-05
0.000106048
-5.57505e-05
0.000105065
-7.15213e-05
0.000106076
-8.91924e-05
0.000108358
-0.000106438
0.00010954
-0.000118762
0.000106642
-0.000122197
9.75345e-05
-0.000115701
8.1435e-05
-9.97548e-05
5.90897e-05
-7.27032e-05
3.23092e-05
-3.7005e-05
1.29937e-05
-2.6594e-05
2.07487e-05
-0.000195293
6.02769e-06
-0.000290838
-0.000357449
0.000104567
1.58986e-05
0.000105116
1.4276e-06
0.000103868
-1.25292e-05
0.000101619
-2.58542e-05
9.93048e-05
-3.93712e-05
9.77229e-05
-5.41686e-05
9.80403e-05
-7.18384e-05
0.0001012
-9.23523e-05
0.000105774
-0.000111012
0.000108119
-0.000121108
0.000104825
-0.000118902
9.43718e-05
-0.000105248
7.70064e-05
-8.23894e-05
5.50391e-05
-5.07359e-05
3.25362e-05
-1.45022e-05
2.24843e-05
-1.65421e-05
2.86663e-05
-0.000201475
9.27532e-06
-0.000271447
-0.000348174
9.31018e-05
1.35917e-05
9.36518e-05
8.77415e-07
9.28122e-05
-1.16898e-05
9.12009e-05
-2.42427e-05
8.93556e-05
-3.75258e-05
8.81651e-05
-5.29781e-05
8.96381e-05
-7.33113e-05
9.46873e-05
-9.74015e-05
0.000100462
-0.000116787
0.000102576
-0.000123222
9.81622e-05
-0.000114488
8.66035e-05
-9.36896e-05
6.88342e-05
-6.46202e-05
4.84548e-05
-3.03565e-05
3.15244e-05
2.4282e-06
3.17735e-05
-1.67912e-05
3.19235e-05
-0.000201625
1.97828e-05
-0.000259306
-0.000328391
8.29481e-05
1.18236e-05
8.33353e-05
4.90263e-07
8.26196e-05
-1.09742e-05
8.11346e-05
-2.27577e-05
7.91378e-05
-3.5529e-05
7.79047e-05
-5.17449e-05
7.98573e-05
-7.52639e-05
8.49364e-05
-0.000102481
8.93617e-05
-0.000121212
8.94449e-05
-0.000123306
8.35083e-05
-0.000108551
7.15423e-05
-8.17236e-05
5.45735e-05
-4.76514e-05
3.71943e-05
-1.29773e-05
2.40914e-05
1.55312e-05
3.60985e-05
-2.87983e-05
2.80925e-05
-0.000193619
1.57508e-05
-0.000246964
-0.00031264
7.38454e-05
1.05173e-05
7.40504e-05
2.85338e-07
7.33291e-05
-1.0253e-05
7.16848e-05
-2.11134e-05
6.93351e-05
-3.31794e-05
6.77218e-05
-5.01314e-05
6.8417e-05
-7.59592e-05
7.06003e-05
-0.000104664
7.12575e-05
-0.000121869
6.83009e-05
-0.000120349
6.09132e-05
-0.000101164
4.92154e-05
-7.00258e-05
3.44e-05
-3.2836e-05
2.19763e-05
-5.53558e-07
1.5208e-05
2.22995e-05
3.67883e-05
-5.03785e-05
2.66497e-05
-0.00018348
1.15598e-05
-0.000231874
-0.00030108
6.57684e-05
9.55667e-06
6.58688e-05
1.84965e-07
6.51315e-05
-9.51565e-06
6.34134e-05
-1.93953e-05
6.09195e-05
-3.06854e-05
5.83101e-05
-4.7522e-05
5.56573e-05
-7.33063e-05
5.27304e-05
-0.000101737
4.84159e-05
-0.000117555
4.20657e-05
-0.000113999
3.31599e-05
-9.22579e-05
2.20049e-05
-5.88708e-05
1.15407e-05
-2.23718e-05
7.12536e-06
3.86185e-06
1.35373e-05
1.58876e-05
3.72102e-05
-7.40514e-05
2.89426e-05
-0.000175213
1.09466e-05
-0.000213878
-0.000290134
5.88028e-05
8.79897e-06
5.88872e-05
1.00613e-07
5.8293e-05
-8.92141e-06
5.68593e-05
-1.79617e-05
5.44604e-05
-2.82864e-05
5.03947e-05
-4.34564e-05
4.36291e-05
-6.65409e-05
3.49451e-05
-9.30532e-05
2.52367e-05
-0.000107846
1.49963e-05
-0.000103759
4.14232e-06
-8.14039e-05
-5.92058e-06
-4.8808e-05
-1.02929e-05
-1.79994e-05
-3.25486e-06
-3.17616e-06
2.11684e-05
-8.53548e-06
3.96653e-05
-9.25482e-05
3.09969e-05
-0.000166544
1.13626e-05
-0.000194244
-0.000278771
5.29693e-05
8.09657e-06
5.31415e-05
-7.15167e-08
5.27815e-05
-8.56145e-06
5.18696e-05
-1.70499e-05
4.97937e-05
-2.62106e-05
4.48545e-05
-3.85173e-05
3.51824e-05
-5.68689e-05
2.16304e-05
-7.95012e-05
6.84622e-06
-9.30623e-05
-7.59338e-06
-8.93192e-05
-1.98544e-05
-6.9143e-05
-2.84165e-05
-4.0246e-05
-2.54227e-05
-2.09931e-05
-2.68982e-06
-2.59089e-05
3.16677e-05
-4.28929e-05
4.21376e-05
-0.000103018
2.99895e-05
-0.000154396
1.09995e-05
-0.000175254
-0.000267772
4.79413e-05
7.37093e-06
4.82452e-05
-3.75471e-07
4.81242e-05
-8.44039e-06
4.7597e-05
-1.65228e-05
4.60766e-05
-2.46904e-05
4.16479e-05
-3.40886e-05
3.18074e-05
-4.70286e-05
1.6393e-05
-6.4087e-05
-1.16498e-06
-7.55043e-05
-1.71525e-05
-7.33317e-05
-2.838e-05
-5.79156e-05
-3.0788e-05
-3.7838e-05
-1.88983e-05
-3.28828e-05
6.8741e-06
-5.16811e-05
3.50835e-05
-7.11023e-05
3.8137e-05
-0.000106072
2.32942e-05
-0.000139554
1.00714e-05
-0.000162031
-0.0002577
4.30693e-05
6.63015e-06
4.34523e-05
-7.58452e-07
4.34478e-05
-8.43597e-06
4.30418e-05
-1.61168e-05
4.20665e-05
-2.37152e-05
3.91933e-05
-3.12155e-05
3.21117e-05
-3.99471e-05
1.95746e-05
-5.155e-05
4.15191e-06
-6.00817e-05
-1.00877e-05
-5.90922e-05
-1.71494e-05
-5.08539e-05
-1.24656e-05
-4.25218e-05
2.86071e-06
-4.82091e-05
1.93071e-05
-6.81273e-05
3.15e-05
-8.32951e-05
2.74438e-05
-0.000102015
1.14916e-05
-0.000123602
9.88892e-06
-0.000160429
-0.000247811
3.76801e-05
5.98001e-06
3.80465e-05
-1.12487e-06
3.7998e-05
-8.3875e-06
3.75444e-05
-1.56633e-05
3.68403e-05
-2.30112e-05
3.52843e-05
-2.96596e-05
3.18409e-05
-3.65035e-05
2.53663e-05
-4.50755e-05
1.63684e-05
-5.1084e-05
7.50114e-06
-5.0225e-05
4.01048e-06
-4.73632e-05
1.02429e-05
-4.87541e-05
2.0944e-05
-5.89102e-05
2.56617e-05
-7.28451e-05
2.43227e-05
-8.19561e-05
1.42602e-05
-9.19529e-05
-3.11629e-06
-0.000106225
1.08633e-05
-0.000174408
-0.000236948
3.165e-05
5.50186e-06
3.1888e-05
-1.36291e-06
3.16964e-05
-8.19596e-06
3.11435e-05
-1.51103e-05
3.03413e-05
-2.2209e-05
2.90913e-05
-2.84097e-05
2.7631e-05
-3.50432e-05
2.56399e-05
-4.30843e-05
2.25562e-05
-4.80003e-05
1.98874e-05
-4.75563e-05
1.96687e-05
-4.71446e-05
2.27732e-05
-5.18586e-05
2.55199e-05
-6.16568e-05
2.32944e-05
-7.06195e-05
1.59788e-05
-7.46405e-05
2.15569e-06
-7.81298e-05
-1.69284e-05
-8.7141e-05
1.10897e-05
-0.000202427
-0.000225858
2.54432e-05
5.19353e-06
2.55236e-05
-1.44327e-06
2.52185e-05
-7.89078e-06
2.46028e-05
-1.44947e-05
2.36008e-05
-2.12069e-05
2.2239e-05
-2.70477e-05
2.1029e-05
-3.38332e-05
1.98038e-05
-4.18592e-05
1.83324e-05
-4.6529e-05
1.79934e-05
-4.72173e-05
1.95548e-05
-4.8706e-05
2.17763e-05
-5.408e-05
2.18429e-05
-6.17233e-05
1.88206e-05
-6.75971e-05
1.1694e-05
-6.7514e-05
-9.19307e-07
-6.55164e-05
-2.26958e-05
-6.53645e-05
3.69617e-07
-0.000225492
-0.000225489
1.96349e-05
5.01993e-06
1.95785e-05
-1.38686e-06
1.92366e-05
-7.54873e-06
1.86119e-05
-1.38699e-05
1.76637e-05
-2.02588e-05
1.64834e-05
-2.58673e-05
1.52831e-05
-3.26329e-05
1.37765e-05
-4.03526e-05
1.23008e-05
-4.50534e-05
1.25945e-05
-4.7511e-05
1.49957e-05
-5.11072e-05
1.77082e-05
-5.67925e-05
1.8367e-05
-6.23821e-05
1.78751e-05
-6.71051e-05
1.55646e-05
-6.52034e-05
1.40797e-05
-6.40315e-05
1.04253e-06
-5.23273e-05
-7.86955e-06
-0.00021658
-0.000233358
1.4468e-05
4.96437e-06
1.42983e-05
-1.21711e-06
1.39589e-05
-7.20919e-06
1.34148e-05
-1.33256e-05
1.27972e-05
-1.96411e-05
1.2225e-05
-2.52952e-05
1.15868e-05
-3.19948e-05
1.07018e-05
-3.94675e-05
1.03062e-05
-4.46579e-05
1.14979e-05
-4.87028e-05
1.37454e-05
-5.33547e-05
1.56922e-05
-5.87393e-05
1.68046e-05
-6.34945e-05
1.89688e-05
-6.92692e-05
2.29379e-05
-6.91724e-05
3.62901e-05
-7.73836e-05
4.68657e-05
-6.29028e-05
1.15462e-05
-0.000181261
-0.000221812
9.85596e-06
5.04594e-06
9.59571e-06
-9.56805e-07
9.33215e-06
-6.94559e-06
9.04107e-06
-1.30344e-05
8.891e-06
-1.94908e-05
9.12557e-06
-2.55297e-05
9.38989e-06
-3.22593e-05
9.32558e-06
-3.94032e-05
9.60011e-06
-4.49325e-05
1.04855e-05
-4.95884e-05
1.15018e-05
-5.43711e-05
1.25181e-05
-5.97557e-05
1.41965e-05
-6.51729e-05
1.75236e-05
-7.25962e-05
2.42356e-05
-7.58844e-05
3.91333e-05
-9.22812e-05
6.34151e-05
-8.71846e-05
3.25007e-05
-0.000150346
-0.000189311
5.66679e-06
5.28172e-06
5.4051e-06
-6.94944e-07
5.3585e-06
-6.89888e-06
5.50073e-06
-1.31766e-05
5.80431e-06
-1.97944e-05
6.41088e-06
-2.61361e-05
6.89061e-06
-3.27391e-05
6.8668e-06
-3.93795e-05
6.77377e-06
-4.48395e-05
6.86162e-06
-4.96763e-05
7.23852e-06
-5.47481e-05
8.00649e-06
-6.05236e-05
9.59943e-06
-6.67658e-05
1.18503e-05
-7.4847e-05
1.69205e-05
-8.09546e-05
2.32016e-05
-9.85623e-05
3.7688e-05
-0.000101671
2.56917e-05
-0.00013835
-0.00016362
1.80872e-06
1.75947e-06
1.93509e-06
2.19834e-06
2.41982e-06
2.63864e-06
2.6869e-06
2.46527e-06
2.25943e-06
2.24629e-06
2.44547e-06
2.76373e-06
3.31437e-06
3.84312e-06
5.52981e-06
5.79185e-06
9.86722e-06
7.54009e-06
)
;

boundaryField
{
    leftWall
    {
        type            calculated;
        value           uniform 0;
    }
    rightWall
    {
        type            calculated;
        value           uniform 0;
    }
    lowerWall
    {
        type            calculated;
        value           uniform 0;
    }
    atmosphere
    {
        type            calculated;
        value           nonuniform List<scalar> 
46
(
6.00718e-05
6.01601e-05
5.92554e-05
5.85549e-05
5.79976e-05
5.71181e-05
5.62127e-05
5.51096e-05
5.38839e-05
5.24944e-05
5.09404e-05
4.92127e-05
4.73072e-05
4.52174e-05
4.29383e-05
4.04648e-05
3.77932e-05
3.49226e-05
3.18493e-05
2.85766e-05
2.51046e-05
2.14266e-05
1.75735e-05
6.92479e-06
5.99273e-06
5.03248e-06
4.04054e-06
5.39814e-06
-6.45565e-07
-7.07439e-06
-1.34397e-05
-2.00159e-05
-2.63549e-05
-3.27874e-05
-3.9158e-05
-4.46338e-05
-4.96632e-05
-5.49473e-05
-6.08419e-05
-6.73164e-05
-7.53757e-05
-8.26413e-05
-9.88244e-05
-0.000105747
-0.000136023
-0.00015608
)
;
    }
    defaultFaces
    {
        type            empty;
    }
}


// ************************************************************************* //
