/*--------------------------------*- C++ -*----------------------------------*\
  =========                 |
  \\      /  F ield         | OpenFOAM: The Open Source CFD Toolbox
   \\    /   O peration     | Website:  https://openfoam.org
    \\  /    A nd           | Version:  13
     \\/     M anipulation  |
\*---------------------------------------------------------------------------*/
FoamFile
{
    format      ascii;
    class       volVectorField;
    location    "0.7";
    object      U;
}
// * * * * * * * * * * * * * * * * * * * * * * * * * * * * * * * * * * * * * //

dimensions      [0 1 -1 0 0 0 0];

internalField   nonuniform List<vector> 
2268
(
(-0.0203053 0.00923005 0)
(-0.065206 0.0108129 0)
(-0.101976 0.00723134 0)
(-0.123232 0.00453209 0)
(-0.138565 0.00192729 0)
(-0.137817 -0.00214051 0)
(-0.117412 -0.00639172 0)
(-0.0833327 -0.00796937 0)
(-0.0504882 -0.00616717 0)
(-0.0299168 -0.00301605 0)
(-0.0225439 0.000410103 0)
(-0.0277503 0.00318528 0)
(-0.0411206 0.00505827 0)
(-0.0596025 0.00659841 0)
(-0.0825762 0.00853824 0)
(-0.112947 0.00910081 0)
(-0.146169 0.00336869 0)
(-0.162428 -0.000361948 0)
(-0.189233 0.0122079 0)
(-0.274493 0.0217176 0)
(-0.320056 0.00365192 0)
(-0.230118 -0.0347635 0)
(-0.0812717 -0.0484695 0)
(-0.0329854 0.0313959 0)
(-0.0766556 0.0288444 0)
(-0.103168 0.0181518 0)
(-0.122339 0.0127665 0)
(-0.139707 0.00657471 0)
(-0.142703 -0.00563897 0)
(-0.123856 -0.0198133 0)
(-0.0881236 -0.0255439 0)
(-0.0522964 -0.0199601 0)
(-0.0294909 -0.0100459 0)
(-0.0215336 -0.00128746 0)
(-0.0210625 0.00523522 0)
(-0.0257987 0.00958919 0)
(-0.0341643 0.0130562 0)
(-0.045788 0.0173958 0)
(-0.0641488 0.0228549 0)
(-0.0973619 0.0241716 0)
(-0.143363 0.0235762 0)
(-0.208006 0.0344674 0)
(-0.270804 0.0341628 0)
(-0.24878 -0.0114791 0)
(-0.163446 -0.0888756 0)
(-0.0521793 -0.121272 0)
(-0.0302516 0.0543666 0)
(-0.0598334 0.0443662 0)
(-0.085022 0.028229 0)
(-0.110062 0.0229231 0)
(-0.135059 0.0139029 0)
(-0.141636 -0.00801791 0)
(-0.124482 -0.0341589 0)
(-0.0925695 -0.0447499 0)
(-0.0588697 -0.0349949 0)
(-0.0355978 -0.0174744 0)
(-0.0271147 -0.00331498 0)
(-0.028403 0.00593053 0)
(-0.0334249 0.0115185 0)
(-0.0383211 0.0154324 0)
(-0.0407358 0.0203557 0)
(-0.0398343 0.0284425 0)
(-0.0424089 0.0380298 0)
(-0.0585773 0.0471426 0)
(-0.0918878 0.0546674 0)
(-0.12686 0.0376729 0)
(-0.112714 -0.0319142 0)
(-0.068084 -0.116005 0)
(-0.00879711 -0.158646 0)
(-0.0212457 0.0715969 0)
(-0.0358717 0.0573625 0)
(-0.0591515 0.0389191 0)
(-0.0835261 0.0344909 0)
(-0.105294 0.022114 0)
(-0.105779 -0.0096508 0)
(-0.0905291 -0.0459862 0)
(-0.0741467 -0.0596066 0)
(-0.0576478 -0.0472099 0)
(-0.0430243 -0.0241659 0)
(-0.0363497 -0.00460095 0)
(-0.0381156 0.00771184 0)
(-0.0440345 0.0141754 0)
(-0.0493989 0.0171471 0)
(-0.0508422 0.0198551 0)
(-0.0457522 0.0257678 0)
(-0.0337451 0.0357885 0)
(-0.0153799 0.0495944 0)
(-0.000872272 0.0602723 0)
(0.0163961 0.0438272 0)
(0.0318572 -0.0266568 0)
(0.0249594 -0.113901 0)
(0.0298511 -0.155432 0)
(-0.00895123 0.0816197 0)
(-0.00462993 0.0649764 0)
(-0.0178634 0.0494716 0)
(-0.0313607 0.0442242 0)
(-0.0370704 0.0266845 0)
(-0.0232256 -0.0122733 0)
(-0.0132622 -0.0492113 0)
(-0.0229103 -0.0611226 0)
(-0.0381115 -0.0486221 0)
(-0.0457328 -0.0256763 0)
(-0.0474383 -0.00503372 0)
(-0.0501247 0.00959223 0)
(-0.055304 0.0169712 0)
(-0.0595781 0.0189244 0)
(-0.0594531 0.0190051 0)
(-0.0537655 0.021426 0)
(-0.0419667 0.0265166 0)
(-0.0166778 0.0355499 0)
(0.0203902 0.0428825 0)
(0.0674537 0.0279152 0)
(0.0960038 -0.0279938 0)
(0.0695664 -0.103638 0)
(0.0538132 -0.1325 0)
(0.00524034 0.0775383 0)
(0.0316481 0.0614696 0)
(0.0399231 0.0469657 0)
(0.0445259 0.0397539 0)
(0.063379 0.0178736 0)
(0.089731 -0.0167119 0)
(0.0850634 -0.0428295 0)
(0.0440437 -0.0479993 0)
(-0.00501539 -0.0358889 0)
(-0.0401434 -0.0180051 0)
(-0.0568616 -0.00155978 0)
(-0.0631827 0.0116266 0)
(-0.0678724 0.0182951 0)
(-0.070289 0.0186246 0)
(-0.0670995 0.0164815 0)
(-0.0586883 0.0169004 0)
(-0.0470194 0.0184749 0)
(-0.027514 0.0207645 0)
(0.00436608 0.0183869 0)
(0.0476393 0.00233125 0)
(0.086891 -0.0333054 0)
(0.0626774 -0.0916926 0)
(0.0626004 -0.11063 0)
(0.015824 0.0671923 0)
(0.0604041 0.0606614 0)
(0.103706 0.0498668 0)
(0.146227 0.0385189 0)
(0.187969 0.0144697 0)
(0.201489 -0.0117897 0)
(0.162119 -0.0249641 0)
(0.0889452 -0.0234323 0)
(0.0199733 -0.0126405 0)
(-0.0305624 -0.00308503 0)
(-0.061221 0.00545298 0)
(-0.0750523 0.01563 0)
(-0.0813677 0.0214362 0)
(-0.0820817 0.0200012 0)
(-0.075056 0.0143023 0)
(-0.0626603 0.0119412 0)
(-0.0489298 0.0110424 0)
(-0.031793 0.00959686 0)
(-0.00805271 0.00201623 0)
(0.0173693 -0.0162232 0)
(0.0521004 -0.0412964 0)
(0.0380768 -0.0865085 0)
(0.0590323 -0.0870043 0)
(0.025316 0.0308674 0)
(0.119518 0.0118645 0)
(0.193222 -0.0026311 0)
(0.238708 -0.00803808 0)
(0.252327 -0.0100731 0)
(0.221931 -0.00426375 0)
(0.149578 0.00845853 0)
(0.0697677 0.0169114 0)
(0.0115047 0.0226284 0)
(-0.0286314 0.0228372 0)
(-0.0572288 0.0199666 0)
(-0.0769134 0.0207879 0)
(-0.0899191 0.0196722 0)
(-0.0935604 0.0136364 0)
(-0.0850125 0.00564405 0)
(-0.0688969 0.00423844 0)
(-0.0524884 0.00503071 0)
(-0.0347325 0.00295345 0)
(-0.0133461 -0.0054657 0)
(0.0052306 -0.0247818 0)
(0.0244914 -0.0450569 0)
(0.021133 -0.0839516 0)
(0.0455579 -0.0551645 0)
(-0.230151 0.068583 0)
(-0.506665 0.0527012 0)
(-0.569738 -0.0185976 0)
(-0.415204 -0.0488578 0)
(-0.268335 -0.0388055 0)
(-0.173299 -0.0364622 0)
(0.0346435 -0.0938658 0)
(0.331623 -0.0481676 0)
(0.268127 0.0264132 0)
(-0.453409 0.18496 0)
(-1.11793 0.172886 0)
(-1.44522 0.0785216 0)
(-1.49121 0.0126713 0)
(-1.41234 -0.0110604 0)
(-1.29135 -0.0180668 0)
(-1.07964 -0.040005 0)
(-0.75262 -0.0938435 0)
(-0.319099 -0.141747 0)
(0.296518 0.010101 0)
(-0.372293 0.214018 0)
(-0.49128 0.129501 0)
(-0.375074 -0.0410183 0)
(-0.260127 -0.0976881 0)
(-0.111925 -0.0872442 0)
(-0.0356888 -0.0847711 0)
(0.1589 -0.193532 0)
(0.265252 -0.0336648 0)
(-0.347755 0.327998 0)
(-1.31239 0.422352 0)
(-1.76303 0.233097 0)
(-1.79345 0.04278 0)
(-1.73465 -0.0439564 0)
(-1.66739 -0.0830637 0)
(-1.53533 -0.108301 0)
(-1.33569 -0.157719 0)
(-1.01301 -0.259709 0)
(-0.553431 -0.317354 0)
(-0.00345555 -0.0183903 0)
(-0.352154 0.340449 0)
(-0.262319 0.142314 0)
(-0.17828 -0.113558 0)
(-0.0589932 -0.166001 0)
(0.0636986 -0.132903 0)
(0.0690965 -0.116629 0)
(0.120484 -0.199226 0)
(-0.246388 0.255569 0)
(-1.07937 0.637852 0)
(-1.8258 0.598869 0)
(-2.08058 0.303376 0)
(-2.24423 0.0619639 0)
(-2.27991 -0.0697786 0)
(-2.14584 -0.147891 0)
(-1.95401 -0.220759 0)
(-1.68223 -0.333889 0)
(-1.2614 -0.507597 0)
(-0.719835 -0.572784 0)
(-0.205031 -0.18968 0)
(-0.274105 0.43394 0)
(0.0148097 0.11391 0)
(0.047613 -0.135424 0)
(0.146865 -0.21294 0)
(0.22109 -0.149203 0)
(0.138922 -0.0850391 0)
(-0.00148662 -0.0810708 0)
(-0.605577 0.514969 0)
(-1.45867 0.926827 0)
(-1.97266 0.807897 0)
(-2.06273 0.475416 0)
(-2.37305 0.172896 0)
(-2.53863 -0.0428036 0)
(-2.34199 -0.207105 0)
(-2.14591 -0.299787 0)
(-1.9294 -0.450132 0)
(-1.47671 -0.714818 0)
(-0.765505 -0.889847 0)
(-0.234694 -0.413714 0)
(-0.156633 0.471755 0)
(0.190598 0.0540211 0)
(0.269642 -0.178135 0)
(0.341108 -0.24247 0)
(0.366988 -0.139028 0)
(0.184029 0.0063964 0)
(-0.112548 0.119177 0)
(-0.85222 0.816625 0)
(-1.61361 1.20118 0)
(-1.88688 0.947727 0)
(-1.96734 0.691618 0)
(-2.34953 0.318728 0)
(-2.22537 -0.106703 0)
(-1.98435 -0.280518 0)
(-1.70791 -0.345908 0)
(-1.60245 -0.440591 0)
(-1.42798 -0.80421 0)
(-0.702146 -1.20772 0)
(-0.16477 -0.64054 0)
(0.0321899 0.403662 0)
(0.338567 0.0270124 0)
(0.450451 -0.214022 0)
(0.509277 -0.255767 0)
(0.504749 -0.0933293 0)
(0.236808 0.142271 0)
(-0.132547 0.343955 0)
(-0.932026 1.09268 0)
(-1.54441 1.40522 0)
(-1.64461 1.06328 0)
(-1.80659 0.828542 0)
(-2.02894 0.280879 0)
(-1.69242 -0.210797 0)
(-1.33516 -0.442953 0)
(-0.855713 -0.532449 0)
(-0.476282 -0.478402 0)
(-0.711324 -0.788921 0)
(-0.583451 -1.44539 0)
(-0.0677196 -0.853246 0)
(0.186205 0.256242 0)
(0.42603 -0.0367015 0)
(0.572433 -0.259955 0)
(0.647609 -0.287883 0)
(0.624138 -0.016386 0)
(0.301368 0.319353 0)
(-0.0745159 0.552883 0)
(-0.856837 1.31156 0)
(-1.21117 1.52884 0)
(-1.15799 1.19985 0)
(-1.57732 0.84543 0)
(-1.60754 0.158529 0)
(-1.20759 -0.376235 0)
(-0.817033 -0.663519 0)
(-0.272217 -0.795992 0)
(0.265733 -0.619582 0)
(0.47472 -0.348392 0)
(-0.431922 -1.47291 0)
(0.00986665 -1.03793 0)
(0.149635 0.0707628 0)
(0.474263 -0.129115 0)
(0.64158 -0.329581 0)
(0.694707 -0.345182 0)
(0.664518 -0.031009 0)
(0.361105 0.420303 0)
(0.0205092 0.73997 0)
(-0.705814 1.46344 0)
(-0.648169 1.67588 0)
(-0.710797 1.35005 0)
(-1.30104 0.858173 0)
(-1.18136 0.0584942 0)
(-0.744311 -0.557247 0)
(-0.371113 -0.854766 0)
(0.170847 -1.03172 0)
(0.351189 -1.01199 0)
(1.37793 -0.345919 0)
(-0.210953 -1.13032 0)
(0.0535174 -1.15305 0)
(0.0312259 -0.0258367 0)
(0.0197325 -0.0397837 0)
(-0.0128697 -0.00603372 0)
(-0.0502213 0.0257385 0)
(-0.0584982 0.0437563 0)
(-0.0590846 0.0543433 0)
(-0.0659587 0.0482018 0)
(-0.0696846 0.0364014 0)
(-0.0697341 0.0308513 0)
(-0.0675357 0.0273978 0)
(-0.0669158 0.0282835 0)
(-0.073768 0.0376564 0)
(-0.0868993 0.0389329 0)
(-0.0935682 0.0247134 0)
(-0.0808925 6.12801e-06 0)
(-0.0629348 -0.00859489 0)
(-0.0504703 -0.0127043 0)
(-0.0380254 -0.016955 0)
(-0.0214166 -0.0249817 0)
(-0.00293228 -0.0403076 0)
(0.0117352 -0.0575269 0)
(0.0232379 -0.0943283 0)
(0.0399778 -0.0833073 0)
(-0.674115 0.0988197 0)
(-0.650618 0.087007 0)
(-0.566389 0.0551102 0)
(-0.470102 0.0107952 0)
(-0.415124 -0.0144857 0)
(-0.404731 -0.00437561 0)
(-0.405052 0.0180328 0)
(-0.379809 0.0261505 0)
(-0.334095 0.0241961 0)
(-0.271533 0.0219993 0)
(-0.197615 0.0256326 0)
(-0.138032 0.0328821 0)
(-0.106754 0.0318787 0)
(-0.0754434 0.00756272 0)
(-0.0418455 -0.0219014 0)
(-0.0298244 -0.0207016 0)
(-0.0278285 -0.0140564 0)
(-0.0206761 -0.0209915 0)
(0.00304968 -0.0348924 0)
(0.0130078 -0.0471653 0)
(0.0175745 -0.0703656 0)
(0.0219453 -0.104519 0)
(0.0442415 -0.125149 0)
(-0.435004 0.764772 0)
(-0.382934 0.105919 0)
(-0.696035 -0.160487 0)
(-0.952647 -0.0719598 0)
(-1.1445 -0.00150773 0)
(-1.2591 0.0335871 0)
(-1.28374 0.0322898 0)
(-1.28103 -0.0249853 0)
(-1.22306 -0.114283 0)
(-0.972729 -0.138648 0)
(-0.700575 -0.104791 0)
(-0.489056 -0.0468909 0)
(-0.395013 -0.0318108 0)
(-0.363934 -0.0381844 0)
(-0.320731 -0.037207 0)
(-0.23259 -0.0223076 0)
(-0.159219 -0.01614 0)
(-0.1194 -0.027861 0)
(-0.0847138 -0.037589 0)
(-0.04428 -0.0335625 0)
(-0.037089 -0.0465591 0)
(-0.0418923 -0.0963468 0)
(-0.0328228 -0.139779 0)
(-0.157534 1.114 0)
(-0.177619 0.469762 0)
(-0.459597 0.334025 0)
(-0.676607 0.279476 0)
(-0.784298 0.198576 0)
(-0.840508 0.124655 0)
(-0.844733 0.0408615 0)
(-0.893798 -0.0668784 0)
(-1.04206 -0.193 0)
(-1.24758 -0.323776 0)
(-1.47635 -0.385512 0)
(-1.67613 -0.1928 0)
(-1.80942 -0.0553281 0)
(-1.89432 -0.077781 0)
(-1.90639 -0.192533 0)
(-1.77116 -0.236882 0)
(-1.4486 -0.19051 0)
(-1.19972 -0.199479 0)
(-1.04041 -0.198731 0)
(-0.790963 -0.150828 0)
(-0.633248 -0.134102 0)
(-0.575101 -0.146265 0)
(-0.623442 -0.10006 0)
(0.0835532 1.10395 0)
(0.059204 0.733037 0)
(-0.136741 0.438313 0)
(-0.210081 0.324292 0)
(-0.220221 0.250055 0)
(-0.253869 0.166601 0)
(-0.217516 0.0791316 0)
(-0.1974 0.0938217 0)
(-0.260725 0.191211 0)
(-0.445486 0.215279 0)
(-0.716146 0.140624 0)
(-0.934459 0.13683 0)
(-1.09332 0.117322 0)
(-1.2326 0.00149323 0)
(-1.40479 -0.157297 0)
(-1.55925 -0.308209 0)
(-1.62925 -0.442786 0)
(-1.55599 -0.42113 0)
(-1.44617 -0.327711 0)
(-1.347 -0.221935 0)
(-1.37367 -0.129679 0)
(-1.59826 -0.011988 0)
(-1.70878 -0.0494327 0)
(0.153669 0.849383 0)
(0.212344 0.803903 0)
(0.125916 0.517819 0)
(0.0903027 0.32366 0)
(0.0826161 0.244406 0)
(0.0266829 0.190827 0)
(-0.0355005 0.0730969 0)
(-0.144222 0.0175972 0)
(-0.19452 0.0763455 0)
(-0.209974 0.181045 0)
(-0.293794 0.234545 0)
(-0.42117 0.265072 0)
(-0.555333 0.308525 0)
(-0.718151 0.297619 0)
(-1.02806 0.19158 0)
(-1.47147 -0.0526983 0)
(-1.66035 -0.359561 0)
(-1.6309 -0.391341 0)
(-1.64916 -0.318226 0)
(-1.61995 -0.1904 0)
(-1.4648 -0.1126 0)
(-1.24178 -0.173223 0)
(-1.01472 -0.229935 0)
(0.0674698 0.644113 0)
(0.209147 0.738175 0)
(0.225305 0.547531 0)
(0.205864 0.367489 0)
(0.150924 0.286652 0)
(0.0958979 0.25506 0)
(0.026672 0.195124 0)
(-0.091911 0.179789 0)
(-0.188019 0.196901 0)
(-0.228757 0.23972 0)
(-0.244564 0.299375 0)
(-0.290199 0.352449 0)
(-0.355102 0.38797 0)
(-0.405622 0.422174 0)
(-0.483031 0.429253 0)
(-0.656596 0.26429 0)
(-0.748455 -0.10359 0)
(-1.03629 -0.512188 0)
(-1.36275 -0.427264 0)
(-1.38345 -0.343085 0)
(-1.19817 -0.217793 0)
(-1.0385 -0.201144 0)
(-0.859018 -0.20129 0)
(-0.0165818 0.574691 0)
(0.124065 0.622452 0)
(0.18978 0.522135 0)
(0.185996 0.403134 0)
(0.117997 0.342728 0)
(0.0715123 0.320745 0)
(0.0102882 0.286318 0)
(-0.0832158 0.272368 0)
(-0.16989 0.263013 0)
(-0.233484 0.276373 0)
(-0.266633 0.32877 0)
(-0.290303 0.39747 0)
(-0.316406 0.43024 0)
(-0.333724 0.443902 0)
(-0.337759 0.455884 0)
(-0.401634 0.354767 0)
(-0.598429 0.147716 0)
(-0.984317 -0.0184111 0)
(-1.37428 -0.164442 0)
(-1.58153 -0.363155 0)
(-1.60574 -0.642982 0)
(-1.42466 -0.702719 0)
(-1.16487 -0.470707 0)
(-0.030754 0.557851 0)
(0.0545192 0.522029 0)
(0.113872 0.49092 0)
(0.11485 0.428895 0)
(0.0662187 0.390885 0)
(0.0329876 0.371649 0)
(-0.0176888 0.352519 0)
(-0.0815908 0.340461 0)
(-0.146041 0.325004 0)
(-0.207911 0.324713 0)
(-0.256591 0.358393 0)
(-0.282479 0.415142 0)
(-0.295935 0.450242 0)
(-0.317039 0.458967 0)
(-0.341842 0.471601 0)
(-0.382976 0.456488 0)
(-0.502155 0.393391 0)
(-0.722851 0.309421 0)
(-0.987204 0.204999 0)
(-1.25314 0.00338144 0)
(-1.46593 -0.369775 0)
(-1.5449 -0.740805 0)
(-1.42919 -0.691501 0)
(-0.0154069 0.551464 0)
(0.0233091 0.46708 0)
(0.0559953 0.473629 0)
(0.0564381 0.447827 0)
(0.0293048 0.425552 0)
(0.00705245 0.408867 0)
(-0.0292685 0.400902 0)
(-0.0698274 0.395867 0)
(-0.116726 0.387071 0)
(-0.16955 0.38405 0)
(-0.219268 0.399422 0)
(-0.250249 0.433463 0)
(-0.266105 0.464964 0)
(-0.291925 0.484278 0)
(-0.334622 0.508661 0)
(-0.386344 0.532375 0)
(-0.469092 0.533632 0)
(-0.608811 0.504791 0)
(-0.820846 0.426541 0)
(-1.10385 0.193022 0)
(-1.36927 -0.243085 0)
(-1.52269 -0.665766 0)
(-1.45609 -0.807625 0)
(-0.00564089 0.548915 0)
(0.0102422 0.443605 0)
(0.0247778 0.465832 0)
(0.0251624 0.458069 0)
(0.0101376 0.445793 0)
(-0.00502508 0.434344 0)
(-0.028917 0.432843 0)
(-0.0546949 0.433508 0)
(-0.0878344 0.432013 0)
(-0.127637 0.431594 0)
(-0.168825 0.439391 0)
(-0.201998 0.460256 0)
(-0.226409 0.489154 0)
(-0.256603 0.520654 0)
(-0.301287 0.557632 0)
(-0.354768 0.596385 0)
(-0.42278 0.630126 0)
(-0.520461 0.661008 0)
(-0.676083 0.654261 0)
(-0.934473 0.442163 0)
(-1.25119 -0.065426 0)
(-1.49577 -0.564583 0)
(-1.53381 -0.828792 0)
(-0.00396197 0.548311 0)
(0.00353273 0.433943 0)
(0.00986478 0.461602 0)
(0.0107508 0.46297 0)
(0.00146443 0.457034 0)
(-0.0091051 0.450869 0)
(-0.0250077 0.452599 0)
(-0.0419934 0.456928 0)
(-0.0639376 0.461039 0)
(-0.0908235 0.46516 0)
(-0.1213 0.473342 0)
(-0.152114 0.490885 0)
(-0.181154 0.51978 0)
(-0.212888 0.558776 0)
(-0.252174 0.605042 0)
(-0.297284 0.652717 0)
(-0.35058 0.703231 0)
(-0.417181 0.773679 0)
(-0.516006 0.842298 0)
(-0.72227 0.733711 0)
(-1.0372 0.305682 0)
(-1.3407 -0.279398 0)
(-1.64879 -0.807778 0)
(-0.00421399 0.549464 0)
(0.000314114 0.42936 0)
(0.00310643 0.458824 0)
(0.00410596 0.466358 0)
(-0.00212631 0.464577 0)
(-0.00954195 0.462166 0)
(-0.0204482 0.465655 0)
(-0.0318925 0.472325 0)
(-0.0458985 0.480346 0)
(-0.0633812 0.488953 0)
(-0.0850931 0.5007 0)
(-0.11035 0.519933 0)
(-0.137134 0.550038 0)
(-0.165064 0.591755 0)
(-0.195288 0.642325 0)
(-0.228196 0.695871 0)
(-0.265968 0.754712 0)
(-0.308995 0.842961 0)
(-0.364594 0.967363 0)
(-0.506211 0.979908 0)
(-0.829057 0.613175 0)
(-1.21366 -0.0248115 0)
(-1.45389 -0.474825 0)
(-0.00371468 0.551605 0)
(-0.000681352 0.427009 0)
(0.000645877 0.457115 0)
(0.00146584 0.468989 0)
(-0.0026722 0.469986 0)
(-0.00775783 0.470213 0)
(-0.015201 0.474898 0)
(-0.0230376 0.482851 0)
(-0.0321347 0.493165 0)
(-0.043567 0.505288 0)
(-0.0584951 0.520956 0)
(-0.0767845 0.543259 0)
(-0.0968395 0.57481 0)
(-0.116959 0.61678 0)
(-0.136391 0.667992 0)
(-0.15601 0.724269 0)
(-0.178153 0.786642 0)
(-0.200973 0.879235 0)
(-0.219922 1.03582 0)
(-0.279326 1.16926 0)
(-0.51814 0.96083 0)
(-0.912273 0.328397 0)
(-1.16241 -0.0652576 0)
(-0.00246524 0.553443 0)
(-0.000375881 0.425752 0)
(0.00052175 0.455948 0)
(0.00135119 0.470588 0)
(-0.000982775 0.473406 0)
(-0.0041127 0.475595 0)
(-0.00887903 0.481228 0)
(-0.0140926 0.489904 0)
(-0.0199592 0.501464 0)
(-0.0271189 0.51591 0)
(-0.0363637 0.534404 0)
(-0.0475137 0.55888 0)
(-0.0593388 0.591037 0)
(-0.0701679 0.631962 0)
(-0.0786572 0.681785 0)
(-0.0851569 0.738455 0)
(-0.0917339 0.801593 0)
(-0.0964901 0.890279 0)
(-0.0875836 1.05079 0)
(-0.0719992 1.26814 0)
(-0.17919 1.25312 0)
(-0.606846 0.611826 0)
(-0.915797 0.166409 0)
(-0.00104716 0.554256 0)
(0.000675411 0.424673 0)
(0.00173541 0.454784 0)
(0.00293426 0.471118 0)
(0.00226745 0.475103 0)
(0.00096591 0.478651 0)
(-0.00142232 0.485059 0)
(-0.00422476 0.494258 0)
(-0.00733033 0.506435 0)
(-0.0108612 0.522008 0)
(-0.0150889 0.541745 0)
(-0.01965 0.56679 0)
(-0.0235026 0.598221 0)
(-0.0253233 0.637008 0)
(-0.0237421 0.683825 0)
(-0.0181499 0.73859 0)
(-0.00947514 0.800307 0)
(0.00268681 0.879799 0)
(0.0329747 1.01999 0)
(0.10513 1.25665 0)
(0.160802 1.43059 0)
(-0.085673 1.07117 0)
(-0.512015 0.460435 0)
(0.000197181 0.553777 0)
(0.00213675 0.423305 0)
(0.00372981 0.453205 0)
(0.00559613 0.470532 0)
(0.00647805 0.475215 0)
(0.0069498 0.479579 0)
(0.00684507 0.48652 0)
(0.00650944 0.496 0)
(0.00620648 0.508338 0)
(0.00615577 0.523985 0)
(0.00647757 0.543548 0)
(0.00770573 0.567757 0)
(0.0107808 0.597285 0)
(0.0167253 0.632952 0)
(0.0269824 0.675552 0)
(0.0428502 0.725768 0)
(0.0645964 0.783153 0)
(0.0934005 0.851615 0)
(0.140644 0.958817 0)
(0.240861 1.15299 0)
(0.402982 1.39259 0)
(0.433187 1.37061 0)
(0.199849 0.894419 0)
(0.00120796 0.551871 0)
(0.00375916 0.421464 0)
(0.00605814 0.450898 0)
(0.00883752 0.468732 0)
(0.0111787 0.47375 0)
(0.0133663 0.478485 0)
(0.0154036 0.485608 0)
(0.0175571 0.49504 0)
(0.0200861 0.507077 0)
(0.0233282 0.52206 0)
(0.0277384 0.540466 0)
(0.0338863 0.562818 0)
(0.0426613 0.589574 0)
(0.0550664 0.621331 0)
(0.0723761 0.658775 0)
(0.0962559 0.702357 0)
(0.128167 0.752247 0)
(0.169833 0.809148 0)
(0.228073 0.883354 0)
(0.329264 1.00689 0)
(0.518041 1.19694 0)
(0.717885 1.32073 0)
(0.783818 1.18096 0)
(0.00201001 0.548638 0)
(0.00540567 0.418949 0)
(0.00846453 0.447673 0)
(0.0122975 0.465691 0)
(0.0160194 0.470749 0)
(0.0198067 0.475502 0)
(0.0237931 0.482438 0)
(0.0282368 0.491473 0)
(0.0334203 0.502747 0)
(0.0396689 0.516554 0)
(0.0475692 0.533231 0)
(0.0577586 0.553109 0)
(0.0710524 0.576507 0)
(0.088428 0.603741 0)
(0.111098 0.635186 0)
(0.140767 0.671004 0)
(0.179274 0.711172 0)
(0.228804 0.755323 0)
(0.293152 0.804759 0)
(0.385968 0.869369 0)
(0.54399 0.969452 0)
(0.7818 1.07591 0)
(0.997888 1.06882 0)
(0.00266144 0.544192 0)
(0.00697595 0.41569 0)
(0.0107718 0.443442 0)
(0.0157178 0.461418 0)
(0.0207139 0.466305 0)
(0.025966 0.470798 0)
(0.0316628 0.477259 0)
(0.0380919 0.485561 0)
(0.0455455 0.495752 0)
(0.0543702 0.508006 0)
(0.0651295 0.522581 0)
(0.0784514 0.539605 0)
(0.0951031 0.559278 0)
(0.116009 0.581642 0)
(0.142311 0.606808 0)
(0.175582 0.634564 0)
(0.217478 0.664475 0)
(0.270177 0.695651 0)
(0.336184 0.726763 0)
(0.421046 0.756643 0)
(0.540409 0.788485 0)
(0.723461 0.823786 0)
(0.943844 0.804213 0)
(0.00322455 0.538626 0)
(0.00842924 0.411712 0)
(0.0128842 0.438228 0)
(0.0189267 0.455984 0)
(0.0250594 0.460563 0)
(0.0316102 0.464594 0)
(0.038761 0.470371 0)
(0.0468415 0.477697 0)
(0.0561357 0.486555 0)
(0.0669834 0.497032 0)
(0.0799065 0.509258 0)
(0.0955161 0.523254 0)
(0.114502 0.539076 0)
(0.13769 0.556569 0)
(0.166061 0.575595 0)
(0.200964 0.59567 0)
(0.243714 0.61604 0)
(0.296007 0.635471 0)
(0.359765 0.65207 0)
(0.436933 0.662756 0)
(0.531898 0.662242 0)
(0.654166 0.649171 0)
(0.810008 0.600833 0)
(0.00373988 0.532047 0)
(0.00973215 0.407089 0)
(0.0147468 0.432099 0)
(0.0218066 0.449497 0)
(0.0289148 0.453669 0)
(0.0365713 0.457105 0)
(0.0449218 0.462053 0)
(0.0543116 0.468274 0)
(0.0650259 0.47565 0)
(0.0773772 0.484223 0)
(0.0918393 0.494022 0)
(0.108982 0.504998 0)
(0.129398 0.517044 0)
(0.153783 0.529904 0)
(0.182926 0.543222 0)
(0.217901 0.556417 0)
(0.259721 0.568527 0)
(0.309445 0.578248 0)
(0.368402 0.583568 0)
(0.437188 0.581838 0)
(0.517122 0.568371 0)
(0.606312 0.538202 0)
(0.708696 0.481762 0)
(0.00422319 0.524568 0)
(0.0108595 0.40191 0)
(0.0163362 0.425176 0)
(0.0242819 0.442099 0)
(0.0321931 0.445798 0)
(0.0407465 0.448562 0)
(0.0500601 0.452594 0)
(0.0604479 0.457639 0)
(0.0721814 0.463487 0)
(0.0855685 0.470137 0)
(0.101027 0.47755 0)
(0.119047 0.485619 0)
(0.140129 0.494114 0)
(0.164836 0.502736 0)
(0.193787 0.510991 0)
(0.227737 0.518284 0)
(0.267439 0.523579 0)
(0.31347 0.525634 0)
(0.366527 0.522616 0)
(0.426609 0.512235 0)
(0.494079 0.491649 0)
(0.565809 0.456732 0)
(0.639875 0.401764 0)
(0.00467155 0.516325 0)
(0.0118009 0.396271 0)
(0.0176567 0.417607 0)
(0.0263189 0.433967 0)
(0.0348573 0.437155 0)
(0.0440918 0.439211 0)
(0.0541214 0.442299 0)
(0.0652226 0.446129 0)
(0.0776356 0.450467 0)
(0.091659 0.455253 0)
(0.107652 0.460403 0)
(0.12601 0.465759 0)
(0.147152 0.471042 0)
(0.171509 0.475904 0)
(0.199551 0.479817 0)
(0.231764 0.482165 0)
(0.268644 0.482012 0)
(0.310469 0.478197 0)
(0.357444 0.469199 0)
(0.409205 0.453099 0)
(0.465415 0.427931 0)
(0.523868 0.391158 0)
(0.581253 0.338989 0)
(0.00508167 0.507443 0)
(0.012556 0.390261 0)
(0.0187221 0.40954 0)
(0.0279186 0.425277 0)
(0.0369027 0.427929 0)
(0.0466206 0.429274 0)
(0.0571255 0.431427 0)
(0.0686729 0.434065 0)
(0.0814683 0.436949 0)
(0.0957825 0.439974 0)
(0.111921 0.443028 0)
(0.130191 0.445915 0)
(0.150924 0.448356 0)
(0.174444 0.449966 0)
(0.201083 0.45025 0)
(0.231147 0.448576 0)
(0.264891 0.444171 0)
(0.302386 0.435996 0)
(0.343545 0.42284 0)
(0.387826 0.403218 0)
(0.434523 0.375701 0)
(0.481967 0.338801 0)
(0.527235 0.290066 0)
(0.00545014 0.498032 0)
(0.0131387 0.383953 0)
(0.0195451 0.401112 0)
(0.0290998 0.41619 0)
(0.0383512 0.418296 0)
(0.0483707 0.418947 0)
(0.0591311 0.420191 0)
(0.0708834 0.4217 0)
(0.0837961 0.423221 0)
(0.0981082 0.424624 0)
(0.114069 0.42579 0)
(0.131919 0.426497 0)
(0.151908 0.426475 0)
(0.174269 0.425341 0)
(0.199206 0.422645 0)
(0.226902 0.417793 0)
(0.257442 0.410129 0)
(0.290748 0.398807 0)
(0.326588 0.38287 0)
(0.36437 0.361226 0)
(0.403311 0.332878 0)
(0.44205 0.296963 0)
(0.478173 0.251892 0)
(0.00576979 0.488202 0)
(0.0135751 0.377439 0)
(0.0201211 0.392459 0)
(0.0298863 0.406868 0)
(0.0392408 0.408446 0)
(0.0493996 0.408431 0)
(0.0602246 0.408818 0)
(0.0719754 0.409282 0)
(0.0847784 0.409559 0)
(0.0988506 0.40951 0)
(0.114385 0.409006 0)
(0.131555 0.407828 0)
(0.150547 0.405708 0)
(0.171529 0.402296 0)
(0.194609 0.397182 0)
(0.219867 0.389862 0)
(0.247285 0.37976 0)
(0.27669 0.366223 0)
(0.30778 0.34851 0)
(0.339983 0.325825 0)
(0.372558 0.297474 0)
(0.404405 0.262964 0)
(0.433586 0.221273 0)
(0.00604191 0.478043 0)
(0.0139086 0.370818 0)
(0.0204326 0.3837 0)
(0.0303122 0.397468 0)
(0.0396187 0.398549 0)
(0.0497795 0.397908 0)
(0.0605101 0.397517 0)
(0.0720875 0.397028 0)
(0.0846006 0.396191 0)
(0.0982357 0.394864 0)
(0.113145 0.392901 0)
(0.129444 0.390104 0)
(0.147273 0.386219 0)
(0.166743 0.380946 0)
(0.187904 0.373913 0)
(0.210751 0.364701 0)
(0.235201 0.352829 0)
(0.26104 0.337782 0)
(0.287942 0.31901 0)
(0.315374 0.295934 0)
(0.342672 0.268058 0)
(0.368951 0.235105 0)
(0.392697 0.196437 0)
(0.00630334 0.467586 0)
(0.0142003 0.364252 0)
(0.0204471 0.374931 0)
(0.0304064 0.3881 0)
(0.0395318 0.388711 0)
(0.0495825 0.387513 0)
(0.0600879 0.386422 0)
(0.0713493 0.385089 0)
(0.0834388 0.383268 0)
(0.0964929 0.380832 0)
(0.110632 0.37762 0)
(0.125938 0.37346 0)
(0.142513 0.368124 0)
(0.16042 0.36135 0)
(0.179662 0.352823 0)
(0.200188 0.34219 0)
(0.22187 0.329063 0)
(0.244483 0.313037 0)
(0.267709 0.293713 0)
(0.291062 0.270675 0)
(0.313962 0.243567 0)
(0.33569 0.212223 0)
(0.355053 0.17626 0)
(0.00662416 0.456803 0)
(0.0144994 0.357973 0)
(0.0201634 0.366271 0)
(0.0301869 0.378855 0)
(0.039015 0.379019 0)
(0.0488694 0.377349 0)
(0.0590424 0.375638 0)
(0.0698808 0.373575 0)
(0.0814469 0.370908 0)
(0.0938292 0.367522 0)
(0.107119 0.363265 0)
(0.121376 0.357982 0)
(0.136667 0.351474 0)
(0.153024 0.343514 0)
(0.170415 0.333842 0)
(0.188757 0.322166 0)
(0.207906 0.308178 0)
(0.227638 0.291568 0)
(0.247662 0.272048 0)
(0.267547 0.249328 0)
(0.286792 0.223157 0)
(0.304803 0.193419 0)
(0.320618 0.159884 0)
(0.00704685 0.445644 0)
(0.0147987 0.352157 0)
(0.0196583 0.357893 0)
(0.0296661 0.369827 0)
(0.0380868 0.369577 0)
(0.0476748 0.367518 0)
(0.0574166 0.365267 0)
(0.0677566 0.362574 0)
(0.0787267 0.359191 0)
(0.0903844 0.355001 0)
(0.102794 0.349879 0)
(0.115999 0.343682 0)
(0.130034 0.336244 0)
(0.144909 0.327367 0)
(0.160569 0.316838 0)
(0.176916 0.304422 0)
(0.193802 0.289879 0)
(0.21102 0.272973 0)
(0.228305 0.253501 0)
(0.245292 0.23127 0)
(0.261556 0.20611 0)
(0.276598 0.177926 0)
(0.289635 0.146576 0)
(0.00754543 0.434092 0)
(0.015054 0.346871 0)
(0.0190186 0.349992 0)
(0.0288399 0.361122 0)
(0.0367416 0.360492 0)
(0.0459907 0.358108 0)
(0.055198 0.35539 0)
(0.064973 0.35215 0)
(0.0752874 0.348159 0)
(0.0861811 0.343294 0)
(0.0977011 0.33746 0)
(0.109874 0.330529 0)
(0.122711 0.322359 0)
(0.1362 0.312788 0)
(0.150276 0.301633 0)
(0.16484 0.28871 0)
(0.179751 0.273834 0)
(0.194818 0.25683 0)
(0.209813 0.237554 0)
(0.224435 0.215888 0)
(0.238339 0.191724 0)
(0.251106 0.164991 0)
(0.262108 0.135591 0)
(0.00806039 0.422182 0)
(0.0152388 0.342152 0)
(0.0182473 0.342744 0)
(0.0276793 0.352849 0)
(0.0349498 0.35186 0)
(0.0437629 0.349209 0)
(0.0523197 0.346084 0)
(0.0614526 0.342376 0)
(0.0710395 0.337863 0)
(0.0811154 0.332432 0)
(0.0917224 0.32601 0)
(0.102863 0.31849 0)
(0.114535 0.309747 0)
(0.126713 0.299646 0)
(0.139324 0.288034 0)
(0.152281 0.274769 0)
(0.165453 0.259709 0)
(0.178671 0.242727 0)
(0.191745 0.223721 0)
(0.204433 0.202622 0)
(0.216471 0.17937 0)
(0.22751 0.153919 0)
(0.237066 0.126194 0)
(0.00855426 0.409973 0)
(0.0153439 0.338051 0)
(0.017302 0.336307 0)
(0.0261575 0.345135 0)
(0.0326747 0.343802 0)
(0.0409205 0.340932 0)
(0.0486951 0.337456 0)
(0.0570866 0.333345 0)
(0.0658431 0.32838 0)
(0.0750122 0.322473 0)
(0.0846352 0.315564 0)
(0.094692 0.307565 0)
(0.10517 0.298368 0)
(0.116036 0.287857 0)
(0.127223 0.27591 0)
(0.138652 0.26242 0)
(0.150207 0.247273 0)
(0.161744 0.230377 0)
(0.173103 0.211663 0)
(0.184088 0.191083 0)
(0.194512 0.168612 0)
(0.204083 0.144229 0)
(0.212453 0.117875 0)
(0.00901794 0.397536 0)
(0.0153313 0.334624 0)
(0.0161815 0.330833 0)
(0.0242812 0.338141 0)
(0.0299027 0.336472 0)
(0.0374306 0.333423 0)
(0.0442818 0.329647 0)
(0.0518116 0.325187 0)
(0.0596091 0.319827 0)
(0.0677534 0.313519 0)
(0.0762778 0.306209 0)
(0.0851477 0.29782 0)
(0.0943432 0.288266 0)
(0.103829 0.277444 0)
(0.113548 0.265259 0)
(0.123426 0.251629 0)
(0.133358 0.236461 0)
(0.143227 0.219689 0)
(0.152895 0.201258 0)
(0.1622 0.181135 0)
(0.171012 0.159315 0)
(0.179088 0.135797 0)
(0.186191 0.110544 0)
(0.00941676 0.384996 0)
(0.015098 0.331855 0)
(0.0149221 0.326442 0)
(0.0221005 0.332037 0)
(0.0266798 0.330039 0)
(0.03335 0.326839 0)
(0.0391501 0.322801 0)
(0.0457051 0.318038 0)
(0.0524192 0.31234 0)
(0.0594258 0.305698 0)
(0.0667356 0.298067 0)
(0.0743088 0.289373 0)
(0.082125 0.279549 0)
(0.0901454 0.268509 0)
(0.0983236 0.256172 0)
(0.106589 0.242469 0)
(0.114845 0.227331 0)
(0.122993 0.210709 0)
(0.130915 0.192553 0)
(0.13848 0.172845 0)
(0.145597 0.151591 0)
(0.152048 0.128796 0)
(0.15768 0.104458 0)
(0.00966348 0.372618 0)
(0.01452 0.32964 0)
(0.0135294 0.323174 0)
(0.0196869 0.326953 0)
(0.0231224 0.324641 0)
(0.0288398 0.321292 0)
(0.0335075 0.31702 0)
(0.0390191 0.311994 0)
(0.0445675 0.306017 0)
(0.050371 0.299113 0)
(0.0564026 0.291235 0)
(0.062625 0.28232 0)
(0.0690215 0.27231 0)
(0.0755505 0.261131 0)
(0.0821709 0.248714 0)
(0.0888169 0.234996 0)
(0.0954037 0.219931 0)
(0.101844 0.203484 0)
(0.108042 0.185613 0)
(0.113896 0.166308 0)
(0.119334 0.145574 0)
(0.124162 0.123413 0)
(0.128286 0.099877 0)
(0.00965048 0.360727 0)
(0.0135277 0.327866 0)
(0.0119805 0.320955 0)
(0.0171053 0.322912 0)
(0.0193813 0.320325 0)
(0.0241199 0.316792 0)
(0.0276445 0.312315 0)
(0.0321051 0.30706 0)
(0.0364819 0.300865 0)
(0.0410935 0.293767 0)
(0.0458656 0.285709 0)
(0.0507712 0.276643 0)
(0.0557967 0.266516 0)
(0.060901 0.255261 0)
(0.0660469 0.242816 0)
(0.0711769 0.229127 0)
(0.0762186 0.21417 0)
(0.0810954 0.197916 0)
(0.0857346 0.180334 0)
(0.0900543 0.161417 0)
(0.0939998 0.141157 0)
(0.0974039 0.119557 0)
(0.100204 0.0967293 0)
(0.00928543 0.3497 0)
(0.012111 0.326523 0)
(0.0102841 0.319678 0)
(0.0144003 0.3199 0)
(0.0155984 0.317096 0)
(0.0193891 0.313333 0)
(0.0218389 0.308676 0)
(0.0253007 0.303233 0)
(0.0285737 0.296875 0)
(0.0320719 0.289634 0)
(0.035676 0.281447 0)
(0.0393737 0.272281 0)
(0.0431529 0.262081 0)
(0.0469776 0.250792 0)
(0.0508123 0.238356 0)
(0.0546095 0.224732 0)
(0.0583087 0.209901 0)
(0.061847 0.19384 0)
(0.0651737 0.176532 0)
(0.0682088 0.15796 0)
(0.0709245 0.138121 0)
(0.0731664 0.117003 0)
(0.0748936 0.0947939 0)
(0.00841325 0.339853 0)
(0.0102111 0.325526 0)
(0.00844748 0.319195 0)
(0.0115747 0.317832 0)
(0.0118879 0.314885 0)
(0.0147867 0.310844 0)
(0.0163036 0.306047 0)
(0.0188595 0.300442 0)
(0.0211382 0.293959 0)
(0.0236465 0.286608 0)
(0.0262171 0.278324 0)
(0.0288524 0.269082 0)
(0.031543 0.258833 0)
(0.0342636 0.247529 0)
(0.0369762 0.235117 0)
(0.0396379 0.221566 0)
(0.0421992 0.206865 0)
(0.0446178 0.190984 0)
(0.0468511 0.173918 0)
(0.048816 0.15564 0)
(0.0505108 0.136171 0)
(0.0517697 0.115466 0)
(0.0525747 0.0937795 0)
(0.00733697 0.332166 0)
(0.00827005 0.325021 0)
(0.00663822 0.319193 0)
(0.00883214 0.316579 0)
(0.00846741 0.313556 0)
(0.0105799 0.309258 0)
(0.01133 0.304379 0)
(0.0131001 0.298645 0)
(0.0145356 0.292078 0)
(0.0161985 0.284657 0)
(0.0178853 0.276312 0)
(0.0196201 0.267021 0)
(0.0213899 0.256749 0)
(0.0231712 0.245448 0)
(0.0249283 0.233078 0)
(0.0266265 0.219611 0)
(0.0282119 0.205035 0)
(0.0296583 0.189332 0)
(0.0309181 0.172486 0)
(0.0319179 0.154492 0)
(0.0326548 0.135365 0)
(0.0329546 0.115057 0)
(0.0328188 0.0938516 0)
(0.00462343 0.324135 0)
(0.00467697 0.324551 0)
(0.00367504 0.319685 0)
(0.00471354 0.3159 0)
(0.00399619 0.312893 0)
(0.00506594 0.308151 0)
(0.00511679 0.303266 0)
(0.00591918 0.297315 0)
(0.00643525 0.290699 0)
(0.00711501 0.2832 0)
(0.00776997 0.274811 0)
(0.00845069 0.265486 0)
(0.00914952 0.255201 0)
(0.00984759 0.243923 0)
(0.010513 0.231623 0)
(0.0111187 0.218273 0)
(0.0116367 0.203854 0)
(0.0120565 0.188361 0)
(0.0123433 0.171774 0)
(0.0124636 0.154111 0)
(0.0124089 0.135373 0)
(0.0121148 0.115526 0)
(0.0115896 0.0947353 0)
(0.0826654 -0.035562 0)
(0.126994 -0.016113 0)
(0.175705 -0.0197257 0)
(0.223279 -0.0299691 0)
(0.0760601 -0.138713 0)
(0.101641 -0.162314 0)
(0.126563 -0.189856 0)
(0.155305 -0.206626 0)
(-0.0422417 -0.140463 0)
(-0.0923434 -0.12318 0)
(-0.155957 -0.124775 0)
(-0.238305 -0.172311 0)
(-0.696234 0.247777 0)
(-0.634022 0.258757 0)
(-0.446688 0.0447438 0)
(-0.191779 -0.396173 0)
(-1.4715 -0.294921 0)
(-1.19249 -0.76469 0)
(-1.05743 -1.10918 0)
(-0.849362 -1.46944 0)
(-1.01008 -0.38887 0)
(-1.07619 -0.654295 0)
(-1.15543 -1.07152 0)
(-1.20284 -1.72581 0)
(-0.827074 -0.203904 0)
(-0.88862 -0.337534 0)
(-0.985082 -0.692862 0)
(-1.11802 -1.37904 0)
(-1.03342 -0.302847 0)
(-1.01214 -0.342704 0)
(-1.05409 -0.610029 0)
(-1.24639 -1.27429 0)
(-1.32837 -0.449279 0)
(-1.23982 -0.255372 0)
(-1.21531 -0.216961 0)
(-1.40956 -0.396713 0)
(-1.38751 -0.693211 0)
(-1.29302 -0.479634 0)
(-1.18264 -0.25656 0)
(-1.0903 -0.0934249 0)
(-1.47427 -0.80443 0)
(-1.3772 -0.69909 0)
(-1.26705 -0.574278 0)
(-1.14869 -0.44648 0)
(-1.73085 -0.985227 0)
(-1.61131 -0.866441 0)
(-1.50405 -0.729046 0)
(-1.3966 -0.61719 0)
(-1.75305 -0.960832 0)
(-1.90795 -1.13115 0)
(-1.92575 -0.97318 0)
(-1.84062 -0.803425 0)
(-1.42067 -0.369349 0)
(-1.6695 -0.770457 0)
(-1.87982 -1.02123 0)
(-2.03833 -1.04609 0)
(-1.0959 0.0719043 0)
(-1.30974 -0.0724546 0)
(-1.58012 -0.292648 0)
(-1.81696 -0.471602 0)
(-0.720976 0.339773 0)
(-0.818 0.29453 0)
(-0.987568 0.113887 0)
(-1.2029 -0.0643057 0)
(-0.127541 0.540516 0)
(-0.238422 0.487725 0)
(-0.29197 0.464537 0)
(-0.415877 0.240349 0)
(0.683763 0.91152 0)
(0.514426 0.685895 0)
(0.460959 0.594771 0)
(0.395845 0.496141 0)
(1.11466 1.00045 0)
(1.12511 0.870502 0)
(1.11411 0.6906 0)
(1.05923 0.540719 0)
(1.10564 0.769785 0)
(1.19693 0.721316 0)
(1.26707 0.633586 0)
(1.31327 0.517577 0)
(0.931184 0.55062 0)
(1.00976 0.507086 0)
(1.08078 0.448577 0)
(1.14596 0.377669 0)
(0.785851 0.429755 0)
(0.834139 0.387398 0)
(0.878645 0.335971 0)
(0.920726 0.280291 0)
(0.693345 0.354427 0)
(0.724849 0.317853 0)
(0.753135 0.275301 0)
(0.778666 0.229056 0)
(0.621819 0.295967 0)
(0.645222 0.264167 0)
(0.666113 0.22851 0)
(0.684928 0.19005 0)
(0.558845 0.251026 0)
(0.576839 0.222941 0)
(0.592926 0.192118 0)
(0.607656 0.159278 0)
(0.503153 0.216449 0)
(0.517162 0.191352 0)
(0.529679 0.164157 0)
(0.541233 0.135407 0)
(0.453621 0.188928 0)
(0.46473 0.166276 0)
(0.474651 0.14196 0)
(0.483838 0.116424 0)
(0.408897 0.166761 0)
(0.417784 0.146165 0)
(0.425699 0.124217 0)
(0.433017 0.101342 0)
(0.368172 0.148919 0)
(0.375266 0.130083 0)
(0.381541 0.110139 0)
(0.387301 0.089542 0)
(0.33124 0.134612 0)
(0.336881 0.117303 0)
(0.341832 0.099091 0)
(0.346321 0.0804791 0)
(0.29831 0.123129 0)
(0.302846 0.107145 0)
(0.306814 0.0904405 0)
(0.310361 0.0735429 0)
(0.269392 0.113713 0)
(0.273193 0.0988693 0)
(0.276535 0.0834506 0)
(0.27951 0.0679804 0)
(0.243418 0.105626 0)
(0.246777 0.0917442 0)
(0.249765 0.0773866 0)
(0.252448 0.0630536 0)
(0.218063 0.0983823 0)
(0.221082 0.0852919 0)
(0.223797 0.0717945 0)
(0.226258 0.0583494 0)
(0.190959 0.0919407 0)
(0.19354 0.0795048 0)
(0.195858 0.0667246 0)
(0.197946 0.0539776 0)
(0.161418 0.0866141 0)
(0.163402 0.0747524 0)
(0.165156 0.0625985 0)
(0.166705 0.050378 0)
(0.130948 0.0827156 0)
(0.132296 0.0713771 0)
(0.133468 0.0597316 0)
(0.134499 0.0478383 0)
(0.101941 0.0801758 0)
(0.102776 0.0692528 0)
(0.103517 0.0579183 0)
(0.104192 0.0461781 0)
(0.0758975 0.0787148 0)
(0.076361 0.0680103 0)
(0.0768042 0.0567905 0)
(0.0772191 0.0451305 0)
(0.0529354 0.0779584 0)
(0.053082 0.0672824 0)
(0.053239 0.0561029 0)
(0.0533588 0.04455 0)
(0.0325223 0.0781713 0)
(0.0323407 0.0675194 0)
(0.0321395 0.0564695 0)
(0.0318926 0.0450982 0)
(0.0111509 0.0789768 0)
(0.0109343 0.0683369 0)
(0.0106784 0.0573768 0)
(0.0104752 0.0460564 0)
(0.347367 -0.070556 0)
(0.472806 -0.2298 0)
(0.530554 -0.356079 0)
(0.256045 -0.270237 0)
(0.26146 0.246011 0)
(0.0508518 0.671391 0)
(0.0681125 0.933349 0)
(-0.522527 1.52306 0)
(-0.167704 1.95526 0)
(-0.546056 1.56856 0)
(-0.904823 0.843757 0)
(-0.666229 -0.196077 0)
(-0.157966 -0.858897 0)
(0.160037 -1.10191 0)
(0.539687 -1.26361 0)
(0.554882 -1.22091 0)
(1.2109 -0.650761 0)
(0.236442 -0.160009 0)
(0.0840199 -1.1592 0)
(0.201439 -0.205919 0)
(0.256355 -0.280737 0)
(0.0408259 -0.100043 0)
(-0.978357 0.0129929 0)
(-0.661169 0.342782 0)
(-0.430467 0.857127 0)
(-0.123601 1.12104 0)
(-0.363329 1.53492 0)
(-0.00151382 2.06675 0)
(-0.136384 1.72465 0)
(-0.348427 0.956143 0)
(-0.0674577 -0.412435 0)
(0.345621 -1.13627 0)
(0.531623 -1.36201 0)
(0.600741 -1.36381 0)
(0.569567 -1.24093 0)
(0.656155 -0.930758 0)
(0.437613 0.403959 0)
(0.11489 -1.02228 0)
(-0.195845 -0.21404 0)
(0.541558 0.0392211 0)
(-0.465129 0.607735 0)
(-1.26304 -0.0378401 0)
(-1.12521 -0.278851 0)
(-0.706596 0.21572 0)
(-0.330743 0.837439 0)
(-0.222654 1.43396 0)
(0.000883057 1.81982 0)
(0.253376 1.71648 0)
(0.124437 0.955604 0)
(0.339394 -1.10711 0)
(0.458661 -1.37648 0)
(0.470184 -1.41216 0)
(0.491781 -1.33838 0)
(0.474514 -1.20809 0)
(0.469324 -0.978567 0)
(0.347158 0.578955 0)
(0.142017 -0.869309 0)
(0.335658 -0.964746 0)
(1.27792 0.474206 0)
(0.93233 1.51935 0)
(-0.292943 0.775086 0)
(-0.349723 -0.167721 0)
(-0.450405 0.09991 0)
(-0.342957 0.490071 0)
(-0.126908 1.19261 0)
(0.136684 1.54395 0)
(0.22323 1.67229 0)
(0.255506 0.908871 0)
(0.395404 -1.32571 0)
(0.308297 -1.33244 0)
(0.328819 -1.37781 0)
(0.358184 -1.32947 0)
(0.339871 -1.1711 0)
(0.297415 -0.908094 0)
(0.0958146 0.642613 0)
(0.161188 -0.731772 0)
(-0.418094 -1.63558 0)
(0.448389 -0.581472 0)
(1.66784 1.32239 0)
(1.05425 1.51604 0)
(0.812501 0.237135 0)
(-0.439001 0.120881 0)
(-0.36858 0.540281 0)
(-0.0693789 0.914794 0)
(0.145009 1.39123 0)
(0.276513 1.59759 0)
(0.373598 1.11216 0)
(0.267863 -0.610829 0)
(0.118251 -1.18636 0)
(0.165527 -1.40887 0)
(0.18686 -1.33361 0)
(0.127929 -1.09988 0)
(0.0420762 -0.690558 0)
(-0.218532 1.0414 0)
(0.199664 -0.66326 0)
(-1.02444 -2.26449 0)
(-0.553447 -1.59161 0)
(0.42177 0.397485 0)
(1.08009 1.32918 0)
(0.970376 0.832216 0)
(0.218412 0.784508 0)
(-0.17874 0.503515 0)
(-0.101091 0.724752 0)
(0.0810686 1.21987 0)
(0.257376 1.46391 0)
(0.362977 1.24224 0)
(0.147282 -0.662497 0)
(-0.109189 -1.18486 0)
(-0.029379 -1.44876 0)
(-0.047596 -1.288 0)
(-0.141526 -0.973083 0)
(-0.265876 -0.372529 0)
(-0.308332 0.554831 0)
(0.229111 -0.596076 0)
(-1.32632 -2.32893 0)
(-1.6762 -1.68955 0)
(-1.41404 0.135612 0)
(-0.42387 1.26658 0)
(-0.400636 1.24715 0)
(-0.411067 1.05602 0)
(0.145559 0.455118 0)
(-0.104905 0.695807 0)
(-0.0658206 1.11786 0)
(0.00497551 1.40218 0)
(-0.0593088 0.984705 0)
(-0.0826055 -0.583807 0)
(-0.392029 -1.16906 0)
(-0.293874 -1.45677 0)
(-0.315364 -1.22514 0)
(-0.397898 -0.852263 0)
(-0.39403 -0.267487 0)
(-0.0881659 -0.150406 0)
(0.196775 -0.486332 0)
(-1.78936 -1.84599 0)
(-2.85162 -1.27296 0)
(-2.95341 -0.38667 0)
(-1.96372 0.326471 0)
(-1.29391 0.709744 0)
(-0.580662 0.439387 0)
(-0.273374 0.376719 0)
(-0.617887 0.994671 0)
(-0.579697 1.28333 0)
(-0.488311 1.43961 0)
(-0.31291 0.764231 0)
(-0.239037 -0.420719 0)
(-0.68902 -1.21526 0)
(-0.561736 -1.4825 0)
(-0.535629 -1.18702 0)
(-0.574696 -0.873533 0)
(-0.372941 -0.507353 0)
(-0.0381474 -0.307087 0)
(0.12831 -0.422752 0)
(-2.12748 -0.684603 0)
(-3.17216 -0.414561 0)
(-3.57417 0.0418177 0)
(-3.42303 0.147784 0)
(-2.95097 0.0685407 0)
(-2.47101 -0.0654426 0)
(-2.0513 0.0645743 0)
(-1.43497 0.95549 0)
(-1.3355 1.29118 0)
(-0.593014 1.05289 0)
(0.167821 0.394568 0)
(-0.299397 0.102873 0)
(-0.835344 -1.20805 0)
(-0.765978 -1.53339 0)
(-0.640568 -1.21146 0)
(-0.593685 -0.949487 0)
(-0.441024 -0.772357 0)
(-0.172221 -0.595833 0)
(0.0540936 -0.416375 0)
(-1.13974 -0.0129182 0)
(-1.52855 -0.147382 0)
(-1.86279 -0.223711 0)
(-1.88234 -0.351995 0)
(-1.72592 -0.369708 0)
(-1.48893 -0.230691 0)
(-1.53382 0.0623499 0)
(-1.40779 0.419006 0)
(-0.825674 0.469509 0)
(0.132929 0.158915 0)
(0.0318139 0.370684 0)
(-0.288295 0.609981 0)
(-0.882393 -1.02683 0)
(-0.938701 -1.60633 0)
(-0.713972 -1.32109 0)
(-0.542278 -1.03418 0)
(-0.417247 -0.931799 0)
(-0.220507 -0.831217 0)
(-0.0297104 -0.484701 0)
(-0.959603 -0.250156 0)
(-0.720096 -0.0314516 0)
(-0.522864 0.0254846 0)
(-0.455591 -0.120631 0)
(-0.435631 -0.244423 0)
(-0.374773 -0.270002 0)
(-0.292431 -0.182185 0)
(-0.231661 -0.0476122 0)
(-0.17542 -0.0224305 0)
(-0.291977 0.203784 0)
(-0.275405 0.785616 0)
(-0.992285 1.33286 0)
(-0.946576 -0.710655 0)
(-1.14257 -1.65692 0)
(-0.927634 -1.53051 0)
(-0.583013 -1.20292 0)
(-0.354376 -1.05125 0)
(-0.170016 -0.962719 0)
(-0.039847 -0.600624 0)
(-1.22311 -0.500628 0)
(-0.972007 -0.384091 0)
(-0.768909 -0.296479 0)
(-0.670282 -0.285067 0)
(-0.703958 -0.306129 0)
(-0.797888 -0.262068 0)
(-0.79143 -0.0448271 0)
(-0.498472 0.264349 0)
(-0.341129 0.283495 0)
(-0.811695 0.453924 0)
(-0.922293 1.37322 0)
(-1.30928 1.30264 0)
(-0.985804 -0.59705 0)
(-1.27424 -1.57241 0)
(-1.30203 -1.80898 0)
(-0.971097 -1.60635 0)
(-0.485881 -1.29716 0)
(-0.183539 -1.12284 0)
(0.00664372 -0.690749 0)
(-1.64204 -0.607541 0)
(-1.37529 -0.402608 0)
(-1.17789 -0.251435 0)
(-1.10939 -0.174238 0)
(-1.18961 -0.125937 0)
(-1.37035 -0.201065 0)
(-1.50848 -0.393291 0)
(-1.43244 -0.160619 0)
(-1.38582 0.335825 0)
(-1.51479 0.65639 0)
(-1.48167 1.45531 0)
(-1.15536 0.831432 0)
(-0.907634 -0.608736 0)
(-1.14573 -1.32632 0)
(-1.40545 -1.78995 0)
(-1.35517 -1.96821 0)
(-0.838656 -1.87173 0)
(-0.33861 -1.46694 0)
(0.00803327 -0.771179 0)
(-2.16304 -0.97145 0)
(-2.1618 -0.80768 0)
(-1.97819 -0.580819 0)
(-1.7647 -0.375463 0)
(-1.51917 -0.139092 0)
(-1.54428 -0.084849 0)
(-1.56359 -0.197131 0)
(-1.6009 -0.0495229 0)
(-1.77082 0.3491 0)
(-1.84996 0.82352 0)
(-1.51871 1.0106 0)
(-0.935905 0.279331 0)
(-0.652541 -0.632678 0)
(-0.742038 -1.15357 0)
(-0.970675 -1.56957 0)
(-1.27151 -1.95259 0)
(-1.2011 -2.19044 0)
(-0.575197 -1.88914 0)
(-0.0297024 -0.91556 0)
(-2.06158 -0.645287 0)
(-2.2003 -0.769484 0)
(-2.13581 -0.722213 0)
(-1.98651 -0.520737 0)
(-1.80904 -0.207252 0)
(-1.7524 -0.0862656 0)
(-1.91006 -0.13319 0)
(-1.98799 0.0949564 0)
(-1.84537 0.369827 0)
(-1.55047 0.553945 0)
(-1.01335 0.432803 0)
(-0.43034 -0.128699 0)
(-0.176043 -0.686424 0)
(-0.155094 -1.07203 0)
(-0.253285 -1.34678 0)
(-0.617496 -1.74781 0)
(-1.05651 -2.30989 0)
(-0.789257 -2.42735 0)
(0.00721368 -1.54915 0)
(-1.45029 -0.344681 0)
(-1.64911 -0.667273 0)
(-1.73051 -0.774583 0)
(-1.72218 -0.659013 0)
(-1.61384 -0.387638 0)
(-1.45646 -0.152584 0)
(-1.34157 -0.0929574 0)
(-1.23636 -0.0747017 0)
(-1.0373 0.0196924 0)
(-0.702749 0.0829925 0)
(-0.235286 -0.051437 0)
(0.155526 -0.399966 0)
(0.354311 -0.788794 0)
(0.370892 -1.06407 0)
(0.354404 -1.21705 0)
(0.213701 -1.39276 0)
(-0.281946 -1.97227 0)
(-0.524345 -2.65845 0)
(0.120475 -1.87597 0)
(-0.612306 -0.182971 0)
(-0.704617 -0.577678 0)
(-0.75369 -0.741619 0)
(-0.752412 -0.675768 0)
(-0.692673 -0.504675 0)
(-0.576997 -0.367281 0)
(-0.44618 -0.279901 0)
(-0.312437 -0.206918 0)
(-0.124853 -0.17172 0)
(0.124237 -0.202613 0)
(0.419671 -0.357357 0)
(0.652503 -0.609474 0)
(0.759803 -0.854569 0)
(0.734788 -1.04613 0)
(0.681543 -1.17727 0)
(0.553701 -1.29962 0)
(0.54914 -1.57157 0)
(-0.118058 -2.43747 0)
(0.137436 -1.94489 0)
(0.358516 0.183961 0)
(0.17211 -0.434743 0)
(0.0772507 -0.729751 0)
(0.0312306 -0.739821 0)
(0.0804528 -0.60043 0)
(0.183103 -0.441667 0)
(0.294383 -0.336732 0)
(0.410996 -0.296059 0)
(0.535031 -0.301019 0)
(0.68128 -0.369132 0)
(0.829233 -0.509587 0)
(0.922145 -0.692351 0)
(0.937962 -0.859431 0)
(0.876005 -0.985285 0)
(0.789221 -1.07937 0)
(0.576594 -1.22836 0)
(0.601912 -1.44043 0)
(-0.0400034 -2.0445 0)
(0.142026 -1.98539 0)
(1.05834 0.212338 0)
(0.994344 -0.246727 0)
(0.807154 -0.560905 0)
(0.629318 -0.650646 0)
(0.529378 -0.599735 0)
(0.510327 -0.507159 0)
(0.5488 -0.436701 0)
(0.619843 -0.407194 0)
(0.708042 -0.423418 0)
(0.798604 -0.487309 0)
(0.869 -0.593977 0)
(0.89593 -0.720811 0)
(0.878875 -0.834113 0)
(0.815523 -0.915408 0)
(0.733162 -0.966333 0)
(0.538039 -1.06898 0)
(0.450891 -1.29328 0)
(0.063872 -1.81427 0)
(0.139388 -1.92983 0)
(1.33937 0.217327 0)
(1.26929 -0.182104 0)
(1.09499 -0.426997 0)
(0.891708 -0.516798 0)
(0.733289 -0.506307 0)
(0.64642 -0.462563 0)
(0.619359 -0.433586 0)
(0.631458 -0.43693 0)
(0.666571 -0.472251 0)
(0.709389 -0.535784 0)
(0.743124 -0.622836 0)
(0.751816 -0.71988 0)
(0.733281 -0.80378 0)
(0.678913 -0.853849 0)
(0.605751 -0.866741 0)
(0.43539 -0.915808 0)
(0.320044 -1.15955 0)
(0.0693203 -1.68384 0)
(0.129558 -1.84919 0)
(1.20043 0.190813 0)
(1.17404 -0.0720599 0)
(1.05224 -0.268032 0)
(0.889805 -0.367786 0)
(0.750688 -0.396176 0)
(0.66189 -0.400017 0)
(0.618972 -0.411997 0)
(0.60817 -0.443963 0)
(0.617774 -0.496162 0)
(0.637176 -0.563673 0)
(0.654283 -0.638936 0)
(0.653548 -0.712627 0)
(0.628499 -0.770007 0)
(0.56608 -0.789236 0)
(0.486582 -0.76443 0)
(0.309558 -0.767576 0)
(0.201565 -1.06314 0)
(0.022313 -1.57541 0)
(0.118066 -1.77825 0)
(0.968101 0.159316 0)
(0.970825 -0.0206272 0)
(0.906994 -0.170814 0)
(0.80911 -0.264517 0)
(0.717614 -0.315042 0)
(0.653806 -0.349669 0)
(0.618684 -0.388073 0)
(0.605453 -0.438582 0)
(0.606857 -0.501235 0)
(0.614539 -0.570162 0)
(0.618546 -0.636803 0)
(0.604992 -0.692527 0)
(0.567383 -0.725132 0)
(0.488285 -0.71157 0)
(0.397301 -0.647664 0)
(0.187062 -0.607874 0)
(0.0958352 -0.981568 0)
(-0.0712481 -1.52438 0)
(0.103995 -1.72892 0)
(0.809619 0.136976 0)
(0.82076 0.00187233 0)
(0.791378 -0.115595 0)
(0.737912 -0.201856 0)
(0.682733 -0.262848 0)
(0.640568 -0.314161 0)
(0.614889 -0.368746 0)
(0.603542 -0.43205 0)
(0.602275 -0.502317 0)
(0.604571 -0.571361 0)
(0.601721 -0.627827 0)
(0.579832 -0.662761 0)
(0.53173 -0.6671 0)
(0.435849 -0.618886 0)
(0.34098 -0.516631 0)
(0.0779617 -0.44053 0)
(0.058937 -0.916615 0)
(-0.100839 -1.55324 0)
(0.0803325 -1.75033 0)
(0.706967 0.115367 0)
(0.719013 0.00823767 0)
(0.705902 -0.0873088 0)
(0.675852 -0.165498 0)
(0.642079 -0.229981 0)
(0.614278 -0.290482 0)
(0.59644 -0.355501 0)
(0.588979 -0.42777 0)
(0.590184 -0.502968 0)
(0.594265 -0.570006 0)
(0.590758 -0.614542 0)
(0.564427 -0.626799 0)
(0.509072 -0.600194 0)
(0.400444 -0.516307 0)
(0.313854 -0.379044 0)
(0.00395333 -0.289016 0)
(0.11239 -0.901518 0)
(-0.0513667 -1.51707 0)
(0.0681291 -1.79892 0)
(0.624995 0.0969113 0)
(0.636493 0.00889833 0)
(0.631094 -0.0722297 0)
(0.613913 -0.14388 0)
(0.593174 -0.209287 0)
(0.57539 -0.275303 0)
(0.564439 -0.347978 0)
(0.563468 -0.428289 0)
(0.5738 -0.508516 0)
(0.587175 -0.571955 0)
(0.587254 -0.600407 0)
(0.55695 -0.585511 0)
(0.493677 -0.525707 0)
(0.375295 -0.408986 0)
(0.300188 -0.244909 0)
(-0.0136267 -0.173671 0)
(0.188311 -0.935522 0)
(-0.00425789 -1.45175 0)
(0.0879733 -1.80119 0)
(0.554969 0.0819556 0)
(0.565078 0.00699942 0)
(0.563291 -0.0640333 0)
(0.553176 -0.13067 0)
(0.540059 -0.196122 0)
(0.528419 -0.266106 0)
(0.522466 -0.346516 0)
(0.530225 -0.43787 0)
(0.55415 -0.525123 0)
(0.578441 -0.581327 0)
(0.580513 -0.586223 0)
(0.544677 -0.538338 0)
(0.473129 -0.444393 0)
(0.350183 -0.301374 0)
(0.282314 -0.124831 0)
(0.0220238 -0.100408 0)
(0.23899 -0.971501 0)
(0.0191743 -1.36469 0)
(0.115269 -1.71992 0)
(0.494638 0.0697992 0)
(0.502908 0.00443508 0)
(0.502213 -0.0592101 0)
(0.495284 -0.121921 0)
(0.485819 -0.186915 0)
(0.476119 -0.260073 0)
(0.473032 -0.351031 0)
(0.489884 -0.458813 0)
(0.523866 -0.552878 0)
(0.550718 -0.595081 0)
(0.547953 -0.569344 0)
(0.50573 -0.485565 0)
(0.429249 -0.359291 0)
(0.310362 -0.19836 0)
(0.245155 -0.0261783 0)
(0.071324 -0.070306 0)
(0.254275 -0.984907 0)
(0.0858391 -1.2761 0)
(0.130764 -1.6062 0)
(0.441339 0.0602297 0)
(0.447578 0.00230582 0)
(0.446777 -0.0556816 0)
(0.441041 -0.114871 0)
(0.431911 -0.178223 0)
(0.420974 -0.25455 0)
(0.419533 -0.360703 0)
(0.438973 -0.486983 0)
(0.469098 -0.581904 0)
(0.484975 -0.603376 0)
(0.471253 -0.545629 0)
(0.424475 -0.429091 0)
(0.34902 -0.275102 0)
(0.244666 -0.104731 0)
(0.178579 0.050391 0)
(0.0933259 -0.0888579 0)
(0.256575 -0.961737 0)
(0.0435509 -1.23458 0)
(0.138755 -1.53013 0)
(0.393523 0.0530016 0)
(0.397938 0.00102215 0)
(0.396708 -0.0521844 0)
(0.391097 -0.107531 0)
(0.380347 -0.167759 0)
(0.368252 -0.248259 0)
(0.364843 -0.370202 0)
(0.371304 -0.508819 0)
(0.381578 -0.597199 0)
(0.376694 -0.597658 0)
(0.350242 -0.514012 0)
(0.301809 -0.372235 0)
(0.232535 -0.196809 0)
(0.15405 -0.0267044 0)
(0.0913098 0.100403 0)
(0.0960376 -0.180024 0)
(0.265469 -0.912099 0)
(5.64972e-05 -1.16937 0)
(0.147535 -1.48016 0)
(0.350928 0.0477012 0)
(0.354045 0.000451618 0)
(0.352662 -0.0486186 0)
(0.346853 -0.0991834 0)
(0.335667 -0.155844 0)
(0.323434 -0.239339 0)
(0.310296 -0.368055 0)
(0.288994 -0.508964 0)
(0.271024 -0.589006 0)
(0.24074 -0.57533 0)
(0.20151 -0.474898 0)
(0.151817 -0.316407 0)
(0.0912662 -0.13091 0)
(0.0506205 0.0206588 0)
(0.0253417 0.107954 0)
(0.122531 -0.31523 0)
(0.280205 -0.872354 0)
(-0.0139362 -1.08531 0)
(0.158611 -1.43327 0)
(0.31395 0.0437674 0)
(0.316422 0.000189419 0)
(0.315342 -0.0451843 0)
(0.310459 -0.0910034 0)
(0.301474 -0.144038 0)
(0.288287 -0.223716 0)
(0.261248 -0.344889 0)
(0.208867 -0.479815 0)
(0.160291 -0.553495 0)
(0.101824 -0.533175 0)
(0.0482915 -0.423844 0)
(-0.00619675 -0.258784 0)
(-0.054578 -0.0868628 0)
(-0.046561 0.0214065 0)
(0.0188098 0.0423545 0)
(0.172306 -0.411672 0)
(0.2966 -0.836185 0)
(-0.0206223 -0.990885 0)
(0.172731 -1.3801 0)
(0.282679 0.0405205 0)
(0.285237 -0.000211137 0)
(0.284816 -0.0426518 0)
(0.281874 -0.0851464 0)
(0.275971 -0.132731 0)
(0.262754 -0.200168 0)
(0.226722 -0.301927 0)
(0.152568 -0.422368 0)
(0.0753812 -0.489801 0)
(-0.0091616 -0.467882 0)
(-0.0786985 -0.358279 0)
(-0.13595 -0.201079 0)
(-0.159748 -0.0726433 0)
(-0.100594 -0.0472354 0)
(0.080934 -0.112739 0)
(0.207891 -0.471841 0)
(0.297597 -0.780908 0)
(-0.0397847 -0.892691 0)
(0.191443 -1.32489 0)
(0.255561 0.0373343 0)
(0.258529 -0.00109253 0)
(0.25905 -0.0414263 0)
(0.257617 -0.0816726 0)
(0.253836 -0.123336 0)
(0.243697 -0.175359 0)
(0.20929 -0.250962 0)
(0.133317 -0.347386 0)
(0.0412348 -0.406643 0)
(-0.056865 -0.388727 0)
(-0.134101 -0.295211 0)
(-0.170576 -0.172004 0)
(-0.151075 -0.12235 0)
(-0.0478224 -0.19794 0)
(0.139425 -0.298255 0)
(0.195498 -0.51627 0)
(0.262466 -0.71431 0)
(-0.0741994 -0.809587 0)
(0.215409 -1.27434 0)
(0.229334 0.0339083 0)
(0.232522 -0.00266256 0)
(0.23372 -0.0410207 0)
(0.232716 -0.0793711 0)
(0.22954 -0.117216 0)
(0.22367 -0.156912 0)
(0.200237 -0.20747 0)
(0.144644 -0.275623 0)
(0.0655218 -0.324118 0)
(-0.022364 -0.315443 0)
(-0.0888541 -0.258536 0)
(-0.0965664 -0.191722 0)
(-0.0329602 -0.201155 0)
(0.0600751 -0.311515 0)
(0.167284 -0.400661 0)
(0.142859 -0.516867 0)
(0.19269 -0.641057 0)
(-0.109922 -0.769509 0)
(0.241163 -1.22783 0)
(0.200657 0.0304523 0)
(0.203477 -0.00467369 0)
(0.204712 -0.0409972 0)
(0.203243 -0.077347 0)
(0.199895 -0.11341 0)
(0.196051 -0.146875 0)
(0.183749 -0.182106 0)
(0.156922 -0.228318 0)
(0.114526 -0.263941 0)
(0.0601079 -0.261866 0)
(0.0193688 -0.241164 0)
(0.0214097 -0.23063 0)
(0.0897131 -0.275113 0)
(0.128296 -0.352359 0)
(0.162789 -0.410237 0)
(0.0781223 -0.475844 0)
(0.102008 -0.557534 0)
(-0.137356 -0.783924 0)
(0.258081 -1.17861 0)
(0.168782 0.0275038 0)
(0.170696 -0.00637976 0)
(0.171282 -0.0406646 0)
(0.169085 -0.0750329 0)
(0.165156 -0.110197 0)
(0.160359 -0.141014 0)
(0.152424 -0.172386 0)
(0.142992 -0.210933 0)
(0.130366 -0.236958 0)
(0.111453 -0.234989 0)
(0.100472 -0.229039 0)
(0.107318 -0.247973 0)
(0.139478 -0.297596 0)
(0.127852 -0.350949 0)
(0.134648 -0.381504 0)
(0.0200997 -0.414197 0)
(0.0121291 -0.464471 0)
(-0.16173 -0.906383 0)
(0.250201 -1.12217 0)
(0.135931 0.0254685 0)
(0.136928 -0.00722048 0)
(0.136654 -0.0395794 0)
(0.134205 -0.0723393 0)
(0.129508 -0.105978 0)
(0.123218 -0.134941 0)
(0.116167 -0.167433 0)
(0.108912 -0.207012 0)
(0.101016 -0.229905 0)
(0.0949097 -0.229112 0)
(0.0987895 -0.230554 0)
(0.109478 -0.25564 0)
(0.128089 -0.300032 0)
(0.0984381 -0.335643 0)
(0.115271 -0.344194 0)
(-0.00110249 -0.345247 0)
(-0.00866654 -0.377076 0)
(-0.202833 -1.0628 0)
(0.199117 -1.06762 0)
(0.105111 0.0242737 0)
(0.10543 -0.00721285 0)
(0.104383 -0.0379314 0)
(0.102285 -0.0693711 0)
(0.0969333 -0.100951 0)
(0.0919052 -0.128523 0)
(0.0859053 -0.161854 0)
(0.0774226 -0.200245 0)
(0.0678022 -0.222255 0)
(0.0635629 -0.229443 0)
(0.0733161 -0.243214 0)
(0.0873453 -0.272009 0)
(0.107493 -0.303664 0)
(0.0816668 -0.326801 0)
(0.123347 -0.319224 0)
(0.0377418 -0.304528 0)
(0.131511 -0.289027 0)
(-0.146346 -1.13868 0)
(0.0947165 -1.07959 0)
(0.0776789 0.0237185 0)
(0.0774694 -0.00654911 0)
(0.0757899 -0.0361385 0)
(0.0742888 -0.0663517 0)
(0.0692386 -0.096862 0)
(0.0673259 -0.123877 0)
(0.0647397 -0.156498 0)
(0.0587125 -0.193359 0)
(0.0542077 -0.216791 0)
(0.0564415 -0.23363 0)
(0.0686587 -0.255949 0)
(0.0790593 -0.283387 0)
(0.094584 -0.306358 0)
(0.0788764 -0.330288 0)
(0.139714 -0.322372 0)
(0.0997739 -0.335988 0)
(0.326117 -0.25079 0)
(0.125612 -0.965491 0)
(0.0156196 -1.18256 0)
(0.0532875 0.0236962 0)
(0.0524866 -0.00558372 0)
(0.0505691 -0.0347316 0)
(0.0498077 -0.0641676 0)
(0.0469895 -0.094983 0)
(0.0477807 -0.123153 0)
(0.0507013 -0.155747 0)
(0.0491942 -0.191472 0)
(0.0496582 -0.218242 0)
(0.0538579 -0.240737 0)
(0.0602224 -0.263774 0)
(0.0638194 -0.288768 0)
(0.0749395 -0.312327 0)
(0.0718352 -0.344521 0)
(0.12987 -0.351161 0)
(0.119179 -0.416765 0)
(0.327085 -0.349961 0)
(0.3066 -0.760122 0)
(0.0584709 -1.01552 0)
(0.0311966 0.0248714 0)
(0.029846 -0.00381169 0)
(0.0285286 -0.0335163 0)
(0.0291984 -0.0635517 0)
(0.029718 -0.0954641 0)
(0.0322842 -0.125902 0)
(0.0367144 -0.15838 0)
(0.0365502 -0.191649 0)
(0.0364853 -0.218778 0)
(0.036835 -0.241903 0)
(0.0380228 -0.265439 0)
(0.0404961 -0.292406 0)
(0.0482441 -0.321159 0)
(0.0511873 -0.359235 0)
(0.0855905 -0.384455 0)
(0.0829759 -0.470692 0)
(0.18498 -0.475997 0)
(0.197108 -0.689533 0)
(0.0660332 -0.831985 0)
(0.0100334 0.0261516 0)
(0.00967777 -0.00316734 0)
(0.00983197 -0.0343728 0)
(0.0111994 -0.0652784 0)
(0.012387 -0.0972228 0)
(0.0137015 -0.128013 0)
(0.0146157 -0.15926 0)
(0.0137918 -0.190206 0)
(0.0125915 -0.216765 0)
(0.0119793 -0.24114 0)
(0.0125385 -0.266766 0)
(0.0139772 -0.295374 0)
(0.0164814 -0.326777 0)
(0.0179969 -0.365971 0)
(0.0273198 -0.40115 0)
(0.0254355 -0.480413 0)
(0.0466764 -0.513817 0)
(0.0493873 -0.663612 0)
(0.0219043 -0.761951 0)
)
;

boundaryField
{
    leftWall
    {
        type            noSlip;
    }
    rightWall
    {
        type            noSlip;
    }
    lowerWall
    {
        type            noSlip;
    }
    atmosphere
    {
        type            pressureInletOutletVelocity;
        value           nonuniform List<vector> 
46
(
(0.00462343 0.324135 0)
(0.00467697 0.324551 0)
(0.00367504 0.319685 0)
(0.00471354 0.3159 0)
(0.00399619 0.312893 0)
(0.00506594 0.308151 0)
(0.00511679 0.303266 0)
(0.00591918 0.297315 0)
(0.00643525 0.290699 0)
(0.00711501 0.2832 0)
(0.00776997 0.274811 0)
(0.00845069 0.265486 0)
(0.00914952 0.255201 0)
(0.00984759 0.243923 0)
(0.010513 0.231623 0)
(0.0111187 0.218273 0)
(0.0116367 0.203854 0)
(0.0120565 0.188361 0)
(0.0123433 0.171774 0)
(0.0124636 0.154111 0)
(0.0124089 0.135373 0)
(0.0121148 0.115526 0)
(0.0115896 0.0947353 0)
(0.0111509 0.0789768 0)
(0.0109343 0.0683369 0)
(0.0106784 0.0573768 0)
(0.0104752 0.0460564 0)
(0.0100334 0.0261516 0)
(0 -0.00316734 0)
(0 -0.0343728 0)
(0 -0.0652784 0)
(0 -0.0972228 0)
(0 -0.128013 0)
(0 -0.15926 0)
(0 -0.190206 0)
(0 -0.216765 0)
(0 -0.24114 0)
(0 -0.266766 0)
(0 -0.295374 0)
(0 -0.326777 0)
(0 -0.365971 0)
(0 -0.40115 0)
(0 -0.480413 0)
(0 -0.513817 0)
(0 -0.663612 0)
(0 -0.761951 0)
)
;
    }
    defaultFaces
    {
        type            empty;
    }
}


// ************************************************************************* //
