/*--------------------------------*- C++ -*----------------------------------*\
  =========                 |
  \\      /  F ield         | OpenFOAM: The Open Source CFD Toolbox
   \\    /   O peration     | Website:  https://openfoam.org
    \\  /    A nd           | Version:  13
     \\/     M anipulation  |
\*---------------------------------------------------------------------------*/
FoamFile
{
    format      ascii;
    class       surfaceScalarField;
    location    "1";
    object      phi;
}
// * * * * * * * * * * * * * * * * * * * * * * * * * * * * * * * * * * * * * //

dimensions      [0 3 -1 0 0 0 0];

internalField   nonuniform List<scalar> 
4432
(
3.32816e-06
-3.32816e-06
3.40458e-06
-7.6412e-08
-3.80718e-07
3.78529e-06
-4.51458e-06
4.13387e-06
-4.80511e-06
2.90532e-07
-1.45434e-06
-3.35078e-06
1.57606e-06
-3.0304e-06
2.45423e-06
-8.78164e-07
1.99597e-06
4.58254e-07
5.21713e-07
1.47426e-06
-1.72211e-06
2.24382e-06
-4.07842e-06
2.3563e-06
-5.33109e-06
1.25268e-06
-6.27864e-06
9.47534e-07
-1.10628e-05
4.78421e-06
-2.10517e-05
9.98886e-06
-3.08813e-05
9.82962e-06
-3.39038e-05
3.02246e-06
-3.04841e-05
-3.41962e-06
-2.44275e-05
-6.05662e-06
-1.64824e-05
-7.94509e-06
-7.01031e-06
-9.47211e-06
-7.0103e-06
-1.78274e-06
-1.54542e-06
-4.46271e-06
2.60356e-06
-7.23239e-06
6.55497e-06
-8.2786e-06
5.18008e-06
-6.33361e-06
-1.65446e-06
-2.37585e-06
-7.30854e-06
1.01808e-06
-6.42433e-06
2.17931e-06
-2.03939e-06
1.65214e-06
9.85419e-07
5.34326e-08
3.07297e-06
-2.24803e-06
4.54529e-06
-5.08921e-06
5.19747e-06
-8.87662e-06
5.0401e-06
-1.41393e-05
6.21025e-06
-2.11849e-05
1.18298e-05
-2.7688e-05
1.6492e-05
-2.97005e-05
1.18421e-05
-2.70569e-05
3.78844e-07
-2.34231e-05
-7.05339e-06
-1.94578e-05
-1.0022e-05
-1.33331e-05
-1.40698e-05
-5.61831e-06
-1.71869e-05
-1.26286e-05
-4.22814e-06
2.68273e-06
-7.84715e-06
6.22257e-06
-9.58624e-06
8.29407e-06
-9.34815e-06
4.94198e-06
-7.16402e-06
-3.83859e-06
-3.1524e-06
-1.13202e-05
3.48119e-07
-9.92486e-06
1.76403e-06
-3.4553e-06
1.60684e-06
1.14261e-06
5.37298e-07
4.14251e-06
-9.32137e-07
6.01472e-06
-3.03328e-06
7.2986e-06
-6.74788e-06
8.75471e-06
-1.23052e-05
1.17675e-05
-1.76288e-05
1.71534e-05
-2.00914e-05
1.89546e-05
-1.93455e-05
1.10962e-05
-1.86253e-05
-3.41313e-07
-1.84474e-05
-7.23132e-06
-1.65677e-05
-1.19016e-05
-1.19807e-05
-1.86569e-05
-5.05511e-06
-2.41124e-05
-1.76837e-05
-4.10242e-06
6.78515e-06
-7.24731e-06
9.36745e-06
-8.4671e-06
9.51386e-06
-8.2412e-06
4.71608e-06
-6.19676e-06
-5.88304e-06
-2.62933e-06
-1.48876e-05
1.26758e-07
-1.26809e-05
1.24382e-06
-4.57236e-06
1.12814e-06
1.25828e-06
2.5446e-07
5.01619e-06
-8.06544e-07
7.07572e-06
-2.12515e-06
8.6172e-06
-4.20595e-06
1.08355e-05
-7.01908e-06
1.45807e-05
-9.18591e-06
1.93203e-05
-1.00412e-05
1.98098e-05
-1.12483e-05
1.23033e-05
-1.46434e-05
3.0538e-06
-1.80579e-05
-3.81681e-06
-1.76803e-05
-1.22792e-05
-1.29926e-05
-2.33446e-05
-5.34611e-06
-3.17589e-05
-2.30298e-05
-2.57726e-06
9.3624e-06
-4.59067e-06
1.13809e-05
-5.37189e-06
1.02951e-05
-5.03876e-06
4.38295e-06
-2.87861e-06
-8.04319e-06
-2.59238e-07
-1.7507e-05
9.41653e-07
-1.38818e-05
1.06199e-06
-4.6927e-06
5.21171e-07
1.79909e-06
-4.32367e-07
5.96973e-06
-1.50811e-06
8.15148e-06
-2.4596e-06
9.56869e-06
-3.45041e-06
1.18263e-05
-4.06701e-06
1.51973e-05
-4.12065e-06
1.93739e-05
-4.91721e-06
2.06064e-05
-8.74597e-06
1.61321e-05
-1.50793e-05
9.38711e-06
-1.96663e-05
7.70268e-07
-1.93957e-05
-1.25499e-05
-1.40102e-05
-2.873e-05
-5.84211e-06
-3.9927e-05
-2.88719e-05
-4.68761e-07
9.83116e-06
-9.4937e-07
1.18615e-05
-1.16011e-06
1.05058e-05
-1.69983e-07
3.39281e-06
2.21923e-06
-1.04324e-05
3.59266e-06
-1.88804e-05
3.19453e-06
-1.34837e-05
1.96542e-06
-3.46358e-06
7.60826e-07
3.00369e-06
-5.22252e-07
7.25282e-06
-1.78534e-06
9.41457e-06
-2.67223e-06
1.04556e-05
-3.45186e-06
1.2606e-05
-3.56253e-06
1.53079e-05
-3.32028e-06
1.91317e-05
-4.54313e-06
2.18292e-05
-9.3228e-06
2.09117e-05
-1.62122e-05
1.62765e-05
-2.09359e-05
5.49402e-06
-2.04832e-05
-1.30026e-05
-1.50994e-05
-3.41139e-05
-7.32152e-06
-4.77048e-05
-3.61934e-05
1.93035e-06
7.9008e-06
3.08598e-06
1.07058e-05
3.71252e-06
9.87925e-06
5.56359e-06
1.54174e-06
7.77566e-06
-1.26445e-05
8.23573e-06
-1.93405e-05
6.83727e-06
-1.20853e-05
4.71312e-06
-1.33943e-06
2.8284e-06
4.8884e-06
1.03641e-06
9.04479e-06
-4.11133e-07
1.08621e-05
-1.23608e-06
1.12805e-05
-1.94441e-06
1.33143e-05
-1.94641e-06
1.53099e-05
-2.1283e-06
1.93136e-05
-4.0119e-06
2.37128e-05
-9.63914e-06
2.6539e-05
-1.73705e-05
2.40079e-05
-2.2749e-05
1.08725e-05
-2.24763e-05
-1.32754e-05
-1.7218e-05
-3.93721e-05
-9.10487e-06
-5.5818e-05
-4.52983e-05
4.02953e-06
3.87127e-06
6.87629e-06
7.85907e-06
8.779e-06
7.97654e-06
1.11801e-05
-8.59392e-07
1.24094e-05
-1.38738e-05
1.16563e-05
-1.85873e-05
9.94178e-06
-1.03708e-05
7.87319e-06
7.29153e-07
6.10604e-06
6.65555e-06
4.00196e-06
1.11489e-05
2.46466e-06
1.23994e-05
1.83645e-06
1.19087e-05
1.28219e-06
1.38686e-05
1.25178e-06
1.53403e-05
3.6229e-07
2.02031e-05
-2.45344e-06
2.65286e-05
-9.35554e-06
3.34411e-05
-1.94645e-05
3.41169e-05
-2.72084e-05
1.86164e-05
-2.71233e-05
-1.33605e-05
-1.96089e-05
-4.68865e-05
-8.11366e-06
-6.73132e-05
-5.3412e-05
7.98739e-07
-7.98739e-07
-8.97412e-06
9.77285e-06
-1.07658e-06
-7.89754e-06
2.41509e-05
-2.52275e-05
4.07476e-05
-1.65967e-05
4.18437e-05
-1.0961e-06
3.14895e-05
1.03542e-05
1.95651e-05
1.19244e-05
8.34646e-06
1.12187e-05
-3.86368e-06
1.22101e-05
-1.35227e-05
9.65903e-06
-1.23541e-05
-1.16858e-06
1.87811e-06
-1.42322e-05
1.7824e-05
-1.59459e-05
8.75716e-06
9.06682e-06
-1.42022e-05
2.29593e-05
-2.16226e-05
7.42043e-06
-1.07479e-05
-1.08747e-05
-1.07479e-05
-7.05037e-06
6.25164e-06
-9.27595e-06
1.19984e-05
3.36221e-06
-2.05357e-05
2.64718e-05
-4.8337e-05
3.73669e-05
-2.74918e-05
3.76942e-05
-1.4234e-06
3.10902e-05
1.69582e-05
1.62963e-05
2.67182e-05
-3.60308e-06
3.11181e-05
-2.37207e-05
3.23277e-05
-3.74783e-05
2.34166e-05
-3.89235e-05
2.76625e-07
-2.54149e-05
-2.77407e-05
-7.95896e-06
-3.34019e-05
6.50235e-07
4.57638e-07
-9.89905e-06
3.35086e-05
-1.54365e-05
1.29579e-05
-7.61053e-06
-1.87006e-05
-1.83584e-05
-8.12749e-06
1.43791e-05
-8.84839e-06
1.27193e-05
2.54859e-06
-3.19327e-05
2.01506e-05
-6.5939e-05
2.56827e-05
-3.30239e-05
2.18591e-05
2.40018e-06
1.37583e-05
2.5059e-05
-3.80249e-06
4.4279e-05
-2.66198e-05
5.39353e-05
-4.75353e-05
5.32433e-05
-6.33604e-05
3.92417e-05
-6.47456e-05
1.66174e-06
-5.17928e-05
-4.06935e-05
-2.98239e-05
-5.53707e-05
-1.43429e-05
-1.50233e-05
-8.51467e-06
2.76803e-05
-9.839e-06
1.42822e-05
-6.0745e-06
-2.24652e-05
-2.44329e-05
-6.55404e-06
2.09332e-05
-8.38345e-06
1.45487e-05
-3.01393e-06
-3.73022e-05
3.20988e-06
-7.21628e-05
4.6513e-06
-3.44653e-05
-2.51361e-06
9.5651e-06
-1.51507e-05
3.76961e-05
-3.17559e-05
6.08843e-05
-5.27902e-05
7.49696e-05
-7.37748e-05
7.42279e-05
-8.92522e-05
5.47192e-05
-9.42992e-05
6.70872e-06
-7.59846e-05
-5.90081e-05
-4.95752e-05
-8.17801e-05
-3.14175e-05
-3.3181e-05
-1.65777e-05
1.28405e-05
-1.28494e-05
1.0554e-05
-1.02906e-05
-2.50241e-05
-3.47235e-05
-4.3766e-06
2.53098e-05
-7.82824e-06
1.80004e-05
-9.63257e-06
-3.54979e-05
-1.38249e-05
-6.79705e-05
-2.1459e-05
-2.68312e-05
-3.21041e-05
2.02103e-05
-4.29395e-05
4.85315e-05
-5.63338e-05
7.42786e-05
-7.44782e-05
9.3114e-05
-9.69204e-05
9.66701e-05
-0.000125976
8.37751e-05
-0.000140339
2.10716e-05
-0.000107285
-9.20624e-05
-7.11052e-05
-0.00011796
-4.68409e-05
-5.74452e-05
-3.25005e-05
-1.49997e-06
-2.23491e-05
4.02574e-07
-1.27895e-05
-3.45837e-05
-4.7513e-05
-1.209e-06
2.65188e-05
-5.1266e-06
2.1918e-05
-1.3372e-05
-2.72525e-05
-2.60128e-05
-5.53297e-05
-4.00273e-05
-1.28167e-05
-5.21405e-05
3.23234e-05
-6.28978e-05
5.92888e-05
-7.5689e-05
8.70697e-05
-9.57287e-05
0.000113154
-0.000132202
0.000133143
-0.000175098
0.000126671
-0.000188448
3.44219e-05
-0.000162881
-0.00011763
-0.000115805
-0.000165036
-6.73061e-05
-0.000105944
-4.24157e-05
-2.63903e-05
-3.88931e-05
-3.12003e-06
-2.65912e-05
-4.68857e-05
-7.41042e-05
4.72679e-06
2.1792e-05
1.71614e-06
2.49286e-05
-9.34146e-06
-1.61949e-05
-2.85457e-05
-3.61254e-05
-4.79189e-05
6.55646e-06
-6.43234e-05
4.8728e-05
-7.77727e-05
7.27381e-05
-9.36588e-05
0.000102956
-0.000126043
0.000145538
-0.00016998
0.00017708
-0.000211764
0.000168455
-0.000227824
5.0482e-05
-0.000234126
-0.000111328
-0.000209928
-0.000189234
-0.000154615
-0.000161257
-0.000103763
-7.72423e-05
-9.93053e-05
-7.57772e-06
-6.88162e-05
-7.73748e-05
-0.00014292
9.25371e-06
1.25383e-05
1.14475e-05
2.27349e-05
2.17248e-06
-6.91989e-06
-2.07892e-05
-1.31638e-05
-4.30601e-05
2.88274e-05
-6.50615e-05
7.07293e-05
-8.16847e-05
8.93613e-05
-0.000110474
0.000131746
-0.000144934
0.000179998
-0.000183543
0.000215689
-0.00020253
0.000187442
-0.000210214
5.8165e-05
-0.000245217
-7.63244e-05
-0.000289173
-0.000145278
-0.000301343
-0.000149088
-0.000270031
-0.000108554
-0.000198222
-7.93865e-05
-8.19697e-05
-0.000193627
-0.00022489
1.83969e-05
-1.45257e-05
2.81848e-05
-1.92877e-06
3.26691e-05
3.49217e-06
3.59656e-05
-4.15585e-06
3.39215e-05
-1.18297e-05
2.66095e-05
-1.12753e-05
1.74547e-05
-1.21597e-06
5.68894e-06
1.24949e-05
-5.20546e-06
1.75499e-05
-9.17423e-06
1.51176e-05
-6.18224e-06
9.40744e-06
-4.17809e-06
9.90458e-06
-8.31717e-06
1.80077e-05
-1.17313e-05
1.87544e-05
-1.86356e-05
2.71074e-05
-3.61233e-05
4.40162e-05
-6.75516e-05
6.48694e-05
-9.42486e-05
6.08139e-05
-9.93541e-05
2.37219e-05
-8.37194e-05
-2.89952e-05
-5.06788e-05
-7.99271e-05
-1.43378e-05
-0.000103654
-8.6251e-05
1.85012e-05
3.04943e-05
-4.502e-05
4.63573e-05
-1.77917e-05
5.12018e-05
-1.35238e-06
4.96042e-05
-2.5582e-06
3.50804e-05
2.69413e-06
1.50516e-05
8.75356e-06
-1.09201e-05
2.47558e-05
-3.82505e-05
3.98253e-05
-6.17958e-05
4.10952e-05
-7.54903e-05
2.88122e-05
-7.8897e-05
1.28141e-05
-8.35967e-05
1.46043e-05
-0.000102462
3.68732e-05
-0.000129237
4.55295e-05
-0.000151636
4.9506e-05
-0.000162263
5.46435e-05
-0.00016071
6.33166e-05
-0.000158124
5.82278e-05
-0.000149742
1.53393e-05
-0.000117697
-6.10398e-05
-7.06693e-05
-0.000126955
-3.94418e-05
-0.000134882
-0.000104645
-2.10476e-05
2.65593e-05
-7.15793e-05
4.33229e-05
-3.45553e-05
4.58873e-05
-3.91673e-06
3.56861e-05
7.64297e-06
7.6578e-06
3.07224e-05
-3.59322e-05
5.23435e-05
-9.17627e-05
8.05862e-05
-0.000136387
8.44494e-05
-0.000165068
6.97766e-05
-0.000178684
4.24277e-05
-0.00018893
2.30602e-05
-0.000202832
2.85064e-05
-0.000208982
4.30232e-05
-0.000204433
4.09801e-05
-0.000189347
3.44209e-05
-0.000168347
3.36433e-05
-0.000153425
4.83944e-05
-0.00017002
7.48225e-05
-0.00019223
3.75493e-05
-0.000151823
-0.000101447
-0.0001111
-0.000167678
-9.89108e-05
-0.000147071
-0.000106761
-9.67953e-05
-8.00133e-06
-6.3578e-05
-1.30891e-05
-2.94676e-05
-6.11462e-06
-1.08912e-05
-5.95456e-06
7.48292e-06
-4.36419e-05
6.84098e-05
-0.000112281
0.000120982
-0.000180617
0.000148923
-0.00025071
0.000154543
-0.000293262
0.000112328
-0.000285951
3.51174e-05
-0.000262677
-2.14625e-07
-0.000241787
7.61696e-06
-0.00022063
2.18663e-05
-0.000195842
1.61924e-05
-0.00016611
4.68823e-06
-0.000141297
8.83027e-06
-0.000136612
4.371e-05
-0.000168666
0.000106876
-0.000204741
7.36244e-05
-0.000170464
-0.000135724
-0.000152713
-0.000185429
-0.000153496
-0.000146288
-9.79679e-05
-0.000162289
-2.70901e-05
-3.64879e-05
-3.19381e-05
-2.46196e-05
-3.31778e-05
-9.65147e-06
-6.98527e-05
4.41577e-05
-0.000126226
0.000124783
-0.000183004
0.00017776
-0.000254053
0.000219971
-0.000321994
0.000222484
-0.000347199
0.000137533
-0.00034587
3.37882e-05
-0.000317942
-2.81424e-05
-0.000277779
-3.25459e-05
-0.000236618
-1.92949e-05
-0.000186012
-3.44135e-05
-0.000135332
-4.59915e-05
-9.86286e-05
-2.78735e-05
-8.94251e-05
3.45066e-05
-0.000116814
0.000134264
-0.000158656
0.000115466
-0.000174096
-0.000120283
-0.000174273
-0.000185251
-0.00017742
-0.000143141
-8.22165e-05
-0.000193172
-4.46247e-05
8.13681e-06
-0.000117606
4.83613e-05
-0.000160213
3.29558e-05
-0.000184905
6.88501e-05
-0.00021796
0.000157839
-0.000239408
0.000199208
-0.000256067
0.000236631
-0.000272288
0.000238705
-0.000288681
0.000153926
-0.000282442
2.75499e-05
-0.000258283
-5.23021e-05
-0.000260624
-3.0205e-05
-0.000249722
-3.01966e-05
-0.000217703
-6.64324e-05
-0.000178801
-8.48935e-05
-0.000150265
-5.641e-05
-0.000142906
2.71477e-05
-0.000131734
0.000123092
-0.00013176
0.000115492
-0.000169261
-8.27827e-05
-0.000175788
-0.000178724
-0.000171837
-0.000147092
-8.213e-05
-0.000171923
-3.74668e-05
4.56035e-05
-0.0001888
0.000199694
-0.000218317
6.24735e-05
-0.00020583
5.63631e-05
-0.000198027
0.000150035
-0.000200042
0.000201223
-0.000172751
0.000209339
-0.000131621
0.000197574
-0.00014748
0.000169785
-0.000214559
9.46287e-05
-0.000248408
-1.84524e-05
-0.000243321
-3.52919e-05
-0.000228172
-4.53462e-05
-0.000225105
-6.9499e-05
-0.000232426
-7.75735e-05
-0.000235582
-5.32531e-05
-0.000232264
2.38292e-05
-0.000194608
8.54369e-05
-0.00015345
7.43332e-05
-0.00016044
-7.57926e-05
-0.000174254
-0.000164909
-0.000164996
-0.000156351
-0.000104185
-0.000142941
-6.04488e-06
5.16484e-05
-0.000133946
0.000327596
-0.000216076
0.000144603
-0.000228793
6.90797e-05
-0.000180372
0.000101614
-0.000109201
0.000130052
-4.83725e-05
0.000148511
-1.35472e-05
0.000162749
-1.72755e-05
0.000173513
-9.6023e-05
0.000173376
-0.000180986
6.65104e-05
-0.000209565
-6.71213e-06
-0.000217977
-3.69347e-05
-0.000232367
-5.51089e-05
-0.00024427
-6.56703e-05
-0.000244797
-5.27261e-05
-0.000215401
-5.56692e-06
-0.000170761
4.07972e-05
-0.000124455
2.80274e-05
-0.000138119
-6.21281e-05
-0.000170151
-0.000132878
-0.000164511
-0.000161991
-0.00013489
-0.000133806
-6.90559e-06
5.8554e-05
-9.44599e-05
0.00041515
-0.000164455
0.000214598
-0.00019811
0.000102735
-0.000172778
7.62821e-05
-0.000114717
7.19909e-05
-5.63856e-05
9.01799e-05
-2.37735e-05
0.000130137
-2.90996e-05
0.00017884
-7.93721e-05
0.000223648
-0.000147712
0.00013485
-0.000174822
2.0398e-05
-0.00018022
-3.1536e-05
-0.000186448
-4.88807e-05
-0.00019317
-5.89483e-05
-0.0001905
-5.53961e-05
-0.000161992
-3.40749e-05
-0.000110175
-1.10196e-05
-7.21263e-05
-1.00216e-05
-8.92176e-05
-4.50367e-05
-0.000128795
-9.33006e-05
-0.000167766
-0.000123019
-0.000151337
-0.000151319
-1.11395e-05
6.96935e-05
-6.03624e-05
0.000464373
-0.000113778
0.000268015
-0.000141465
0.000130422
-0.00014507
7.98871e-05
-0.000122551
4.94722e-05
-9.77434e-05
6.53722e-05
-8.58323e-05
0.000118226
-0.000108061
0.000201068
-0.000136362
0.00025195
-0.000150655
0.000149143
-0.000144495
1.42363e-05
-0.000140925
-3.51064e-05
-0.000138381
-5.14242e-05
-0.000137702
-5.96274e-05
-0.000134652
-5.84463e-05
-0.000119346
-4.93811e-05
-8.92424e-05
-4.11233e-05
-5.74437e-05
-4.18203e-05
-4.71882e-05
-5.52923e-05
-6.90734e-05
-7.14155e-05
-0.000101259
-9.08335e-05
-0.000107899
-0.000144698
-1.32259e-05
8.29193e-05
-1.4354e-05
0.000465501
-5.62662e-05
0.000309927
-9.31436e-05
0.000167299
-0.000110258
9.70011e-05
-0.000118691
5.79055e-05
-0.000132134
7.88157e-05
-0.000163749
0.00014984
-0.000201765
0.000239084
-0.000191042
0.000241226
-0.000148101
0.000106203
-0.000125969
-7.89505e-06
-0.000120561
-4.05141e-05
-0.000116007
-5.59785e-05
-0.000111026
-6.46081e-05
-0.000103859
-6.56132e-05
-9.11876e-05
-6.20524e-05
-7.33942e-05
-5.89165e-05
-5.57132e-05
-5.95012e-05
-4.50868e-05
-6.59188e-05
-3.94145e-05
-7.70876e-05
-4.05409e-05
-8.97072e-05
-8.47725e-05
-6.36671e-05
-1.3132e-05
9.60513e-05
1.47571e-06
0.000450894
-3.6276e-05
0.000347679
-8.37869e-05
0.00021481
-0.000125439
0.000138654
-0.000172807
0.000105273
-0.000223442
0.000129451
-0.00026218
0.000188578
-0.000251681
0.000228586
-0.000191325
0.00018087
-0.000136607
5.14845e-05
-0.000126242
-1.82603e-05
-0.000123912
-4.28439e-05
-0.000117519
-6.23713e-05
-0.000107836
-7.42919e-05
-9.4916e-05
-7.85331e-05
-7.93426e-05
-7.76257e-05
-6.32404e-05
-7.50185e-05
-4.90508e-05
-7.36908e-05
-3.95616e-05
-7.5408e-05
-3.51372e-05
-8.15122e-05
-3.55118e-05
-8.93326e-05
-8.82843e-05
-3.20003e-05
-1.20454e-05
0.000108097
-1.08777e-05
0.000449726
-4.69184e-05
0.00038372
-9.6649e-05
0.000264541
-0.000150376
0.000192381
-0.000211039
0.000165936
-0.000260591
0.000179003
-0.000273214
0.000201201
-0.000234886
0.000190257
-0.000172242
0.000118226
-0.000150301
2.95428e-05
-0.00015313
-1.5431e-05
-0.000146986
-4.89877e-05
-0.000133379
-7.59779e-05
-0.00011613
-9.15408e-05
-9.77088e-05
-9.69543e-05
-7.96166e-05
-9.57177e-05
-6.27349e-05
-9.19e-05
-4.80718e-05
-8.8354e-05
-3.67527e-05
-8.67271e-05
-3.05465e-05
-8.77182e-05
-2.99032e-05
-8.99759e-05
-9.08421e-05
-2.73456e-05
-1.03684e-05
0.000118465
-2.49456e-05
0.000464303
-6.06642e-05
0.000419439
-0.000105387
0.000309263
-0.000156695
0.000243689
-0.000209966
0.000219207
-0.000244418
0.000213456
-0.000244305
0.000201089
-0.000216071
0.000162022
-0.000194618
9.67737e-05
-0.00019824
3.31646e-05
-0.000194648
-1.90227e-05
-0.000176633
-6.70024e-05
-0.000151871
-0.00010074
-0.000124792
-0.000118619
-9.98159e-05
-0.00012193
-7.91243e-05
-0.000116409
-6.25459e-05
-0.000108478
-4.92553e-05
-0.000101644
-3.90476e-05
-9.69349e-05
-3.22649e-05
-9.45011e-05
-2.88763e-05
-9.33645e-05
-9.26105e-05
-2.7108e-05
-9.74772e-06
0.000128213
-2.32092e-05
0.000477765
-6.08132e-05
0.000457043
-9.99969e-05
0.000348447
-0.000145724
0.000289417
-0.000191682
0.000265165
-0.00022333
0.000245103
-0.00023744
0.000215199
-0.000244445
0.000169027
-0.000254461
0.00010679
-0.000256237
3.49405e-05
-0.000236986
-3.82736e-05
-0.000204897
-9.90911e-05
-0.000167384
-0.000138252
-0.000129628
-0.000156376
-9.72558e-05
-0.000154302
-7.34387e-05
-0.000140226
-5.75643e-05
-0.000124353
-4.6876e-05
-0.000112333
-3.94919e-05
-0.000104319
-3.4633e-05
-9.93597e-05
-3.15887e-05
-9.64088e-05
-9.4649e-05
-2.95502e-05
-7.14846e-06
0.000135361
1.38681e-05
0.000456749
-4.5244e-05
0.000516155
-8.72547e-05
0.000390458
-0.000134136
0.000336298
-0.000183289
0.000314318
-0.00022882
0.000290634
-0.000270351
0.00025673
-0.000302753
0.00020143
-0.000313062
0.000117099
-0.000292754
1.46327e-05
-0.000251627
-7.94004e-05
-0.000203628
-0.000147091
-0.00015726
-0.000184619
-0.00011558
-0.000198056
-8.21444e-05
-0.000187738
-5.90253e-05
-0.000163345
-4.58197e-05
-0.000137558
-3.9077e-05
-0.000119075
-3.539e-05
-0.000108006
-3.34294e-05
-0.00010132
-3.24617e-05
-9.73765e-05
-9.51148e-05
-3.1996e-05
9.90902e-07
0.00013437
3.57956e-05
0.000421944
-3.1481e-05
0.000583431
-8.07322e-05
0.000439709
-0.000135092
0.000390657
-0.000196027
0.000375253
-0.000259976
0.000354584
-0.000314918
0.000311672
-0.000338888
0.0002254
-0.000323265
0.000101476
-0.0002768
-3.18324e-05
-0.000218294
-0.000137906
-0.000158358
-0.000207027
-0.000107895
-0.000235082
-7.00582e-05
-0.000235892
-4.57565e-05
-0.000212039
-3.13024e-05
-0.000177799
-2.63962e-05
-0.000142464
-2.66857e-05
-0.000118785
-2.79884e-05
-0.000106703
-2.93252e-05
-9.99834e-05
-3.06162e-05
-9.60856e-05
-9.38268e-05
-3.19043e-05
9.12718e-06
0.000125243
-1.32115e-05
0.000444283
-4.69992e-05
0.000617219
-9.1869e-05
0.000484578
-0.000150877
0.000449665
-0.000220897
0.000445272
-0.000289187
0.000422874
-0.000331089
0.000353575
-0.0003298
0.000224111
-0.000293173
6.48491e-05
-0.00023738
-8.7625e-05
-0.000164368
-0.000210918
-9.23952e-05
-0.000279
-3.82912e-05
-0.000289186
-5.607e-06
-0.000268577
5.20118e-06
-0.000222847
4.88423e-06
-0.000177482
-1.90362e-06
-0.000135676
-1.23663e-05
-0.000108322
-1.99741e-05
-9.9095e-05
-2.47435e-05
-9.52143e-05
-2.79166e-05
-9.29125e-05
-9.14694e-05
-3.0274e-05
-1.21451e-05
0.000137388
-7.74575e-05
0.000509595
-8.19154e-05
0.000621677
-0.000113196
0.000515859
-0.000170294
0.000506763
-0.000237772
0.000512751
-0.000292796
0.000477898
-0.000312411
0.00037319
-0.000297036
0.000208736
-0.000256335
2.41488e-05
-0.000188225
-0.000155735
-9.97646e-05
-0.000299378
-2.28461e-05
-0.000355918
2.87437e-05
-0.000340776
5.39122e-05
-0.000293745
5.39201e-05
-0.000222855
3.848e-05
-0.000162042
1.93106e-05
-0.000116506
-1.4368e-06
-8.7575e-05
-1.45245e-05
-8.60073e-05
-2.1866e-05
-8.7873e-05
-2.61807e-05
-8.8598e-05
-8.87011e-05
-2.8949e-05
-4.38919e-05
0.00018128
-0.000111113
0.000576816
-0.000101834
0.000612399
-0.00012541
0.000539435
-0.000176714
0.000558067
-0.000231057
0.000567093
-0.000265932
0.000512773
-0.000270587
0.000377845
-0.000249952
0.000188101
-0.00020211
-2.36931e-05
-0.000122487
-0.000235358
-3.65482e-05
-0.000385317
2.82264e-05
-0.000420693
6.68816e-05
-0.000379431
7.93213e-05
-0.000306185
7.2212e-05
-0.000215746
4.97697e-05
-0.000139599
2.33062e-05
-9.00429e-05
-1.32732e-06
-6.29415e-05
-1.51527e-05
-7.2182e-05
-2.23467e-05
-8.06791e-05
-2.63421e-05
-8.46027e-05
-8.63153e-05
-2.87279e-05
-3.10768e-05
0.000212357
-8.93519e-05
0.000635091
-9.02393e-05
0.000613286
-0.00011816
0.000567356
-0.000162258
0.000602165
-0.000199177
0.000604013
-0.000215084
0.000528679
-0.000210669
0.000373431
-0.000185342
0.000162773
-0.000133153
-7.58818e-05
-5.95149e-05
-0.000308997
4.40981e-06
-0.000449242
4.45644e-05
-0.000460848
6.1482e-05
-0.000396349
5.79744e-05
-0.000302677
4.42633e-05
-0.000202034
2.50192e-05
-0.000120355
-1.49569e-07
-6.48741e-05
-1.63576e-05
-4.67336e-05
-2.3073e-05
-6.54667e-05
-2.65352e-05
-7.72171e-05
-2.84601e-05
-8.26777e-05
-8.52017e-05
-2.95736e-05
-9.74107e-06
0.000222098
-3.39191e-05
0.000659269
-6.21925e-05
0.000641559
-9.50012e-05
0.000600164
-0.000131869
0.000639034
-0.000153819
0.000625962
-0.00015541
0.00053027
-0.000144449
0.000362469
-0.000118329
0.000136653
-7.10695e-05
-0.000123141
-1.77181e-05
-0.000362349
1.12527e-05
-0.000478213
2.06581e-05
-0.000470253
1.16685e-05
-0.000387359
-5.35615e-06
-0.000285653
-1.93196e-05
-0.000188071
-3.19229e-05
-0.000107752
-4.27071e-05
-5.40899e-05
-3.88683e-05
-5.05724e-05
-3.48223e-05
-6.95125e-05
-3.2715e-05
-7.93243e-05
-3.15488e-05
-8.38438e-05
-8.58612e-05
-3.08892e-05
-8.27428e-07
0.000222926
2.95034e-05
0.000628938
-2.6212e-05
0.000697275
-6.24203e-05
0.000636373
-9.38186e-05
0.000670432
-0.000106437
0.000638581
-0.000100003
0.000523836
-8.36085e-05
0.000346075
-5.7794e-05
0.000110839
-2.09462e-05
-0.000159989
-5.85914e-06
-0.000377435
-1.21182e-05
-0.000471953
-3.54164e-05
-0.000446955
-6.26057e-05
-0.00036017
-8.21243e-05
-0.000266134
-9.09329e-05
-0.000179263
-9.30072e-05
-0.000105677
-7.8593e-05
-6.85041e-05
-5.6932e-05
-7.22332e-05
-4.46379e-05
-8.18063e-05
-3.80251e-05
-8.59369e-05
-3.41674e-05
-8.77013e-05
-8.81677e-05
-3.18609e-05
2.25797e-06
0.000220668
5.37957e-05
0.0005774
1.22393e-05
0.000738832
-2.7034e-05
0.000675646
-5.31985e-05
0.000696597
-6.01255e-05
0.000645508
-5.10228e-05
0.000514733
-3.34421e-05
0.000328494
-1.10388e-05
8.84355e-05
2.20448e-06
-0.000173232
-7.78314e-06
-0.000367448
-4.31469e-05
-0.00043659
-8.54191e-05
-0.000404683
-0.000116843
-0.000328746
-0.000134194
-0.000248783
-0.000138348
-0.000175108
-0.000120576
-0.000123449
-8.7701e-05
-0.000101379
-6.29004e-05
-9.70334e-05
-4.87935e-05
-9.59131e-05
-4.03164e-05
-9.44139e-05
-3.50609e-05
-9.29568e-05
-9.14518e-05
-3.17768e-05
5.98908e-06
0.000214679
3.90481e-05
0.000544341
3.25507e-05
0.000745329
1.40325e-06
0.000706794
-1.46178e-05
0.000712618
-1.57795e-05
0.00064667
-7.86386e-06
0.000506818
7.12366e-06
0.000313506
1.94787e-05
7.60805e-05
1.8021e-05
-0.000171774
-8.26724e-06
-0.00034116
-5.43328e-05
-0.000390524
-9.98074e-05
-0.000359208
-0.000128208
-0.000300345
-0.000138676
-0.000238315
-0.000128831
-0.000184952
-0.000103887
-0.000148393
-7.74494e-05
-0.000127817
-5.88338e-05
-0.000115649
-4.69049e-05
-0.000107842
-3.90252e-05
-0.000102294
-3.37812e-05
-9.82009e-05
-9.49043e-05
-3.03287e-05
2.0222e-06
0.000212656
2.65934e-05
0.00051977
3.84068e-05
0.000733515
2.53589e-05
0.000719842
2.54214e-05
0.000712555
3.06274e-05
0.000641464
3.83178e-05
0.000499127
4.66566e-05
0.000305168
5.10221e-05
7.1715e-05
3.63965e-05
-0.000157149
4.07337e-06
-0.000308836
-3.66173e-05
-0.000349833
-7.31633e-05
-0.000322662
-9.54726e-05
-0.000278036
-0.000101108
-0.00023268
-9.19732e-05
-0.000194087
-7.60266e-05
-0.00016434
-6.12325e-05
-0.00014261
-4.96316e-05
-0.00012725
-4.11114e-05
-0.000116362
-3.49453e-05
-0.00010846
-3.05667e-05
-0.00010258
-9.79236e-05
-2.75474e-05
8.27731e-06
0.000204379
4.38131e-05
0.000484234
5.86402e-05
0.000718688
5.62671e-05
0.000722215
6.59117e-05
0.000702911
7.62088e-05
0.000631167
8.38961e-05
0.00049144
8.60437e-05
0.00030302
8.05954e-05
7.71634e-05
5.82194e-05
-0.000134772
2.54027e-05
-0.00027602
-6.97569e-06
-0.000317455
-3.36767e-05
-0.000295961
-5.12937e-05
-0.000260419
-5.77829e-05
-0.000226191
-5.62062e-05
-0.000195663
-5.08017e-05
-0.000169744
-4.42881e-05
-0.000149124
-3.81487e-05
-0.000133389
-3.29825e-05
-0.000121528
-2.88942e-05
-0.000112548
-2.58515e-05
-0.000105622
-0.000100086
-2.36896e-05
1.84819e-05
0.000185897
7.02391e-05
0.000432477
9.77469e-05
0.000691181
9.73887e-05
0.000722573
0.000105518
0.000694782
0.000117647
0.000619038
0.000124443
0.000484643
0.000119076
0.000308388
0.000104638
9.16015e-05
7.87615e-05
-0.000108896
4.83381e-05
-0.000245596
2.16082e-05
-0.000290725
6.37481e-07
-0.00027499
-1.48273e-05
-0.000244954
-2.41572e-05
-0.000216861
-2.85036e-05
-0.000191317
-2.92868e-05
-0.000168961
-2.80323e-05
-0.000150378
-2.59546e-05
-0.000135466
-2.37599e-05
-0.000123723
-2.18119e-05
-0.000114496
-2.02673e-05
-0.000107167
-0.000101276
-1.90772e-05
2.73813e-05
0.000158516
6.74623e-05
0.000392396
0.000122034
0.000636609
0.000130359
0.000714248
0.000137065
0.000688077
0.000147982
0.00060812
0.000149908
0.000482717
0.000138698
0.000319598
0.000120483
0.000109817
9.60127e-05
-8.44261e-05
7.03536e-05
-0.000219937
4.76344e-05
-0.000268005
2.88292e-05
-0.000256185
1.35073e-05
-0.000229632
1.94039e-06
-0.000205294
-5.81243e-06
-0.000183564
-1.04458e-05
-0.000164327
-1.28803e-05
-0.000147943
-1.39432e-05
-0.000134404
-1.42698e-05
-0.000123397
-1.42632e-05
-0.000114503
-1.41446e-05
-0.000107286
-0.000101397
-1.40231e-05
3.82704e-05
0.000120245
5.23497e-05
0.000378317
0.000117295
0.000571664
0.000142774
0.000688769
0.000153523
0.000677327
0.000159638
0.000602004
0.000156154
0.000486202
0.000147065
0.000328686
0.000132556
0.000124326
0.000112399
-6.42689e-05
9.21778e-05
-0.000199716
7.22197e-05
-0.000248047
5.35951e-05
-0.00023756
3.73042e-05
-0.000213341
2.38357e-05
-0.000191825
1.35008e-05
-0.000173229
6.01701e-06
-0.000156843
8.08252e-07
-0.000142734
-2.74621e-06
-0.000130849
-5.16925e-06
-0.000120974
-6.85111e-06
-0.000112821
-8.0127e-06
-0.000106124
-0.000100538
-8.87225e-06
4.66229e-05
7.36225e-05
6.3471e-05
0.000361469
0.000103812
0.000531324
0.000142331
0.00065025
0.00015486
0.000664798
0.000153632
0.000603233
0.000151482
0.000488352
0.000153984
0.000326184
0.000145858
0.000132452
0.00013094
-4.93509e-05
0.000115483
-0.000184259
9.6113e-05
-0.000228677
7.59358e-05
-0.000217383
5.76937e-05
-0.000195099
4.22706e-05
-0.000176402
2.98357e-05
-0.000160793
2.01647e-05
-0.000147172
1.28148e-05
-0.000135384
7.30652e-06
-0.000125341
3.20238e-06
-0.00011687
1.48615e-07
-0.000109768
-2.14148e-06
-0.000103834
-9.88302e-05
-3.84982e-06
4.14372e-05
3.21855e-05
7.279e-05
0.000330116
9.38097e-05
0.000510304
0.000130951
0.000613109
0.000147109
0.000648639
0.000147772
0.00060257
0.000160957
0.000475168
0.000176222
0.000310919
0.000167169
0.000141505
0.000155847
-3.80289e-05
0.000141911
-0.000170323
0.000119572
-0.000206338
9.59671e-05
-0.000193778
7.51636e-05
-0.000174295
5.77239e-05
-0.000158962
4.34285e-05
-0.000146498
3.19787e-05
-0.000135722
2.29679e-05
-0.000126374
1.5958e-05
-0.000118331
1.05456e-05
-0.000111457
6.38328e-06
-0.000105605
3.18456e-06
-0.000100636
-9.63788e-05
7.32854e-07
1.9179e-05
1.30073e-05
6.94671e-05
0.000279828
0.000101872
0.000477899
0.000128516
0.000586464
0.000150855
0.0006263
0.000172877
0.000580549
0.000197798
0.000450247
0.000206621
0.000302096
0.000193691
0.000154436
0.000188311
-3.26493e-05
0.000169969
-0.000151981
0.000141314
-0.000177683
0.000113082
-0.000165545
8.94137e-05
-0.000150627
7.00127e-05
-0.000139561
5.41535e-05
-0.000130639
4.1342e-05
-0.000122911
3.11144e-05
-0.000116146
2.30154e-05
-0.000110232
1.66408e-05
-0.000105083
1.16399e-05
-0.000100605
7.71757e-06
-9.6714e-05
-9.32981e-05
4.63673e-06
-5.35963e-06
1.83653e-05
5.88121e-05
0.000215656
0.000104532
0.00043218
0.000141427
0.000549568
0.000175175
0.000592552
0.00020592
0.000549804
0.000221393
0.000434774
0.000223221
0.000300268
0.000224919
0.000152738
0.000222578
-3.03083e-05
0.000194598
-0.000124001
0.000158046
-0.000141131
0.00012553
-0.000133029
9.95731e-05
-0.00012467
7.87126e-05
-0.0001187
6.17892e-05
-0.000113715
4.81092e-05
-0.000109231
3.7116e-05
-0.000105153
2.83224e-05
-0.000101439
2.13071e-05
-9.80676e-05
1.57129e-05
-9.50109e-05
1.12382e-05
-9.22394e-05
-8.96997e-05
7.63967e-06
-1.32851e-05
3.16512e-05
3.28777e-05
0.000169493
9.09577e-05
0.0003741
0.000138293
0.000502233
0.000179624
0.000551222
0.000209414
0.000520014
0.000225169
0.000419019
0.000236872
0.000288565
0.000257939
0.000131671
0.000246851
-1.92196e-05
0.000208226
-8.53754e-05
0.000166004
-9.89095e-05
0.000131574
-9.85987e-05
0.000104771
-9.78664e-05
8.33872e-05
-9.73171e-05
6.6118e-05
-9.64458e-05
5.21503e-05
-9.52632e-05
4.08649e-05
-9.38678e-05
3.17581e-05
-9.2332e-05
2.44029e-05
-9.07125e-05
1.84454e-05
-8.90537e-05
1.35907e-05
-8.73849e-05
-8.57193e-05
9.61023e-06
-2.50565e-05
5.67083e-05
-3.30683e-06
0.000147743
6.25101e-05
0.000308283
0.0001175
0.000447242
0.00016465
0.000504073
0.000200596
0.000484068
0.000226315
0.0003933
0.000255079
0.0002598
0.000275525
0.000111226
0.000250008
6.29673e-06
0.000204896
-4.02634e-05
0.000163115
-5.71289e-05
0.00013033
-6.58136e-05
0.000104577
-7.21128e-05
8.38615e-05
-7.66017e-05
6.70698e-05
-7.96542e-05
5.34237e-05
-8.16171e-05
4.23156e-05
-8.27596e-05
3.32599e-05
-8.32764e-05
2.58537e-05
-8.33064e-05
1.97662e-05
-8.29665e-05
1.47341e-05
-8.2353e-05
-8.15469e-05
1.05616e-05
-3.35761e-05
9.02843e-05
-4.29011e-05
0.000157068
1.11405e-05
0.000254241
7.89614e-05
0.000379421
0.000135978
0.000447056
0.000184898
0.000435148
0.000227218
0.00035098
0.000260168
0.00022685
0.000261053
0.000110341
0.000227965
3.93844e-05
0.000186696
1.00564e-06
0.000151129
-2.15626e-05
0.000122564
-3.72481e-05
9.93585e-05
-4.89074e-05
8.03667e-05
-5.761e-05
6.47932e-05
-6.40807e-05
5.20173e-05
-6.88412e-05
4.15164e-05
-7.22588e-05
3.28581e-05
-7.46182e-05
2.56921e-05
-7.61407e-05
1.97385e-05
-7.7013e-05
1.47808e-05
-7.73954e-05
-7.74353e-05
1.06691e-05
-3.53631e-05
0.000125647
-5.98856e-05
0.00018159
-3.89886e-05
0.000233344
2.27609e-05
0.000317672
9.13334e-05
0.000378483
0.000155488
0.000370993
0.00020833
0.000298138
0.000233318
0.000201862
0.00022188
0.000121779
0.000192717
6.85471e-05
0.000161153
3.25694e-05
0.000133284
6.30653e-06
0.00010975
-1.37139e-05
8.99529e-05
-2.911e-05
7.3385e-05
-4.10421e-05
5.96059e-05
-5.03016e-05
4.81574e-05
-5.73927e-05
3.86507e-05
-6.27521e-05
3.07253e-05
-6.6693e-05
2.41164e-05
-6.9532e-05
1.85967e-05
-7.14936e-05
1.40058e-05
-7.28045e-05
-7.36501e-05
1.02206e-05
-2.75704e-05
0.000153218
-5.13871e-05
0.000205407
-4.9414e-05
0.000231371
-7.62193e-06
0.00027588
5.72631e-05
0.000313598
0.000124801
0.000303455
0.000171254
0.000251686
0.000185387
0.00018773
0.000175054
0.000132111
0.000154814
8.87876e-05
0.000132851
5.45325e-05
0.000112103
2.70549e-05
9.34567e-05
4.93248e-06
7.73111e-05
-1.29644e-05
6.35504e-05
-2.72813e-05
5.19442e-05
-3.86955e-05
4.22292e-05
-4.76776e-05
3.40849e-05
-5.46079e-05
2.72579e-05
-5.98661e-05
2.15242e-05
-6.37985e-05
1.67313e-05
-6.67008e-05
1.27399e-05
-6.88132e-05
-7.03537e-05
9.44346e-06
-1.66498e-05
0.000169868
-3.02554e-05
0.000219012
-2.90163e-05
0.000230132
-1.727e-06
0.000248591
4.79518e-05
0.000263919
9.74044e-05
0.000254003
0.000128234
0.000220856
0.00013712
0.000178844
0.000131333
0.000137898
0.000118854
0.000101267
0.000103997
6.93891e-05
8.89228e-05
4.21296e-05
7.47906e-05
1.90647e-05
6.22229e-05
-3.96723e-07
5.14677e-05
-1.6526e-05
4.24396e-05
-2.96673e-05
3.48317e-05
-4.00698e-05
2.83816e-05
-4.81579e-05
2.28957e-05
-5.43803e-05
1.82259e-05
-5.91288e-05
1.42582e-05
-6.27332e-05
1.09197e-05
-6.54747e-05
-6.75686e-05
8.13462e-06
-7.83236e-06
0.0001777
-1.06972e-05
0.000221877
-4.84667e-06
0.000224281
1.50239e-05
0.00022872
4.63519e-05
0.000232592
7.58894e-05
0.000224465
9.38374e-05
0.000202908
9.92956e-05
0.000173386
9.60021e-05
0.000141192
8.77545e-05
0.000109515
7.71748e-05
7.9969e-05
6.60295e-05
5.32749e-05
5.54323e-05
2.9662e-05
4.59465e-05
9.08915e-06
3.79992e-05
-8.57872e-06
3.14713e-05
-2.31395e-05
2.58749e-05
-3.44735e-05
2.10283e-05
-4.33114e-05
1.68193e-05
-5.01713e-05
1.32017e-05
-5.55114e-05
1.01362e-05
-5.96677e-05
7.59342e-06
-6.29319e-05
-6.55166e-05
5.54148e-06
-4.83712e-07
3.21749e-06
1.06701e-05
2.2146e-05
3.60662e-05
4.79512e-05
5.46309e-05
5.58714e-05
5.30063e-05
4.7658e-05
4.1225e-05
3.47143e-05
2.86967e-05
2.33592e-05
1.87094e-05
1.46174e-05
1.12201e-05
8.47105e-06
6.30698e-06
4.62886e-06
3.35055e-06
2.39234e-06
1.70211e-06
4.30192e-05
-2.4518e-05
5.85499e-05
-1.55307e-05
6.58954e-05
-7.34545e-06
2.04077e-06
6.38546e-05
-9.24958e-06
-3.6316e-05
1.56013e-06
-2.63404e-05
1.03689e-05
-1.61542e-05
-6.56244e-06
1.89721e-05
-9.27949e-05
-4.03164e-05
-8.4476e-05
-3.46593e-05
-7.15954e-05
-2.90348e-05
-2.49901e-05
-5.31677e-05
-0.000160199
-4.24059e-05
-0.000159748
-3.51106e-05
-0.000158056
-3.07266e-05
-3.75757e-05
-0.000145471
-0.000213198
-2.238e-05
-0.000217741
-3.05673e-05
-0.000212909
-3.5559e-05
-4.23756e-05
-0.000208109
-0.000172502
-2.18016e-05
-0.000185379
-1.76899e-05
-0.000191403
-2.95354e-05
-4.23097e-05
-0.000191469
-0.00013962
-2.5122e-05
-0.000132421
-2.48892e-05
-0.00014299
-1.89662e-05
-2.63553e-05
-0.000158945
-0.000114326
-4.46027e-05
-0.000103981
-3.52341e-05
-9.06219e-05
-3.2325e-05
-3.19309e-05
-8.50464e-05
-0.000130146
-6.57749e-05
-0.000107246
-5.81347e-05
-8.89438e-05
-5.06268e-05
-4.45957e-05
-7.6279e-05
-0.000160935
-4.95374e-05
-0.000144624
-7.44464e-05
-0.000122557
-7.26937e-05
-6.48175e-05
-0.000102335
-7.37882e-05
-3.94164e-05
-0.000104103
-4.41316e-05
-0.000126543
-5.02532e-05
-5.65682e-05
-0.000134793
-3.28209e-05
-3.85961e-05
-4.08975e-05
-3.60549e-05
-5.62663e-05
-3.48845e-05
-4.4378e-05
-6.84566e-05
-2.31506e-05
-4.27911e-05
-1.83626e-05
-4.08427e-05
-1.51232e-05
-3.81239e-05
-3.71697e-05
-2.23314e-05
-2.6197e-05
-4.37022e-05
-2.36473e-05
-4.33925e-05
-1.92332e-05
-4.2538e-05
-4.09035e-05
-1.54995e-05
-2.89005e-05
-4.43518e-05
-2.83e-05
-4.39931e-05
-2.72437e-05
-4.35944e-05
-4.31299e-05
-2.50174e-05
-3.18418e-05
-4.4506e-05
-3.17055e-05
-4.41295e-05
-3.16001e-05
-4.36998e-05
-4.33035e-05
-3.14267e-05
-3.25093e-05
-4.39009e-05
-3.30207e-05
-4.36181e-05
-3.34084e-05
-4.33121e-05
-4.29821e-05
-3.37298e-05
-3.12626e-05
-4.29123e-05
-3.21561e-05
-4.27247e-05
-3.29312e-05
-4.2537e-05
-4.23376e-05
-3.35757e-05
-2.99939e-05
-4.18674e-05
-3.09049e-05
-4.18138e-05
-3.17103e-05
-4.17318e-05
-4.16279e-05
-3.242e-05
-2.9572e-05
-4.10234e-05
-3.02835e-05
-4.11023e-05
-3.0907e-05
-4.11082e-05
-4.10698e-05
-3.14651e-05
-2.99641e-05
-4.06329e-05
-3.0302e-05
-4.07644e-05
-3.06156e-05
-4.07947e-05
-4.0767e-05
-3.09184e-05
-3.06821e-05
-4.084e-05
-3.05431e-05
-4.09034e-05
-3.04686e-05
-4.08692e-05
-4.07786e-05
-3.0457e-05
-3.10951e-05
-4.16057e-05
-3.05088e-05
-4.14897e-05
-3.00699e-05
-4.13081e-05
-4.10901e-05
-2.97583e-05
-3.06634e-05
-4.27192e-05
-2.97855e-05
-4.23675e-05
-2.91005e-05
-4.19931e-05
-4.16112e-05
-2.85794e-05
-2.91268e-05
-4.39211e-05
-2.81585e-05
-4.33357e-05
-2.73877e-05
-4.27639e-05
-4.2214e-05
-2.67849e-05
-2.64789e-05
-4.49895e-05
-2.56065e-05
-4.42081e-05
-2.49015e-05
-4.3469e-05
-4.27759e-05
-2.43395e-05
-2.29058e-05
-4.57733e-05
-2.22552e-05
-4.48587e-05
-2.17249e-05
-4.39992e-05
-4.3203e-05
-2.12979e-05
-1.86492e-05
-4.62014e-05
-1.82954e-05
-4.52127e-05
-1.80064e-05
-4.42883e-05
-4.34385e-05
-1.7771e-05
-1.39848e-05
-4.62399e-05
-1.39552e-05
-4.52425e-05
-1.39343e-05
-4.43094e-05
-4.34548e-05
-1.3918e-05
-9.19332e-06
-4.59192e-05
-9.47383e-06
-4.49622e-05
-9.71676e-06
-4.40667e-05
-4.32496e-05
-9.92208e-06
-4.51399e-06
-4.52553e-05
-5.09256e-06
-4.43838e-05
-5.59502e-06
-4.35643e-05
-4.28159e-05
-6.02885e-06
-2.29161e-07
-4.42934e-05
-1.08157e-06
-4.35314e-05
-1.83545e-06
-4.28105e-05
-4.21483e-05
-2.50304e-06
3.40701e-06
-4.30638e-05
2.29995e-06
-4.24244e-05
1.30291e-06
-4.18134e-05
-4.12458e-05
4.00401e-07
6.17763e-06
-4.16018e-05
4.84465e-06
-4.10913e-05
3.62852e-06
-4.05972e-05
-4.01293e-05
2.51203e-06
7.97259e-06
-3.99641e-05
6.47004e-06
-3.95887e-05
5.09202e-06
-3.92191e-05
-3.88578e-05
3.8205e-06
8.83871e-06
-3.82412e-05
7.25911e-06
-3.8009e-05
5.81267e-06
-3.77726e-05
-3.75274e-05
4.48236e-06
8.9781e-06
-3.65501e-05
7.4355e-06
-3.64663e-05
6.02992e-06
-3.63669e-05
-3.62469e-05
4.74957e-06
8.67197e-06
-3.50014e-05
7.26443e-06
-3.50587e-05
5.98876e-06
-3.50911e-05
-3.51017e-05
4.84363e-06
8.09353e-06
-3.36514e-05
6.86784e-06
-3.38329e-05
5.767e-06
-3.39902e-05
-3.4134e-05
4.79927e-06
6.99457e-06
-3.25113e-05
5.97336e-06
-3.28116e-05
5.07823e-06
-3.30951e-05
-3.33708e-05
4.31506e-06
4.72722e-06
-3.1697e-05
4.03168e-06
-3.21161e-05
3.44932e-06
-3.25127e-05
-3.28902e-05
2.9687e-06
1.45606e-06
1.26274e-06
1.11024e-06
9.86379e-07
5.53754e-05
2.10175e-05
5.19253e-05
2.6185e-05
3.55939e-05
9.41147e-06
1.41142e-05
8.31595e-06
-8.48852e-06
5.14301e-05
-1.23142e-05
7.4555e-05
-3.61164e-05
0.000113164
-8.81709e-05
0.0001838
-0.000231024
0.000322851
-0.000289678
0.000274343
-0.000270436
0.0001682
-0.000242146
2.98748e-05
-0.000253186
-6.52836e-05
-0.000292217
-0.000106247
-0.000309396
-0.00013191
-0.000285706
-0.000132243
-0.000223852
-0.00014124
-7.78816e-05
-0.000339598
-0.000302772
3.91658e-05
8.23738e-07
5.34121e-05
1.19387e-05
6.57903e-05
-2.96677e-06
6.51345e-05
8.97182e-06
6.00552e-05
5.65094e-05
4.58644e-05
8.87458e-05
4.03941e-05
0.000118634
2.63685e-05
0.000197826
-9.6524e-05
0.000445744
-0.00014204
0.000319859
-0.000119615
0.000145774
-9.36577e-05
3.91777e-06
-9.11548e-05
-6.77865e-05
-0.000102553
-9.48486e-05
-0.000101634
-0.000132828
-5.9565e-05
-0.000174313
2.21873e-05
-0.000222992
1.34587e-05
-0.00033087
-0.000289313
-1.03246e-05
-4.20195e-05
2.1357e-05
-1.97428e-05
3.30729e-05
-1.46827e-05
3.45731e-05
7.47161e-06
4.03566e-05
5.07259e-05
4.16338e-05
8.74686e-05
4.60481e-05
0.000114219
2.84395e-05
0.000215434
-4.71834e-05
0.000521366
-8.3997e-05
0.000356673
-8.85157e-05
0.000150293
-8.47354e-05
1.37618e-07
-6.87323e-05
-8.37896e-05
-3.1476e-05
-0.000132105
1.36161e-05
-0.00017792
6.27797e-05
-0.000223476
9.4214e-05
-0.000254427
5.83113e-05
-0.000294967
-0.000231002
-0.000103071
-8.44191e-05
-7.02183e-05
-5.25954e-05
-4.29073e-05
-4.19937e-05
-1.68981e-05
-1.85376e-05
5.27059e-06
2.85572e-05
8.14157e-06
8.45977e-05
9.13708e-06
0.000113224
-3.97288e-05
0.0002643
-8.04555e-05
0.000562093
-7.85229e-05
0.00035474
-6.13178e-05
0.000133088
-4.72511e-05
-1.39289e-05
-1.38089e-06
-0.00012966
7.04253e-05
-0.000203911
0.000120162
-0.000227657
0.000132279
-0.000235594
0.000124258
-0.000246405
8.52043e-05
-0.000255914
-0.000145797
-0.000188164
-0.000104364
-0.000148877
-9.18826e-05
-0.000106097
-8.47741e-05
-7.09036e-05
-5.37306e-05
-5.40518e-05
1.17053e-05
-3.52474e-05
6.57932e-05
-4.17707e-05
0.000119747
-0.00012256
0.00034509
-0.00011931
0.000558842
-7.57015e-05
0.000311132
-3.63947e-05
9.37813e-05
1.49214e-05
-6.52448e-05
9.30703e-05
-0.000207809
0.000126228
-0.000237068
0.000136945
-0.000238375
0.00013902
-0.000237668
0.000131218
-0.000238603
9.82409e-05
-0.000222936
-4.75563e-05
-0.000186527
-0.000109306
-0.000165899
-0.000112511
-0.000135353
-0.00011532
-0.000109531
-7.95527e-05
-7.82817e-05
-1.95439e-05
-6.82895e-05
5.58009e-05
-0.000131354
0.000182812
-0.000181747
0.000395484
-0.000122876
0.000499971
-4.6192e-05
0.000234448
1.16136e-05
3.5976e-05
9.68231e-05
-0.000150454
0.000116907
-0.000227893
0.000122451
-0.000242612
0.000124531
-0.000240455
0.000125071
-0.000238208
0.00011904
-0.000232572
8.99308e-05
-0.000193827
4.23745e-05
-0.000171661
-9.65889e-05
-0.000177508
-0.000106664
-0.000166326
-0.000126503
-0.000142037
-0.000103842
-0.000124202
-3.73791e-05
-0.000133427
6.50255e-05
-0.000167931
0.000217315
-0.000162897
0.00039045
-6.6245e-05
0.00040332
1.97731e-05
0.00014843
7.18427e-05
-1.60937e-05
0.000105686
-0.000184297
0.000104213
-0.00022642
9.92077e-05
-0.000237607
9.80416e-05
-0.000239289
9.42803e-05
-0.000234447
7.27193e-05
-0.000211011
5.57702e-05
-0.000176878
9.81447e-05
-0.000108197
-7.34379e-05
-0.000137336
-7.75259e-05
-0.000151172
-0.000112666
-0.000147032
-0.000107981
-0.000144264
-4.01482e-05
-0.000148724
6.94855e-05
-0.000144927
0.000213519
-9.4814e-05
0.000340337
-5.48127e-06
0.000313987
5.08182e-05
9.2131e-05
0.000109747
-7.50227e-05
0.00010309
-0.00017764
8.56633e-05
-0.000208993
6.79285e-05
-0.000219872
5.52904e-05
-0.000226651
3.79897e-05
-0.000217146
9.56444e-06
-0.000182586
-6.65501e-06
-0.000160659
9.14897e-05
-5.852e-05
-9.11968e-05
-5.61378e-05
-7.99079e-05
-8.97132e-05
-7.90908e-05
-0.000113009
-8.46852e-05
-0.000123555
-2.96024e-05
-0.000118074
6.40045e-05
-8.01062e-05
0.000175551
-3.1118e-06
0.000263343
8.61002e-05
0.000224775
0.000108659
6.95726e-05
0.000128578
-9.49426e-05
0.00011193
-0.000160992
8.52281e-05
-0.000182291
4.98946e-05
-0.000184539
-4.10289e-06
-0.000172653
-5.29088e-05
-0.00016834
-4.43528e-05
-0.000191142
-4.59063e-05
-0.000159105
4.55834e-05
-5.99327e-05
-0.000133599
-3.30877e-05
-0.000106753
-3.57e-05
-7.64785e-05
-6.51981e-05
-5.5187e-05
-7.52769e-05
-1.95236e-05
-6.85723e-05
5.73001e-05
-2.1684e-05
0.000128662
5.72341e-05
0.000184425
0.000115779
0.00016623
0.000167294
1.80577e-05
0.000159097
-8.67456e-05
0.000145224
-0.000147119
0.000122526
-0.000159593
5.89887e-05
-0.000121002
-2.01639e-05
-9.35007e-05
-8.45952e-05
-0.000103909
-0.000103832
-0.000171905
-9.06455e-05
-0.000172292
-4.50621e-05
-0.000100174
-0.000168218
-5.66997e-05
-0.000150227
-2.04668e-05
-0.000112711
-2.11375e-05
-5.45163e-05
-9.27245e-07
-3.97338e-05
9.79216e-06
4.65807e-05
1.53844e-05
0.00012307
5.38388e-05
0.00014597
0.000107827
0.000112241
0.000163017
-3.71322e-05
0.000174884
-9.86119e-05
0.000157213
-0.000129448
0.00010444
-0.00010682
4.15632e-05
-5.81251e-05
-1.11398e-05
-4.07978e-05
-4.69295e-05
-6.81196e-05
-8.19802e-05
-0.000136854
-7.72095e-05
-0.000177062
-0.000122272
-0.00010157
-0.000135105
-9.04759e-05
-0.000161321
-5.01221e-05
-0.000153065
-1.12001e-05
-9.34383e-05
-2.91722e-05
-2.17616e-05
4.9161e-05
-3.17525e-05
6.41075e-05
0.000108124
8.19664e-05
0.000128112
0.000152022
4.21858e-05
0.000162481
-4.75916e-05
0.000157486
-9.36162e-05
0.000134548
-0.000106511
7.08771e-05
-4.31489e-05
2.70892e-05
-1.43373e-05
1.26222e-05
-2.6331e-05
-5.52527e-06
-4.9972e-05
-4.31842e-05
-9.91955e-05
-5.01486e-05
-0.000170098
-0.00017242
-5.59196e-05
-0.000101516
-8.10246e-05
-0.000136216
-8.13833e-05
-0.000152707
-3.65825e-05
-0.000138239
-3.96901e-07
-5.79472e-05
-3.74612e-05
5.31181e-06
2.37985e-05
4.68642e-05
9.80988e-05
5.38116e-05
0.000134708
5.57706e-06
0.000136799
-4.9683e-05
0.000136344
-9.3161e-05
8.31287e-05
-5.32955e-05
4.11346e-05
-1.15473e-06
2.54487e-05
1.34867e-06
2.09935e-05
-2.18759e-05
8.97516e-06
-3.79538e-05
-1.60697e-05
-7.41507e-05
-2.89219e-05
-0.000157246
-0.000201342
-2.41496e-05
-9.28664e-05
-5.5958e-05
-0.000104408
-7.73656e-05
-0.000131299
-7.07297e-05
-0.000144875
-2.00199e-05
-0.000108657
6.63516e-06
-2.13433e-05
3.04266e-05
2.30728e-05
6.73939e-05
1.68443e-05
9.51051e-05
-2.21342e-05
0.000113278
-6.7856e-05
8.94965e-05
-6.93794e-05
4.18575e-05
-5.6566e-06
2.11514e-05
1.95514e-05
2.12201e-05
1.27998e-06
1.46406e-05
-1.52965e-05
4.8352e-06
-2.81485e-05
-7.61084e-06
-6.17047e-05
-1.58005e-05
-0.000149056
-0.000217143
-1.87722e-05
-9.91116e-05
-2.62425e-05
-9.69378e-05
-5.02086e-05
-0.000107333
-7.04096e-05
-0.000124674
-6.1219e-05
-0.000117848
-1.91937e-06
-8.06429e-05
2.81019e-05
-6.94843e-06
5.64043e-05
-1.14581e-05
8.78728e-05
-5.36027e-05
9.93733e-05
-7.93565e-05
3.35979e-05
-3.60389e-06
4.25564e-06
2.36855e-05
9.60949e-06
1.41974e-05
1.45183e-05
-3.62901e-06
1.1563e-05
-1.23412e-05
3.71132e-06
-2.0297e-05
-5.04995e-06
-5.29435e-05
-7.67291e-06
-0.000146433
-0.000224816
-2.96684e-05
-0.00010087
-2.5147e-05
-0.000101459
-2.88989e-05
-0.000103581
-4.49885e-05
-0.000108584
-4.61733e-05
-0.000116663
-4.2459e-05
-8.43572e-05
3.24794e-05
-8.18868e-05
6.82499e-05
-4.72286e-05
2.20885e-05
-7.44125e-06
-2.37592e-05
-3.3509e-05
-3.13688e-05
4.0057e-06
-1.12361e-05
3.55259e-06
4.62798e-06
-1.66691e-06
1.16128e-05
-1.0614e-05
1.40283e-05
-1.47568e-05
8.62242e-06
-1.48911e-05
-1.76246e-06
-4.25587e-05
-1.5563e-06
-0.000146639
-0.000226372
-3.46685e-05
-9.99311e-05
-3.65998e-05
-9.9528e-05
-4.00521e-05
-0.000100128
-4.72055e-05
-0.000101431
-6.71776e-05
-9.66908e-05
-6.82073e-05
-8.33276e-05
-7.12162e-05
-7.88779e-05
-6.52531e-05
-5.31917e-05
-4.66146e-05
-2.60798e-05
-4.73269e-05
-3.27969e-05
-2.41506e-05
-1.91708e-05
-5.82991e-06
-1.47683e-05
7.50998e-06
-1.5007e-05
1.51141e-05
-1.82182e-05
1.85572e-05
-1.82e-05
1.51567e-05
-1.14908e-05
2.63136e-06
-3.00334e-05
1.75838e-06
-0.000145766
-0.000224614
-3.49675e-05
-9.85394e-05
-3.69494e-05
-9.75461e-05
-3.99702e-05
-9.71077e-05
-4.47473e-05
-9.66542e-05
-5.0394e-05
-9.10442e-05
-5.26915e-05
-8.10301e-05
-5.94526e-05
-7.21167e-05
-5.43314e-05
-5.83128e-05
-3.55216e-05
-4.48897e-05
-2.76648e-05
-4.06539e-05
-1.31506e-05
-3.36852e-05
2.03129e-06
-2.99505e-05
1.44987e-05
-2.74747e-05
2.13511e-05
-2.50708e-05
2.39543e-05
-2.08034e-05
2.16113e-05
-9.14797e-06
8.42696e-06
-1.68491e-05
2.98742e-06
-0.000140327
-0.000221626
-3.39185e-05
-9.70409e-05
-3.57001e-05
-9.57646e-05
-3.84126e-05
-9.43953e-05
-4.27599e-05
-9.2307e-05
-4.61395e-05
-8.76647e-05
-4.58197e-05
-8.13499e-05
-4.43775e-05
-7.35589e-05
-3.97289e-05
-6.29614e-05
-2.96582e-05
-5.49604e-05
-1.84491e-05
-5.18632e-05
-3.22642e-06
-4.89082e-05
1.18171e-05
-4.49942e-05
2.33312e-05
-3.89891e-05
2.91897e-05
-3.09294e-05
3.03469e-05
-2.19609e-05
2.79243e-05
-6.72558e-06
1.58761e-05
-4.80104e-06
4.85314e-06
-0.000129304
-0.000216773
-3.26458e-05
-9.58603e-05
-3.39695e-05
-9.44409e-05
-3.56887e-05
-9.26762e-05
-3.77709e-05
-9.02249e-05
-3.9146e-05
-8.62896e-05
-3.93902e-05
-8.11057e-05
-3.81491e-05
-7.47999e-05
-3.28989e-05
-6.82117e-05
-2.30041e-05
-6.48554e-05
-9.12729e-06
-6.57402e-05
7.55493e-06
-6.55907e-05
2.27475e-05
-6.0187e-05
3.30662e-05
-4.93082e-05
3.72129e-05
-3.50763e-05
3.62712e-05
-2.10194e-05
3.29053e-05
-3.3599e-06
2.34099e-05
4.69424e-06
8.29963e-06
-0.000114194
-0.000208474
-3.16047e-05
-9.5174e-05
-3.24379e-05
-9.36075e-05
-3.35268e-05
-9.15874e-05
-3.46758e-05
-8.90759e-05
-3.51805e-05
-8.57849e-05
-3.46081e-05
-8.1678e-05
-3.24216e-05
-7.69864e-05
-2.69797e-05
-7.36537e-05
-1.63811e-05
-7.54541e-05
-4.41363e-07
-8.16802e-05
1.71719e-05
-8.32043e-05
3.1615e-05
-7.46303e-05
3.99535e-05
-5.7647e-05
4.17914e-05
-3.69144e-05
3.87313e-05
-1.79595e-05
3.44335e-05
9.37808e-07
2.72391e-05
1.18885e-05
1.22534e-05
-9.92086e-05
-0.00019622
-3.05894e-05
-9.50414e-05
-3.09341e-05
-9.32628e-05
-3.14442e-05
-9.10774e-05
-3.19013e-05
-8.86188e-05
-3.19004e-05
-8.57859e-05
-3.10985e-05
-8.24798e-05
-2.87188e-05
-7.9366e-05
-2.28511e-05
-7.95215e-05
-1.14804e-05
-8.68249e-05
4.33447e-06
-9.74953e-05
2.01978e-05
-9.90679e-05
3.20829e-05
-8.65156e-05
3.80151e-05
-6.35794e-05
3.81842e-05
-3.70838e-05
3.43859e-05
-1.41613e-05
2.96514e-05
5.67221e-06
2.50799e-05
1.64599e-05
1.5597e-05
-8.97257e-05
-0.000180623
-2.93732e-05
-9.54266e-05
-2.9303e-05
-9.3333e-05
-2.9416e-05
-9.09646e-05
-2.95222e-05
-8.85126e-05
-2.93412e-05
-8.5967e-05
-2.85365e-05
-8.32844e-05
-2.6276e-05
-8.16265e-05
-2.08063e-05
-8.49913e-05
-1.10252e-05
-9.66062e-05
9.01423e-07
-0.000109422
1.18608e-05
-0.000110027
1.97587e-05
-9.44137e-05
2.36813e-05
-6.75023e-05
2.38309e-05
-3.72336e-05
2.11758e-05
-1.15064e-05
1.75216e-05
9.32629e-06
1.89326e-05
1.50489e-05
1.71319e-05
-8.79251e-05
-0.000163491
-2.78253e-05
-9.61807e-05
-2.74819e-05
-9.36765e-05
-2.73819e-05
-9.10646e-05
-2.7349e-05
-8.85454e-05
-2.71934e-05
-8.61225e-05
-2.66335e-05
-8.38442e-05
-2.50398e-05
-8.32204e-05
-2.1502e-05
-8.85292e-05
-1.63816e-05
-0.000101727
-1.16396e-05
-0.000114164
-7.77273e-06
-0.000113895
-4.40044e-06
-9.77863e-05
-1.37558e-06
-7.05273e-05
4.44448e-07
-3.90538e-05
8.21906e-07
-1.1884e-05
1.34368e-06
8.80443e-06
1.3263e-05
3.12953e-06
1.74263e-05
-9.20885e-05
-0.000146065
-2.58727e-05
-9.70928e-05
-2.54068e-05
-9.41424e-05
-2.52206e-05
-9.12508e-05
-2.51795e-05
-8.85865e-05
-2.51312e-05
-8.61707e-05
-2.49018e-05
-8.40735e-05
-2.43678e-05
-8.37545e-05
-2.39347e-05
-8.89624e-05
-2.50414e-05
-0.00010062
-2.81143e-05
-0.000111092
-3.11502e-05
-0.000110859
-3.24566e-05
-9.64801e-05
-3.12693e-05
-7.17148e-05
-2.79055e-05
-4.24176e-05
-2.39858e-05
-1.58039e-05
-1.62443e-05
1.06288e-06
1.01886e-05
-2.33035e-05
1.69053e-05
-9.88052e-05
-0.00012916
-2.3473e-05
-9.79594e-05
-2.30136e-05
-9.46017e-05
-2.2816e-05
-9.14484e-05
-2.2771e-05
-8.86314e-05
-2.27667e-05
-8.61748e-05
-2.27476e-05
-8.40926e-05
-2.31417e-05
-8.33605e-05
-2.55013e-05
-8.66029e-05
-3.17548e-05
-9.43672e-05
-4.09726e-05
-0.000101874
-4.98181e-05
-0.000102014
-5.58816e-05
-9.04167e-05
-5.74376e-05
-7.0159e-05
-5.3272e-05
-4.65833e-05
-4.27669e-05
-2.63091e-05
-1.87787e-05
-2.29254e-05
1.40775e-05
-5.61598e-05
1.57395e-05
-0.000100467
-0.00011342
-2.06276e-05
-9.86297e-05
-2.02598e-05
-9.49695e-05
-2.00694e-05
-9.16388e-05
-1.99694e-05
-8.87313e-05
-1.98761e-05
-8.6268e-05
-1.9811e-05
-8.41577e-05
-2.04607e-05
-8.27109e-05
-2.37701e-05
-8.32938e-05
-3.16803e-05
-8.64572e-05
-4.33027e-05
-9.02519e-05
-5.48576e-05
-9.04587e-05
-6.30693e-05
-8.22051e-05
-6.4974e-05
-6.82542e-05
-5.7273e-05
-5.42844e-05
-3.70809e-05
-4.65012e-05
-5.22359e-06
-5.47827e-05
1.76626e-05
-7.90461e-05
1.31163e-05
-9.59211e-05
-0.000100304
-1.73939e-05
-9.90069e-05
-1.71662e-05
-9.51973e-05
-1.7004e-05
-9.1801e-05
-1.68071e-05
-8.89281e-05
-1.65458e-05
-8.65294e-05
-1.62539e-05
-8.44497e-05
-1.6497e-05
-8.2468e-05
-1.87721e-05
-8.10188e-05
-2.4533e-05
-8.06965e-05
-3.3783e-05
-8.1002e-05
-4.32846e-05
-8.09571e-05
-4.84678e-05
-7.70218e-05
-4.63153e-05
-7.04067e-05
-3.48111e-05
-6.57887e-05
-1.47702e-05
-6.65421e-05
6.22279e-06
-7.57759e-05
1.39146e-05
-8.67381e-05
8.94618e-06
-9.09528e-05
-9.13579e-05
-1.38853e-05
-9.90397e-05
-1.38391e-05
-9.52437e-05
-1.37214e-05
-9.19187e-05
-1.35006e-05
-8.9149e-05
-1.31527e-05
-8.68773e-05
-1.27029e-05
-8.48997e-05
-1.24448e-05
-8.27263e-05
-1.30651e-05
-8.03988e-05
-1.51264e-05
-7.86352e-05
-1.909e-05
-7.70384e-05
-2.39335e-05
-7.61135e-05
-2.53836e-05
-7.55716e-05
-2.11957e-05
-7.45945e-05
-1.1961e-05
-7.50234e-05
-4.9013e-07
-7.8013e-05
7.61909e-06
-8.38852e-05
8.62007e-06
-8.77392e-05
5.38679e-06
-8.77196e-05
-8.59711e-05
-1.02811e-05
-9.86809e-05
-1.04971e-05
-9.50279e-05
-1.05363e-05
-9.18797e-05
-1.04304e-05
-8.9255e-05
-1.0176e-05
-8.71319e-05
-9.82943e-06
-8.52464e-05
-9.46012e-06
-8.30958e-05
-9.11333e-06
-8.07457e-05
-8.65077e-06
-7.90978e-05
-8.26253e-06
-7.74265e-05
-8.71639e-06
-7.56595e-05
-8.53829e-06
-7.57496e-05
-5.62049e-06
-7.75123e-05
-6.99223e-07
-7.99447e-05
3.33391e-06
-8.20462e-05
5.13365e-06
-8.5685e-05
4.83046e-06
-8.74361e-05
3.22833e-06
-8.61175e-05
-8.27427e-05
-6.82427e-06
-9.78856e-05
-7.38002e-06
-9.44723e-05
-7.73309e-06
-9.15268e-05
-7.90634e-06
-8.9082e-05
-7.96338e-06
-8.70751e-05
-7.95993e-06
-8.52501e-05
-7.87308e-06
-8.31828e-05
-7.39393e-06
-8.12249e-05
-6.27087e-06
-8.02208e-05
-4.37369e-06
-7.93236e-05
-2.40639e-06
-7.76266e-05
-9.06336e-07
-7.72495e-05
6.0972e-07
-7.90282e-05
2.20479e-06
-8.15398e-05
3.20243e-06
-8.30439e-05
3.25817e-06
-8.57408e-05
2.65252e-06
-8.68304e-05
1.80282e-06
-8.52678e-05
-8.09399e-05
-3.79538e-06
-9.65933e-05
-4.79966e-06
-9.34682e-05
-5.55696e-06
-9.07696e-05
-6.11731e-06
-8.85218e-05
-6.55441e-06
-8.66381e-05
-6.94893e-06
-8.48556e-05
-7.20612e-06
-8.29256e-05
-6.91005e-06
-8.15209e-05
-5.90946e-06
-8.12212e-05
-4.27687e-06
-8.0956e-05
-2.09914e-06
-7.98042e-05
2.10596e-08
-7.93696e-05
1.36576e-06
-8.03729e-05
2.09253e-06
-8.22665e-05
2.25944e-06
-8.32109e-05
1.82995e-06
-8.53113e-05
1.11758e-06
-8.6118e-05
5.91384e-07
-8.47415e-05
-8.03484e-05
-1.41951e-06
-9.47734e-05
-2.89643e-06
-9.19914e-05
-4.05424e-06
-8.96119e-05
-4.9606e-06
-8.76155e-05
-5.68986e-06
-8.59089e-05
-6.29657e-06
-8.42489e-05
-6.63642e-06
-8.25857e-05
-6.3509e-06
-8.18063e-05
-5.51059e-06
-8.20614e-05
-4.31626e-06
-8.21502e-05
-2.65498e-06
-8.14654e-05
-8.20664e-07
-8.12038e-05
4.44971e-07
-8.16385e-05
1.09897e-06
-8.29206e-05
1.24935e-06
-8.33613e-05
7.77034e-07
-8.4839e-05
-2.84522e-09
-8.53381e-05
-3.1209e-07
-8.44321e-05
-8.06604e-05
2.18825e-07
-9.24803e-05
-1.63329e-06
-9.01393e-05
-3.05869e-06
-8.81866e-05
-4.15099e-06
-8.65232e-05
-4.96749e-06
-8.50923e-05
-5.49529e-06
-8.37209e-05
-5.55474e-06
-8.25261e-05
-5.02731e-06
-8.23336e-05
-4.2095e-06
-8.28791e-05
-3.28093e-06
-8.30788e-05
-2.10926e-06
-8.2637e-05
-8.31567e-07
-8.24815e-05
5.51779e-08
-8.25253e-05
4.58905e-07
-8.33243e-05
5.24038e-07
-8.34264e-05
8.91255e-08
-8.4404e-05
-6.25308e-07
-8.46235e-05
-7.71002e-07
-8.42862e-05
-8.14313e-05
1.22478e-06
-8.98846e-05
-7.97002e-07
-8.81176e-05
-2.28859e-06
-8.66949e-05
-3.36764e-06
-8.5444e-05
-4.0529e-06
-8.44068e-05
-4.26536e-06
-8.35083e-05
-3.90896e-06
-8.28823e-05
-3.16337e-06
-8.30791e-05
-2.43305e-06
-8.36095e-05
-1.80049e-06
-8.37113e-05
-1.11796e-06
-8.33196e-05
-4.75277e-07
-8.31242e-05
-3.03903e-08
-8.29702e-05
1.15641e-07
-8.34704e-05
1.09318e-07
-8.34201e-05
-2.26564e-07
-8.40681e-05
-7.06e-07
-8.41439e-05
-7.35883e-07
-8.42561e-05
-8.21671e-05
1.83626e-06
-8.72384e-05
-1.25572e-07
-8.61557e-05
-1.50498e-06
-8.53154e-05
-2.40836e-06
-8.45405e-05
-2.82621e-06
-8.39888e-05
-2.71333e-06
-8.3621e-05
-2.13269e-06
-8.34629e-05
-1.4748e-06
-8.3737e-05
-1.05161e-06
-8.40327e-05
-8.14599e-07
-8.39484e-05
-5.79546e-07
-8.35547e-05
-3.51766e-07
-8.33521e-05
-1.51764e-07
-8.31702e-05
-1.16785e-07
-8.35054e-05
-9.84076e-08
-8.34384e-05
-2.6319e-07
-8.39033e-05
-4.48669e-07
-8.39583e-05
-4.30973e-07
-8.42737e-05
-8.2598e-05
2.29449e-06
-8.47833e-05
5.52224e-07
-8.44133e-05
-6.06807e-07
-8.41563e-05
-1.25146e-06
-8.38957e-05
-1.42245e-06
-8.38177e-05
-1.19729e-06
-8.3846e-05
-7.64622e-07
-8.38956e-05
-4.63785e-07
-8.40379e-05
-4.19747e-07
-8.40769e-05
-4.82064e-07
-8.38862e-05
-4.59501e-07
-8.35773e-05
-3.80466e-07
-8.34311e-05
-2.30492e-07
-8.33202e-05
-1.88924e-07
-8.35469e-05
-1.12341e-07
-8.3515e-05
-1.38042e-07
-8.38775e-05
-1.5204e-07
-8.39443e-05
-1.62261e-07
-8.42634e-05
-8.27603e-05
2.71992e-06
-8.26595e-05
1.25911e-06
-8.29525e-05
3.5182e-07
-8.32489e-05
-7.58613e-08
-8.34679e-05
-1.72496e-07
-8.3721e-05
-1.10777e-07
-8.39078e-05
-3.63558e-08
-8.39701e-05
-9.48681e-08
-8.39795e-05
-2.63071e-07
-8.39088e-05
-4.00694e-07
-8.37486e-05
-4.03238e-07
-8.35747e-05
-3.28744e-07
-8.35056e-05
-1.92648e-07
-8.34563e-05
-1.36244e-07
-8.36033e-05
-3.67567e-08
-8.36145e-05
-2.57667e-08
-8.38885e-05
-8.2536e-09
-8.39618e-05
-8.24214e-08
-8.41893e-05
-8.28428e-05
3.03802e-06
-8.08983e-05
1.85834e-06
-8.17728e-05
1.15179e-06
-8.25424e-05
7.84289e-07
-8.31004e-05
5.63865e-07
-8.35005e-05
3.67781e-07
-8.37117e-05
1.69726e-07
-8.37721e-05
-3.52709e-08
-8.37746e-05
-2.06677e-07
-8.37374e-05
-2.88592e-07
-8.36667e-05
-2.66827e-07
-8.35964e-05
-2.07402e-07
-8.35649e-05
-1.08232e-07
-8.35554e-05
-6.16765e-08
-8.36499e-05
1.44333e-08
-8.36907e-05
5.53716e-09
-8.38797e-05
-1.30956e-08
-8.39432e-05
-1.18357e-07
-8.40841e-05
-8.29612e-05
2.94646e-06
-7.95297e-05
2.04359e-06
-8.087e-05
1.45433e-06
-8.19531e-05
1.0372e-06
-8.26832e-05
6.84041e-07
-8.31474e-05
3.74252e-07
-8.3402e-05
1.33534e-07
-8.35315e-05
-3.40725e-08
-8.36071e-05
-1.33758e-07
-8.36377e-05
-1.68831e-07
-8.36316e-05
-1.53883e-07
-8.36113e-05
-1.17818e-07
-8.3601e-05
-5.95822e-08
-8.36137e-05
-2.91731e-08
-8.36803e-05
1.08224e-08
-8.37307e-05
-1.72381e-08
-8.38517e-05
-6.64485e-08
-8.38941e-05
-1.57997e-07
-8.39927e-05
-8.31192e-05
2.13396e-06
-7.8695e-05
1.55732e-06
-8.02933e-05
1.10738e-06
-8.15032e-05
7.36391e-07
-8.23123e-05
4.33887e-07
-8.28449e-05
2.11239e-07
-8.31794e-05
6.85667e-08
-8.33889e-05
-1.81713e-08
-8.35204e-05
-6.78999e-08
-8.3588e-05
-8.82073e-08
-8.36112e-05
-8.48571e-08
-8.36146e-05
-6.50063e-08
-8.36208e-05
-3.3982e-08
-8.36447e-05
-1.74534e-08
-8.36969e-05
-1.2641e-09
-8.37469e-05
-2.73938e-08
-8.38256e-05
-7.21337e-08
-8.38495e-05
-1.50256e-07
-8.39146e-05
-8.32695e-05
7.6189e-07
5.72116e-07
3.9623e-07
2.54705e-07
1.52081e-07
8.59096e-08
4.52119e-08
1.75886e-08
-7.22237e-10
-9.87601e-09
-1.04115e-08
-4.58538e-09
3.67235e-09
7.09603e-09
9.21826e-09
-4.39408e-09
-2.76241e-08
-8.28201e-08
)
;

boundaryField
{
    leftWall
    {
        type            calculated;
        value           uniform 0;
    }
    rightWall
    {
        type            calculated;
        value           uniform 0;
    }
    lowerWall
    {
        type            calculated;
        value           uniform 0;
    }
    atmosphere
    {
        type            calculated;
        value           nonuniform List<scalar> 
46
(
0.000178183
0.000218176
0.000216828
0.000217244
0.000218671
0.000212581
0.000196229
0.000172146
0.000144057
0.000114864
8.6402e-05
5.97856e-05
3.56796e-05
1.44267e-05
-3.92891e-06
-1.90475e-05
-3.10762e-05
-4.05624e-05
-4.80072e-05
-5.38333e-05
-5.83894e-05
-6.19737e-05
-6.48264e-05
-3.1451e-05
-3.19227e-05
-3.23602e-05
-3.27664e-05
-7.84705e-05
-8.01036e-05
-8.13273e-05
-8.21707e-05
-8.27423e-05
-8.31133e-05
-8.33482e-05
-8.34927e-05
-8.35696e-05
-8.3602e-05
-8.36141e-05
-8.36266e-05
-8.3653e-05
-8.37004e-05
-8.37491e-05
-8.38121e-05
-8.38263e-05
-8.38594e-05
-8.33523e-05
)
;
    }
    defaultFaces
    {
        type            empty;
    }
}


// ************************************************************************* //
