/*--------------------------------*- C++ -*----------------------------------*\
  =========                 |
  \\      /  F ield         | OpenFOAM: The Open Source CFD Toolbox
   \\    /   O peration     | Website:  https://openfoam.org
    \\  /    A nd           | Version:  13
     \\/     M anipulation  |
\*---------------------------------------------------------------------------*/
FoamFile
{
    format      ascii;
    class       volVectorField;
    location    "1";
    object      U;
}
// * * * * * * * * * * * * * * * * * * * * * * * * * * * * * * * * * * * * * //

dimensions      [0 1 -1 0 0 0 0];

internalField   nonuniform List<vector> 
2268
(
(0.0210321 -0.0181651 0)
(0.0493039 -0.00940178 0)
(0.0282078 0.00833221 0)
(-0.0368133 0.0169745 0)
(-0.0666822 0.00618675 0)
(-0.0372369 -0.00741482 0)
(0.00558231 -0.00760876 0)
(0.0282699 -0.00207227 0)
(0.0278795 0.00134477 0)
(0.0166341 0.00419065 0)
(-0.0055691 0.00630795 0)
(-0.0354137 0.00525454 0)
(-0.0579081 -0.00193587 0)
(-0.0655285 -0.00888014 0)
(-0.0822714 0.00291472 0)
(-0.17042 0.0297098 0)
(-0.314747 0.0337416 0)
(-0.393389 0.0106928 0)
(-0.373203 -0.0138402 0)
(-0.313674 -0.023865 0)
(-0.23352 -0.0287015 0)
(-0.132488 -0.0323671 0)
(-0.0385444 -0.0224378 0)
(-0.0100114 -0.0175646 0)
(-0.0356192 0.00795218 0)
(-0.067085 0.0310523 0)
(-0.100571 0.0279455 0)
(-0.0882959 -0.0024116 0)
(-0.0492039 -0.0279309 0)
(-0.00341843 -0.0250551 0)
(0.0249427 -0.00766405 0)
(0.0248532 0.00395339 0)
(0.0116561 0.0124574 0)
(-0.0117681 0.0188268 0)
(-0.0417081 0.0205022 0)
(-0.0763258 0.0160019 0)
(-0.127021 0.0199464 0)
(-0.196993 0.0505011 0)
(-0.285657 0.0781309 0)
(-0.355091 0.0637074 0)
(-0.327784 0.0136115 0)
(-0.275829 -0.0287306 0)
(-0.248452 -0.0460607 0)
(-0.187775 -0.0623937 0)
(-0.109321 -0.0752753 0)
(-0.0272539 -0.0562657 0)
(-0.0272263 0.00265899 0)
(-0.0744415 0.0239481 0)
(-0.108099 0.0408805 0)
(-0.115373 0.026441 0)
(-0.0962359 -0.0161436 0)
(-0.0584897 -0.0511399 0)
(-0.0112971 -0.0451994 0)
(0.0183461 -0.0150879 0)
(0.0219406 0.00585376 0)
(0.0134138 0.0197005 0)
(-0.00201074 0.0290667 0)
(-0.0213983 0.0349638 0)
(-0.0511461 0.0391426 0)
(-0.10295 0.0504187 0)
(-0.174109 0.0808769 0)
(-0.232005 0.0973361 0)
(-0.238347 0.0604411 0)
(-0.203436 -0.00775992 0)
(-0.206515 -0.0436459 0)
(-0.205366 -0.0609216 0)
(-0.164777 -0.0878736 0)
(-0.103519 -0.110276 0)
(-0.0207251 -0.0823667 0)
(-0.0270114 0.0259595 0)
(-0.0706199 0.0421048 0)
(-0.0986234 0.0474438 0)
(-0.101674 0.0246624 0)
(-0.0850579 -0.0278029 0)
(-0.0461647 -0.0731325 0)
(-0.0103881 -0.0629811 0)
(0.0126908 -0.0226935 0)
(0.0156134 0.00638059 0)
(0.00880565 0.0248593 0)
(-0.00352409 0.0356525 0)
(-0.016889 0.0437181 0)
(-0.0351085 0.0547398 0)
(-0.0618476 0.0739397 0)
(-0.0946978 0.100806 0)
(-0.119791 0.106689 0)
(-0.118232 0.064035 0)
(-0.132828 0.00483693 0)
(-0.189062 -0.0306795 0)
(-0.213862 -0.0650823 0)
(-0.181268 -0.11185 0)
(-0.110825 -0.148224 0)
(-0.0219811 -0.10759 0)
(-0.0173829 0.0444203 0)
(-0.0443351 0.0563664 0)
(-0.0637233 0.0530823 0)
(-0.0667263 0.0237162 0)
(-0.0480131 -0.0389155 0)
(-0.00889882 -0.089978 0)
(0.00531305 -0.0728789 0)
(0.0137997 -0.0267596 0)
(0.0097729 0.00714677 0)
(0.000960674 0.029044 0)
(-0.0121824 0.0406841 0)
(-0.0242591 0.0489188 0)
(-0.0356979 0.0616899 0)
(-0.0445041 0.0819091 0)
(-0.0476433 0.106167 0)
(-0.0504354 0.10979 0)
(-0.0661137 0.0755515 0)
(-0.128064 0.0321897 0)
(-0.203826 -0.00852841 0)
(-0.234469 -0.0666916 0)
(-0.199025 -0.139704 0)
(-0.117147 -0.192281 0)
(-0.0291744 -0.138533 0)
(-0.00371381 0.0549669 0)
(-0.00823794 0.0644956 0)
(-0.0151889 0.0569059 0)
(-0.0156627 0.0211138 0)
(0.0115054 -0.050208 0)
(0.047788 -0.0983471 0)
(0.0396921 -0.0741559 0)
(0.0284582 -0.0224577 0)
(0.0149384 0.014356 0)
(0.00166847 0.0367499 0)
(-0.0147254 0.0478625 0)
(-0.0278347 0.0545053 0)
(-0.0377451 0.066749 0)
(-0.0427145 0.0835722 0)
(-0.0398608 0.10506 0)
(-0.0398125 0.115221 0)
(-0.0677991 0.100447 0)
(-0.140059 0.0691388 0)
(-0.216748 0.0168631 0)
(-0.24771 -0.0691177 0)
(-0.210426 -0.171621 0)
(-0.133551 -0.240444 0)
(-0.0482394 -0.178377 0)
(0.0115549 0.0493736 0)
(0.0299455 0.0606116 0)
(0.0366854 0.0539814 0)
(0.0403522 0.0151428 0)
(0.0854191 -0.0636554 0)
(0.106986 -0.103399 0)
(0.0866175 -0.0688228 0)
(0.0632611 -0.0139889 0)
(0.0416061 0.0181783 0)
(0.0213554 0.0413941 0)
(0.00127353 0.0521078 0)
(-0.0121485 0.0562089 0)
(-0.0214389 0.0684724 0)
(-0.0241273 0.0819069 0)
(-0.0221196 0.101578 0)
(-0.0289992 0.120372 0)
(-0.06663 0.128181 0)
(-0.148365 0.110963 0)
(-0.23348 0.0448534 0)
(-0.268315 -0.0723484 0)
(-0.235782 -0.200244 0)
(-0.162692 -0.279211 0)
(-0.0595259 -0.210009 0)
(0.0250944 0.0387993 0)
(0.0642158 0.0607765 0)
(0.0855393 0.0585784 0)
(0.10597 0.00479097 0)
(0.150551 -0.0726481 0)
(0.148796 -0.107187 0)
(0.121737 -0.0630784 0)
(0.0995164 -0.000708496 0)
(0.0787981 0.0337879 0)
(0.0577632 0.0544252 0)
(0.0331688 0.0663637 0)
(0.0208531 0.0681262 0)
(0.0162449 0.077486 0)
(0.0165478 0.0876698 0)
(0.0118142 0.111773 0)
(-0.00579317 0.13527 0)
(-0.0551753 0.148264 0)
(-0.154523 0.140658 0)
(-0.271614 0.0781929 0)
(-0.326391 -0.0635364 0)
(-0.284358 -0.218233 0)
(-0.173143 -0.312813 0)
(-0.0292877 -0.250032 0)
(0.115626 -0.0230992 0)
(-0.0990103 0.0316529 0)
(-0.12925 -0.0174748 0)
(0.126876 -0.0731145 0)
(0.367956 -0.059813 0)
(0.512953 -0.00816832 0)
(0.470141 0.0254983 0)
(0.29256 0.0304336 0)
(0.138018 0.0262049 0)
(0.0405576 0.0279892 0)
(-0.131161 0.0375056 0)
(-0.173214 0.00788962 0)
(-0.0685174 -0.031533 0)
(0.0949524 -0.0519537 0)
(0.248027 0.0182 0)
(0.00917144 0.0574037 0)
(-0.314047 0.00254774 0)
(-0.206518 -0.0471978 0)
(-0.0411174 -0.0377746 0)
(-0.0215548 0.015936 0)
(-0.158133 0.0554946 0)
(-0.0699994 -0.0660171 0)
(0.172749 -0.183255 0)
(0.370038 -0.115215 0)
(0.437043 -0.00831228 0)
(0.457556 0.0633514 0)
(0.28882 0.0912772 0)
(0.0795249 0.0965795 0)
(-0.169214 0.0998383 0)
(-0.391648 0.0652628 0)
(-0.454728 -0.0110809 0)
(-0.391242 -0.0835517 0)
(-0.22156 -0.108261 0)
(-0.00202231 0.0466058 0)
(0.0386997 0.144524 0)
(-0.259324 0.0525617 0)
(-0.113675 -0.0730699 0)
(-0.0465743 -0.0759114 0)
(-0.0628911 0.0508406 0)
(-0.148084 0.0617111 0)
(-0.0483335 -0.128569 0)
(0.125758 -0.301376 0)
(0.272739 -0.172952 0)
(0.279523 -0.0100673 0)
(0.25188 0.0917284 0)
(0.0822488 0.162777 0)
(-0.167402 0.206872 0)
(-0.446339 0.229516 0)
(-0.664361 0.181417 0)
(-0.765933 0.0178591 0)
(-0.696805 -0.182376 0)
(-0.495385 -0.219044 0)
(-0.241362 -0.036965 0)
(-0.0330721 0.16747 0)
(-0.152029 0.0802621 0)
(-0.084875 -0.0924466 0)
(-0.044136 -0.0977171 0)
(-0.0623779 0.084905 0)
(-0.111744 0.0632708 0)
(-0.0535035 -0.177343 0)
(0.00201517 -0.359827 0)
(0.0428547 -0.183607 0)
(0.0527946 0.0211799 0)
(-0.0852966 0.150048 0)
(-0.243062 0.258285 0)
(-0.473768 0.313566 0)
(-0.738408 0.277089 0)
(-0.969665 0.141913 0)
(-1.09671 -0.0554376 0)
(-1.00996 -0.288619 0)
(-0.731183 -0.335647 0)
(-0.446657 -0.112548 0)
(-0.221321 0.104414 0)
(-0.131739 0.0789326 0)
(-0.171566 -0.111724 0)
(-0.0654222 -0.143513 0)
(-0.0430152 0.113116 0)
(-0.0771587 0.0752386 0)
(-0.0743298 -0.192714 0)
(-0.124731 -0.348003 0)
(-0.235134 -0.146865 0)
(-0.281417 0.0817011 0)
(-0.420642 0.217689 0)
(-0.543857 0.3331 0)
(-0.745156 0.393143 0)
(-0.982778 0.372091 0)
(-1.26339 0.290654 0)
(-1.62413 0.101403 0)
(-1.48508 -0.361338 0)
(-1.02986 -0.46481 0)
(-0.622152 -0.210408 0)
(-0.409314 0.0283559 0)
(-0.29332 0.0258976 0)
(-0.222702 -0.143551 0)
(-0.0716469 -0.20287 0)
(-0.0100379 0.130803 0)
(-0.0285778 0.089002 0)
(-0.0800037 -0.163298 0)
(-0.189413 -0.297728 0)
(-0.442476 -0.0914333 0)
(-0.515326 0.136152 0)
(-0.650723 0.266158 0)
(-0.777902 0.387673 0)
(-0.970823 0.483637 0)
(-1.25154 0.536758 0)
(-1.75575 0.531954 0)
(-2.15601 0.13695 0)
(-2.09657 -0.521497 0)
(-1.68285 -0.664625 0)
(-1.01062 -0.329353 0)
(-0.498048 -0.0556435 0)
(-0.426177 -0.0147379 0)
(-0.45593 -0.1699 0)
(-0.140608 -0.220399 0)
(0.0350593 0.129893 0)
(0.0544873 0.12005 0)
(-0.0231309 -0.10618 0)
(-0.145151 -0.214803 0)
(-0.522275 -0.0143524 0)
(-0.640293 0.199704 0)
(-0.80811 0.321264 0)
(-0.973214 0.460912 0)
(-1.21275 0.624086 0)
(-1.64541 0.759049 0)
(-2.22847 0.727228 0)
(-2.53008 0.153153 0)
(-2.68114 -0.616813 0)
(-2.67577 -0.887987 0)
(-2.16024 -0.555878 0)
(-1.36076 -0.165468 0)
(-0.999442 -0.0403778 0)
(-1.20105 -0.238464 0)
(-0.31658 -0.464269 0)
(0.0572656 0.081022 0)
(0.137594 0.127759 0)
(0.0857088 -0.0489396 0)
(-0.0085208 -0.109693 0)
(-0.456447 0.0917269 0)
(-0.622298 0.285919 0)
(-0.854871 0.396084 0)
(-1.08954 0.578994 0)
(-1.41291 0.802094 0)
(-1.88801 0.992961 0)
(-2.2713 0.913138 0)
(-2.31206 0.313308 0)
(-2.51166 -0.448713 0)
(-3.06537 -0.942868 0)
(-3.55632 -0.934055 0)
(-3.59353 -0.452011 0)
(-2.73907 -0.138642 0)
(-1.37075 -0.644409 0)
(-0.247357 -0.975275 0)
(0.0593899 -0.00781924 0)
(0.129203 0.00235739 0)
(0.160311 -0.00154348 0)
(0.187238 -0.0295483 0)
(0.209537 -0.0688161 0)
(0.167977 -0.0856173 0)
(0.11789 -0.0471693 0)
(0.0695641 0.00615404 0)
(-0.00950683 0.0449439 0)
(-0.0495963 0.0857474 0)
(-0.043105 0.0801765 0)
(-0.0275937 0.0635598 0)
(-0.0314201 0.0486324 0)
(-0.0558318 0.0403344 0)
(-0.0773101 0.0609685 0)
(-0.129552 0.116773 0)
(-0.268439 0.216966 0)
(-0.458005 0.268885 0)
(-0.534779 0.149007 0)
(-0.499675 -0.0792633 0)
(-0.372986 -0.290931 0)
(-0.175049 -0.443751 0)
(-0.00182191 -0.4066 0)
(0.0831873 -0.135581 0)
(0.219849 -0.012092 0)
(0.269102 0.0534652 0)
(0.280827 -0.0039446 0)
(0.249478 -0.0545973 0)
(0.15008 -0.0300428 0)
(0.00934793 0.0341386 0)
(-0.115769 0.148965 0)
(-0.297644 0.171018 0)
(-0.377009 0.0956168 0)
(-0.43116 0.0196579 0)
(-0.450725 0.0176429 0)
(-0.460392 0.127226 0)
(-0.614567 0.185523 0)
(-0.785578 0.27009 0)
(-0.849874 0.389694 0)
(-0.855191 0.484927 0)
(-0.885113 0.377227 0)
(-0.828516 0.0928511 0)
(-0.729548 -0.214802 0)
(-0.492281 -0.558123 0)
(-0.287726 -0.694324 0)
(-0.177185 -0.570274 0)
(0.0242117 -0.396397 0)
(0.204303 -0.228992 0)
(0.275071 -0.0829185 0)
(0.250745 -0.0221201 0)
(0.115607 0.093291 0)
(-0.0203153 0.128028 0)
(-0.33796 0.271019 0)
(-0.649936 0.322436 0)
(-0.84557 0.281517 0)
(-0.923297 0.249088 0)
(-0.985793 0.173928 0)
(-1.07418 0.192975 0)
(-1.10117 0.305173 0)
(-1.12688 0.295549 0)
(-1.07069 0.244417 0)
(-0.945062 0.20639 0)
(-0.827283 0.229146 0)
(-0.86752 0.240728 0)
(-1.02247 0.042478 0)
(-0.929404 -0.472461 0)
(-0.666776 -0.862044 0)
(-0.5684 -0.801718 0)
(-0.533061 -0.586154 0)
(-0.0904408 -0.403948 0)
(-0.0298086 -0.120412 0)
(-0.0759239 0.0576401 0)
(-0.0163725 0.0786916 0)
(-0.0465611 0.196449 0)
(-0.365184 0.430146 0)
(-0.810735 0.56727 0)
(-1.18883 0.519989 0)
(-1.52903 0.391158 0)
(-1.57797 0.141071 0)
(-1.46769 0.0154293 0)
(-1.35625 0.071853 0)
(-1.23881 0.160467 0)
(-1.12257 0.163692 0)
(-0.972754 0.13418 0)
(-0.806848 0.14355 0)
(-0.70858 0.257921 0)
(-0.825705 0.478857 0)
(-1.10333 0.127919 0)
(-0.917204 -0.723949 0)
(-0.831704 -0.979523 0)
(-0.826477 -0.791859 0)
(-0.847039 -0.549874 0)
(-0.158428 -0.262123 0)
(-0.216076 -0.195873 0)
(-0.047473 -0.223955 0)
(-0.339736 0.0249967 0)
(-0.49191 0.527321 0)
(-0.753951 0.78475 0)
(-1.17533 0.929304 0)
(-1.60516 0.975597 0)
(-1.84375 0.585871 0)
(-1.87313 0.132766 0)
(-1.78568 -0.0332429 0)
(-1.61254 -0.00470074 0)
(-1.38228 0.0410948 0)
(-1.12488 -0.00877519 0)
(-0.855741 -0.093443 0)
(-0.627133 -0.065498 0)
(-0.483807 0.171986 0)
(-0.478995 0.660056 0)
(-0.801536 0.640712 0)
(-0.886958 -0.710988 0)
(-0.937181 -0.994754 0)
(-0.935613 -0.765271 0)
(-0.967821 -0.479249 0)
(-0.152389 -0.0871672 0)
(-0.425968 0.072507 0)
(-0.756882 0.194508 0)
(-0.961823 0.422101 0)
(-1.07092 0.877251 0)
(-1.1784 1.09376 0)
(-1.34766 1.32495 0)
(-1.44502 1.3641 0)
(-1.56316 0.841819 0)
(-1.59574 0.0859881 0)
(-1.34865 -0.322447 0)
(-1.40978 -0.314743 0)
(-1.3721 -0.311215 0)
(-1.26228 -0.416154 0)
(-1.05699 -0.453027 0)
(-0.874923 -0.270083 0)
(-0.771395 0.192055 0)
(-0.704605 0.806631 0)
(-0.646753 0.790775 0)
(-0.844868 -0.521295 0)
(-0.957985 -0.961364 0)
(-0.933461 -0.759157 0)
(-0.90178 -0.415473 0)
(-0.0815524 0.173338 0)
(-0.545648 0.391748 0)
(-1.15965 0.119942 0)
(-1.14122 0.362829 0)
(-1.00059 0.920654 0)
(-1.08541 1.20542 0)
(-1.06801 1.34289 0)
(-0.837471 1.32749 0)
(-0.80021 1.00317 0)
(-0.682734 0.31739 0)
(-1.35124 -0.212104 0)
(-1.35829 -0.0810815 0)
(-1.24353 -0.0657369 0)
(-1.18428 -0.344653 0)
(-1.22312 -0.44919 0)
(-1.31607 -0.279279 0)
(-1.28525 0.175308 0)
(-1.10874 0.563211 0)
(-0.887836 0.54361 0)
(-0.79018 -0.403471 0)
(-0.94321 -0.943192 0)
(-0.930844 -0.809934 0)
(-0.831045 -0.47521 0)
(-0.0661393 0.278857 0)
(-0.118331 1.35521 0)
(-1.12873 0.367636 0)
(-1.23586 0.266318 0)
(-1.09723 0.611999 0)
(-0.744791 0.860576 0)
(-0.411543 0.949806 0)
(-0.128908 0.946117 0)
(-0.0817717 0.94985 0)
(-0.0654004 0.852753 0)
(-0.874369 0.0819799 0)
(-1.12898 -0.182282 0)
(-1.13233 -0.259856 0)
(-1.20415 -0.29901 0)
(-1.28507 -0.348876 0)
(-1.34626 -0.260495 0)
(-1.27262 0.0708982 0)
(-1.03893 0.429519 0)
(-0.738512 0.282822 0)
(-0.628934 -0.437215 0)
(-0.875577 -0.834986 0)
(-0.923809 -0.846154 0)
(-0.820921 -0.623332 0)
(-0.0648536 0.304005 0)
(-0.048998 2.13683 0)
(-0.876381 1.08163 0)
(-1.06274 0.404903 0)
(-0.982004 0.442586 0)
(-0.743077 0.497743 0)
(-0.452564 0.597634 0)
(-0.201544 0.744674 0)
(-0.0871203 0.925916 0)
(-0.139807 1.06658 0)
(-0.746274 0.575355 0)
(-0.941201 0.0768388 0)
(-0.938409 -0.186177 0)
(-0.982456 -0.286843 0)
(-1.02296 -0.34225 0)
(-1.0523 -0.323464 0)
(-0.971677 -0.186271 0)
(-0.734844 0.00690104 0)
(-0.446322 0.0556662 0)
(-0.357984 -0.239436 0)
(-0.618252 -0.63819 0)
(-0.839525 -0.838056 0)
(-0.863175 -0.781901 0)
(-0.0656847 0.343249 0)
(-0.0748997 2.55928 0)
(-0.516533 1.44434 0)
(-0.72617 0.636324 0)
(-0.774912 0.372416 0)
(-0.71257 0.280545 0)
(-0.625247 0.387618 0)
(-0.516423 0.708073 0)
(-0.426743 1.07977 0)
(-0.589572 1.28335 0)
(-0.945161 0.836548 0)
(-0.793812 0.121209 0)
(-0.756181 -0.17168 0)
(-0.744943 -0.264427 0)
(-0.73805 -0.313408 0)
(-0.739949 -0.301828 0)
(-0.695114 -0.229307 0)
(-0.563307 -0.167396 0)
(-0.38793 -0.172649 0)
(-0.263415 -0.247019 0)
(-0.259975 -0.370798 0)
(-0.425705 -0.578921 0)
(-0.725749 -0.802315 0)
(-0.0707627 0.41102 0)
(-0.0467301 2.5779 0)
(-0.112185 1.59197 0)
(-0.465726 0.820049 0)
(-0.515982 0.462231 0)
(-0.623173 0.24479 0)
(-0.749369 0.346293 0)
(-0.809795 0.696919 0)
(-0.896665 1.20072 0)
(-1.14209 1.42821 0)
(-0.986764 0.738152 0)
(-0.679875 0.0129105 0)
(-0.658214 -0.203113 0)
(-0.633401 -0.28091 0)
(-0.610557 -0.324139 0)
(-0.580411 -0.325188 0)
(-0.526639 -0.299458 0)
(-0.443237 -0.277305 0)
(-0.34311 -0.282503 0)
(-0.26316 -0.333001 0)
(-0.21981 -0.39311 0)
(-0.217429 -0.418078 0)
(-0.280886 -0.434874 0)
(-0.0800231 0.484073 0)
(-0.0385235 2.4503 0)
(0.0390311 1.7658 0)
(-0.404089 1.02202 0)
(-0.513134 0.618271 0)
(-0.805219 0.422192 0)
(-1.14521 0.557678 0)
(-1.35598 0.929796 0)
(-1.36996 1.30929 0)
(-1.2585 1.19479 0)
(-0.83789 0.414224 0)
(-0.657119 -0.0910753 0)
(-0.681528 -0.215372 0)
(-0.653774 -0.306216 0)
(-0.609382 -0.361437 0)
(-0.546627 -0.377126 0)
(-0.467915 -0.366882 0)
(-0.380593 -0.352344 0)
(-0.29738 -0.351154 0)
(-0.232205 -0.373065 0)
(-0.196414 -0.42881 0)
(-0.190617 -0.497094 0)
(-0.181412 -0.473749 0)
(-0.0960956 0.552864 0)
(-0.0394694 2.39816 0)
(-0.060417 1.97463 0)
(-0.442813 1.28738 0)
(-0.61129 0.88327 0)
(-0.987587 0.730785 0)
(-1.33699 0.842636 0)
(-1.50325 1.0661 0)
(-1.39403 1.14159 0)
(-1.07439 0.770431 0)
(-0.792794 0.177779 0)
(-0.821715 -0.084428 0)
(-0.823795 -0.228374 0)
(-0.759406 -0.356544 0)
(-0.672267 -0.433873 0)
(-0.572921 -0.464859 0)
(-0.473592 -0.463515 0)
(-0.379549 -0.448285 0)
(-0.294354 -0.434889 0)
(-0.223068 -0.433869 0)
(-0.175666 -0.44887 0)
(-0.159725 -0.474214 0)
(-0.156422 -0.493624 0)
(-0.124172 0.613497 0)
(-0.0106144 2.45331 0)
(-0.209759 2.17327 0)
(-0.461108 1.55561 0)
(-0.662281 1.18256 0)
(-1.00898 1.04688 0)
(-1.28447 1.06212 0)
(-1.36796 1.06882 0)
(-1.23275 0.902264 0)
(-1.04756 0.522563 0)
(-1.04518 0.168114 0)
(-1.08283 -0.0674021 0)
(-1.0096 -0.285329 0)
(-0.887591 -0.450745 0)
(-0.741484 -0.545746 0)
(-0.597266 -0.57642 0)
(-0.474181 -0.565852 0)
(-0.375776 -0.539964 0)
(-0.296523 -0.514723 0)
(-0.233676 -0.498144 0)
(-0.188164 -0.492988 0)
(-0.160888 -0.493406 0)
(-0.14822 -0.491949 0)
(-0.164084 0.666686 0)
(0.0428514 2.5129 0)
(-0.265098 2.3603 0)
(-0.415025 1.78384 0)
(-0.631629 1.44798 0)
(-0.927391 1.31388 0)
(-1.15807 1.23151 0)
(-1.25886 1.09402 0)
(-1.27418 0.852592 0)
(-1.32884 0.54026 0)
(-1.39971 0.216609 0)
(-1.34784 -0.115032 0)
(-1.19719 -0.413745 0)
(-1.00063 -0.620476 0)
(-0.791577 -0.724862 0)
(-0.599207 -0.734165 0)
(-0.447702 -0.686916 0)
(-0.344077 -0.627823 0)
(-0.275949 -0.580033 0)
(-0.228755 -0.546454 0)
(-0.196699 -0.526068 0)
(-0.175993 -0.514325 0)
(-0.16276 -0.506699 0)
(-0.20959 0.723675 0)
(0.194897 2.72226 0)
(-0.130539 2.6117 0)
(-0.32484 1.99459 0)
(-0.577426 1.68864 0)
(-0.861211 1.55963 0)
(-1.12198 1.42903 0)
(-1.34611 1.24934 0)
(-1.55156 0.99591 0)
(-1.6926 0.639874 0)
(-1.66513 0.181621 0)
(-1.47477 -0.290378 0)
(-1.21938 -0.651854 0)
(-0.959036 -0.866125 0)
(-0.719439 -0.957135 0)
(-0.519607 -0.926989 0)
(-0.370132 -0.824606 0)
(-0.271919 -0.712193 0)
(-0.223808 -0.629962 0)
(-0.197502 -0.577547 0)
(-0.183209 -0.545043 0)
(-0.175826 -0.525712 0)
(-0.172319 -0.514536 0)
(-0.248123 0.769275 0)
(0.248367 2.28732 0)
(0.0601442 2.9569 0)
(-0.282354 2.23356 0)
(-0.568284 1.95084 0)
(-0.882057 1.84471 0)
(-1.2291 1.72234 0)
(-1.57326 1.53495 0)
(-1.81505 1.18677 0)
(-1.83175 0.620456 0)
(-1.63276 -0.0459371 0)
(-1.32754 -0.6018 0)
(-0.997233 -0.962215 0)
(-0.694439 -1.14162 0)
(-0.449981 -1.1842 0)
(-0.294068 -1.09611 0)
(-0.206219 -0.934136 0)
(-0.149604 -0.768952 0)
(-0.140973 -0.651948 0)
(-0.147204 -0.58588 0)
(-0.153747 -0.547158 0)
(-0.160758 -0.52447 0)
(-0.167525 -0.511407 0)
(-0.262941 0.736042 0)
(0.207093 2.0915 0)
(-0.16946 3.264 0)
(-0.344864 2.4889 0)
(-0.639124 2.25378 0)
(-0.985098 2.19982 0)
(-1.39257 2.09652 0)
(-1.72951 1.81371 0)
(-1.84662 1.21704 0)
(-1.7104 0.42293 0)
(-1.43098 -0.3308 0)
(-1.07523 -0.922788 0)
(-0.666439 -1.29763 0)
(-0.325904 -1.41495 0)
(-0.0704236 -1.3689 0)
(0.0210934 -1.18921 0)
(0.0360069 -0.973572 0)
(0.00729981 -0.76189 0)
(-0.040776 -0.625828 0)
(-0.0921743 -0.563146 0)
(-0.122516 -0.53093 0)
(-0.142593 -0.512235 0)
(-0.156677 -0.501088 0)
(-0.252937 0.571816 0)
(0.0435513 2.59929 0)
(-0.614502 3.37368 0)
(-0.429734 2.70124 0)
(-0.752652 2.57531 0)
(-1.09033 2.58521 0)
(-1.4709 2.44241 0)
(-1.70116 1.96601 0)
(-1.69525 1.14904 0)
(-1.51417 0.225932 0)
(-1.20845 -0.641924 0)
(-0.748465 -1.36888 0)
(-0.293218 -1.71633 0)
(0.0356451 -1.70261 0)
(0.268482 -1.52782 0)
(0.320651 -1.2091 0)
(0.261794 -0.934073 0)
(0.143871 -0.691239 0)
(0.0369765 -0.539064 0)
(-0.0522834 -0.505681 0)
(-0.103051 -0.497153 0)
(-0.131626 -0.491448 0)
(-0.149239 -0.486933 0)
(-0.325875 0.875258 0)
(-0.225564 3.00856 0)
(-0.771468 3.34237 0)
(-0.458646 2.85178 0)
(-0.821952 2.87917 0)
(-1.10141 2.92736 0)
(-1.39085 2.68579 0)
(-1.50934 2.025 0)
(-1.4523 1.06547 0)
(-1.25332 -0.00299107 0)
(-0.855559 -1.06867 0)
(-0.37657 -1.87779 0)
(0.0129234 -2.12491 0)
(0.272217 -1.96837 0)
(0.424268 -1.64267 0)
(0.432321 -1.20404 0)
(0.349945 -0.826185 0)
(0.191558 -0.574654 0)
(0.0313373 -0.411102 0)
(-0.0548298 -0.427362 0)
(-0.107083 -0.455191 0)
(-0.133978 -0.467669 0)
(-0.14948 -0.472448 0)
(-0.385814 1.11106 0)
(-0.0899928 3.28894 0)
(-0.654913 3.29902 0)
(-0.402718 2.9861 0)
(-0.79 3.14206 0)
(-0.986626 3.18096 0)
(-1.16497 2.83032 0)
(-1.20247 2.03425 0)
(-1.11855 0.944025 0)
(-0.881672 -0.277384 0)
(-0.462675 -1.49402 0)
(-0.0962984 -2.29494 0)
(0.15324 -2.42911 0)
(0.30109 -2.14787 0)
(0.333004 -1.68767 0)
(0.284437 -1.15918 0)
(0.211189 -0.719636 0)
(0.0752951 -0.429861 0)
(-0.0821133 -0.289236 0)
(-0.111892 -0.365651 0)
(-0.138292 -0.423499 0)
(-0.15032 -0.450236 0)
(-0.157238 -0.462315 0)
(-0.420926 1.1881 0)
(0.223058 3.51656 0)
(-0.456143 3.34482 0)
(-0.278451 3.14801 0)
(-0.671413 3.35916 0)
(-0.78665 3.33667 0)
(-0.874683 2.87755 0)
(-0.856674 2.00016 0)
(-0.753131 0.814933 0)
(-0.505346 -0.534287 0)
(-0.172822 -1.84697 0)
(0.0195149 -2.55564 0)
(0.0811498 -2.57513 0)
(0.104295 -2.17159 0)
(0.00642357 -1.62431 0)
(-0.0723365 -1.07353 0)
(-0.10426 -0.621154 0)
(-0.213329 -0.30557 0)
(-0.248084 -0.243718 0)
(-0.197869 -0.356159 0)
(-0.183541 -0.418782 0)
(-0.173857 -0.447506 0)
(-0.16856 -0.46066 0)
(-0.444706 1.2116 0)
(0.445955 3.64373 0)
(-0.153835 3.58773 0)
(-0.118861 3.32964 0)
(-0.501904 3.53833 0)
(-0.551705 3.42055 0)
(-0.5985 2.85149 0)
(-0.535804 1.91929 0)
(-0.419345 0.66664 0)
(-0.160397 -0.75883 0)
(-0.0175048 -2.02102 0)
(-0.00952227 -2.60702 0)
(-0.143833 -2.51081 0)
(-0.25746 -2.0252 0)
(-0.416277 -1.47818 0)
(-0.461675 -0.967205 0)
(-0.473943 -0.539655 0)
(-0.499783 -0.291088 0)
(-0.362898 -0.317745 0)
(-0.267757 -0.40348 0)
(-0.221283 -0.443244 0)
(-0.193709 -0.461334 0)
(-0.177548 -0.468698 0)
(-0.448354 1.20721 0)
(0.401282 3.17444 0)
(0.218956 3.87933 0)
(0.0134824 3.5333 0)
(-0.304214 3.69127 0)
(-0.309302 3.46716 0)
(-0.34839 2.79942 0)
(-0.252783 1.81817 0)
(-0.147847 0.548378 0)
(0.0587678 -0.898792 0)
(0.0428941 -2.0259 0)
(-0.107537 -2.46502 0)
(-0.381501 -2.28989 0)
(-0.5632 -1.82838 0)
(-0.686259 -1.34688 0)
(-0.738972 -0.907436 0)
(-0.728502 -0.578713 0)
(-0.556586 -0.443737 0)
(-0.395209 -0.455804 0)
(-0.293977 -0.478551 0)
(-0.236744 -0.485537 0)
(-0.201429 -0.486614 0)
(-0.179311 -0.484089 0)
(-0.443674 1.17737 0)
(0.357907 2.91242 0)
(0.260181 4.04353 0)
(0.101393 3.73953 0)
(-0.104774 3.81365 0)
(-0.0769617 3.49214 0)
(-0.103421 2.75196 0)
(-0.00884628 1.72872 0)
(0.0776265 0.449382 0)
(0.202581 -0.941703 0)
(0.0699662 -1.9226 0)
(-0.151007 -2.22044 0)
(-0.450118 -2.03402 0)
(-0.636501 -1.67037 0)
(-0.738282 -1.28837 0)
(-0.743585 -0.954936 0)
(-0.63015 -0.730221 0)
(-0.47878 -0.625901 0)
(-0.360373 -0.578258 0)
(-0.280403 -0.550864 0)
(-0.228807 -0.530778 0)
(-0.194469 -0.515579 0)
(-0.171836 -0.502625 0)
(-0.44295 1.10511 0)
(0.392121 2.96195 0)
(0.0871567 4.03955 0)
(0.204435 3.87362 0)
(0.0921774 3.86908 0)
(0.146021 3.48801 0)
(0.153216 2.71745 0)
(0.219783 1.67034 0)
(0.294167 0.400981 0)
(0.315051 -0.890581 0)
(0.136473 -1.75347 0)
(-0.0835789 -1.98232 0)
(-0.316718 -1.82243 0)
(-0.478332 -1.55395 0)
(-0.553029 -1.27323 0)
(-0.531355 -1.03313 0)
(-0.450617 -0.857424 0)
(-0.366668 -0.739615 0)
(-0.295153 -0.659949 0)
(-0.24185 -0.60671 0)
(-0.202862 -0.569326 0)
(-0.175037 -0.542017 0)
(-0.15576 -0.520357 0)
(-0.39381 1.15012 0)
(0.424046 2.78614 0)
(0.170234 3.93956 0)
(0.37327 3.90948 0)
(0.296543 3.83627 0)
(0.372317 3.44594 0)
(0.420783 2.68267 0)
(0.453931 1.64717 0)
(0.487431 0.407133 0)
(0.425173 -0.785306 0)
(0.238538 -1.57282 0)
(0.0480873 -1.79212 0)
(-0.122206 -1.6641 0)
(-0.248904 -1.45743 0)
(-0.30784 -1.24916 0)
(-0.312185 -1.06416 0)
(-0.291052 -0.912386 0)
(-0.256247 -0.793545 0)
(-0.221208 -0.706712 0)
(-0.190428 -0.643703 0)
(-0.165585 -0.59733 0)
(-0.146679 -0.562291 0)
(-0.132915 -0.534504 0)
(-0.264713 1.08617 0)
(0.366198 2.44737 0)
(0.474276 3.80209 0)
(0.581288 3.90622 0)
(0.507252 3.76843 0)
(0.590277 3.37977 0)
(0.661832 2.64371 0)
(0.655821 1.65473 0)
(0.633774 0.45627 0)
(0.522836 -0.65494 0)
(0.348963 -1.40132 0)
(0.187465 -1.63657 0)
(0.0502136 -1.54027 0)
(-0.0500583 -1.36711 0)
(-0.113073 -1.20212 0)
(-0.148744 -1.05177 0)
(-0.159443 -0.919649 0)
(-0.156305 -0.812263 0)
(-0.146063 -0.728122 0)
(-0.133828 -0.663453 0)
(-0.122394 -0.613655 0)
(-0.112889 -0.574726 0)
(-0.105602 -0.543624 0)
(-0.109569 0.93329 0)
(0.289707 2.14157 0)
(0.56165 3.60373 0)
(0.704051 3.89117 0)
(0.68957 3.72693 0)
(0.766095 3.30832 0)
(0.820188 2.60428 0)
(0.772473 1.69033 0)
(0.716799 0.537072 0)
(0.601967 -0.524617 0)
(0.454779 -1.25182 0)
(0.319232 -1.50518 0)
(0.198667 -1.43414 0)
(0.105924 -1.28345 0)
(0.0339551 -1.14383 0)
(-0.016262 -1.01604 0)
(-0.0480192 -0.903101 0)
(-0.065567 -0.807863 0)
(-0.0738308 -0.730301 0)
(-0.0768715 -0.668231 0)
(-0.0773191 -0.618803 0)
(-0.076809 -0.579178 0)
(-0.0759722 -0.547128 0)
(0.0154459 0.794893 0)
(0.311751 2.10256 0)
(0.407539 3.29191 0)
(0.727361 3.80812 0)
(0.800631 3.69021 0)
(0.851871 3.25433 0)
(0.859057 2.60089 0)
(0.800798 1.74527 0)
(0.768134 0.626772 0)
(0.679154 -0.405933 0)
(0.559986 -1.13078 0)
(0.446427 -1.39269 0)
(0.332765 -1.33509 0)
(0.237118 -1.19882 0)
(0.15793 -1.07441 0)
(0.0945803 -0.965378 0)
(0.0478977 -0.869018 0)
(0.0151069 -0.786349 0)
(-0.00739107 -0.717269 0)
(-0.0227708 -0.66046 0)
(-0.0332694 -0.614079 0)
(-0.0407032 -0.576248 0)
(-0.0458288 -0.545061 0)
(0.0915903 0.510487 0)
(0.332476 2.01102 0)
(0.374776 2.88311 0)
(0.70678 3.62048 0)
(0.828429 3.62118 0)
(0.838421 3.23792 0)
(0.807416 2.62743 0)
(0.805188 1.77725 0)
(0.826915 0.686053 0)
(0.768188 -0.316726 0)
(0.677895 -1.03766 0)
(0.574296 -1.28959 0)
(0.456223 -1.2312 0)
(0.351792 -1.10451 0)
(0.262092 -0.995434 0)
(0.188009 -0.902997 0)
(0.129789 -0.821873 0)
(0.0851961 -0.751743 0)
(0.0515903 -0.69228 0)
(0.0264387 -0.642487 0)
(0.00767103 -0.601069 0)
(-0.0064343 -0.566786 0)
(-0.0167752 -0.538063 0)
(0.0619967 0.191404 0)
(0.328565 1.88946 0)
(0.437386 2.82519 0)
(0.599323 3.37312 0)
(0.783032 3.53312 0)
(0.789623 3.25497 0)
(0.805991 2.63711 0)
(0.91178 1.72325 0)
(0.949052 0.706422 0)
(0.88508 -0.238723 0)
(0.821011 -0.958067 0)
(0.70824 -1.17986 0)
(0.569769 -1.11352 0)
(0.451269 -0.998947 0)
(0.350272 -0.906182 0)
(0.266013 -0.8301 0)
(0.198036 -0.764115 0)
(0.144122 -0.706956 0)
(0.101949 -0.658012 0)
(0.0692356 -0.616458 0)
(0.0439906 -0.581366 0)
(0.0245016 -0.551838 0)
(0.00976898 -0.526779 0)
(-0.102352 0.127534 0)
(0.270105 1.68798 0)
(0.474126 2.69986 0)
(0.623009 3.24843 0)
(0.755377 3.45414 0)
(0.85232 3.22034 0)
(1.00769 2.47073 0)
(1.11692 1.62199 0)
(1.08777 0.817769 0)
(1.02875 -0.164639 0)
(0.992354 -0.875961 0)
(0.839068 -1.04159 0)
(0.669784 -0.972148 0)
(0.534236 -0.877558 0)
(0.421295 -0.805747 0)
(0.327819 -0.747901 0)
(0.252046 -0.697955 0)
(0.191183 -0.654468 0)
(0.142758 -0.6168 0)
(0.104509 -0.584329 0)
(0.0744298 -0.556429 0)
(0.0507694 -0.532503 0)
(0.0324182 -0.511798 0)
(-0.199207 0.0859893 0)
(0.180601 1.3888 0)
(0.45236 2.47704 0)
(0.667325 3.09176 0)
(0.853926 3.30951 0)
(1.02866 3.04933 0)
(1.17147 2.38868 0)
(1.21617 1.65548 0)
(1.19546 0.893121 0)
(1.22001 -0.158828 0)
(1.15776 -0.74613 0)
(0.94262 -0.862367 0)
(0.745186 -0.805275 0)
(0.594502 -0.741823 0)
(0.471972 -0.696018 0)
(0.371883 -0.658664 0)
(0.290918 -0.625859 0)
(0.225631 -0.596713 0)
(0.17323 -0.570838 0)
(0.131354 -0.547921 0)
(0.0979476 -0.527655 0)
(0.071217 -0.509729 0)
(0.049972 -0.493704 0)
(-0.139798 0.120044 0)
(-0.0099131 0.923273 0)
(0.362386 2.20002 0)
(0.62873 2.85856 0)
(0.860685 3.10465 0)
(1.05676 2.90123 0)
(1.18157 2.33017 0)
(1.2506 1.63745 0)
(1.3122 0.833685 0)
(1.41037 -0.125362 0)
(1.25543 -0.565973 0)
(0.993115 -0.645278 0)
(0.783296 -0.621191 0)
(0.625391 -0.597636 0)
(0.498914 -0.580963 0)
(0.396523 -0.565662 0)
(0.313769 -0.550712 0)
(0.246835 -0.536193 0)
(0.192739 -0.522227 0)
(0.149054 -0.508917 0)
(0.113722 -0.496319 0)
(0.0849738 -0.484427 0)
(0.061634 -0.473134 0)
(-0.0996566 0.23649 0)
(-0.221426 0.814701 0)
(0.192275 1.86512 0)
(0.507468 2.57869 0)
(0.771677 2.86482 0)
(0.988056 2.73735 0)
(1.14727 2.22833 0)
(1.28423 1.51604 0)
(1.45681 0.607074 0)
(1.46857 -0.057017 0)
(1.23316 -0.337831 0)
(0.974533 -0.41371 0)
(0.775942 -0.437682 0)
(0.623245 -0.454778 0)
(0.500514 -0.46662 0)
(0.401035 -0.47318 0)
(0.320269 -0.475783 0)
(0.254541 -0.475481 0)
(0.20097 -0.472998 0)
(0.15721 -0.468912 0)
(0.121326 -0.46367 0)
(0.0916956 -0.457605 0)
(0.0673001 -0.450976 0)
(-0.0904301 0.397995 0)
(-0.317793 0.814326 0)
(-0.153319 1.44895 0)
(0.289762 2.25904 0)
(0.605176 2.59919 0)
(0.864312 2.51887 0)
(1.08883 2.04912 0)
(1.32445 1.29312 0)
(1.46038 0.56167 0)
(1.34253 0.116716 0)
(1.1107 -0.0976589 0)
(0.89731 -0.203229 0)
(0.727122 -0.272 0)
(0.590288 -0.322507 0)
(0.478257 -0.359248 0)
(0.386347 -0.385638 0)
(0.310972 -0.404301 0)
(0.249058 -0.417002 0)
(0.19808 -0.425036 0)
(0.155939 -0.429428 0)
(0.120972 -0.431011 0)
(0.0918269 -0.430473 0)
(0.0677399 -0.428436 0)
(-0.0847568 0.585747 0)
(-0.315759 0.903625 0)
(-0.349854 1.27771 0)
(-0.0488002 1.8404 0)
(0.336892 2.22574 0)
(0.667586 2.17625 0)
(0.971894 1.71869 0)
(1.23049 1.11658 0)
(1.26339 0.614644 0)
(1.12283 0.294022 0)
(0.945853 0.0990661 0)
(0.785136 -0.0338006 0)
(0.647899 -0.132155 0)
(0.532243 -0.206662 0)
(0.435312 -0.26337 0)
(0.354471 -0.30644 0)
(0.287266 -0.338867 0)
(0.23143 -0.362814 0)
(0.184968 -0.380061 0)
(0.146193 -0.391986 0)
(0.113799 -0.399765 0)
(0.0867581 -0.404417 0)
(0.0644989 -0.406863 0)
(-0.0671563 0.759664 0)
(-0.23819 1.0465 0)
(-0.325971 1.23678 0)
(-0.18849 1.56096 0)
(0.133395 1.82532 0)
(0.495621 1.77308 0)
(0.819022 1.44125 0)
(0.994873 1.02985 0)
(0.987821 0.681977 0)
(0.889348 0.429783 0)
(0.770725 0.241104 0)
(0.654911 0.0949572 0)
(0.549009 -0.0194504 0)
(0.455796 -0.109947 0)
(0.375783 -0.181565 0)
(0.30808 -0.237944 0)
(0.251244 -0.281702 0)
(0.203621 -0.315109 0)
(0.163669 -0.34018 0)
(0.130127 -0.358583 0)
(0.101984 -0.371797 0)
(0.0784785 -0.381122 0)
(0.0591094 -0.387654 0)
(-0.0446573 0.878602 0)
(-0.138643 1.15326 0)
(-0.188826 1.24063 0)
(-0.112306 1.39227 0)
(0.118448 1.52554 0)
(0.403536 1.47162 0)
(0.630313 1.25124 0)
(0.734022 0.978331 0)
(0.73101 0.72793 0)
(0.674933 0.515868 0)
(0.598436 0.337739 0)
(0.516596 0.189648 0)
(0.437556 0.0673976 0)
(0.365804 -0.0332652 0)
(0.303366 -0.115879 0)
(0.250526 -0.182688 0)
(0.206243 -0.235556 0)
(0.168805 -0.276587 0)
(0.136948 -0.307891 0)
(0.109801 -0.331499 0)
(0.0866877 -0.349203 0)
(0.0671193 -0.362428 0)
(0.050787 -0.372341 0)
(-0.0263899 0.945664 0)
(-0.0591993 1.20286 0)
(-0.0557161 1.23455 0)
(0.0116931 1.28384 0)
(0.161884 1.32372 0)
(0.339112 1.27396 0)
(0.471187 1.13258 0)
(0.530473 0.946443 0)
(0.531152 0.75287 0)
(0.49643 0.569715 0)
(0.443426 0.404319 0)
(0.383609 0.25894 0)
(0.324538 0.133094 0)
(0.270492 0.0253908 0)
(0.223637 -0.0658734 0)
(0.185339 -0.14068 0)
(0.153091 -0.200102 0)
(0.125232 -0.2464 0)
(0.101017 -0.282246 0)
(0.0800623 -0.309963 0)
(0.0621886 -0.331388 0)
(0.0471704 -0.347931 0)
(0.0348801 -0.360821 0)
(-0.00775549 0.960122 0)
(0.00118882 1.1767 0)
(0.0335758 1.16995 0)
(0.0842736 1.17254 0)
(0.156893 1.18079 0)
(0.231419 1.14747 0)
(0.282622 1.05749 0)
(0.302496 0.925518 0)
(0.295926 0.772446 0)
(0.271806 0.614233 0)
(0.238647 0.460707 0)
(0.203016 0.317612 0)
(0.169057 0.188277 0)
(0.138704 0.0742961 0)
(0.113623 -0.0240759 0)
(0.0884186 -0.104972 0)
(0.0680678 -0.169031 0)
(0.0518498 -0.219482 0)
(0.0389446 -0.259103 0)
(0.0288113 -0.290147 0)
(0.021029 -0.314459 0)
(0.0151032 -0.333621 0)
(0.0107508 -0.348905 0)
(0.160143 -0.253201 0)
(0.270406 -0.153511 0)
(0.341878 -0.069767 0)
(0.374446 0.0104138 0)
(-0.0858337 -0.39901 0)
(-0.023334 -0.275841 0)
(0.0347588 -0.146991 0)
(0.0883954 0.0110196 0)
(-0.51715 -0.436041 0)
(-0.482039 -0.327761 0)
(-0.422392 -0.22881 0)
(-0.332496 -0.169413 0)
(-0.872565 -0.44434 0)
(-0.858248 -0.41472 0)
(-0.870343 -0.378818 0)
(-0.819323 -0.328775 0)
(-1.08836 -0.443597 0)
(-1.1723 -0.405182 0)
(-1.16121 -0.39974 0)
(-1.14058 -0.548527 0)
(-0.891425 -0.222836 0)
(-0.986687 -0.267444 0)
(-1.02101 -0.384383 0)
(-1.03518 -0.452549 0)
(-0.741084 -0.210908 0)
(-0.684327 -0.241563 0)
(-0.761036 -0.230784 0)
(-0.834632 -0.418394 0)
(-0.659959 -0.347516 0)
(-0.58655 -0.250153 0)
(-0.514122 -0.290554 0)
(-0.445205 -0.31562 0)
(-0.766939 -0.631827 0)
(-0.62992 -0.502473 0)
(-0.522476 -0.397967 0)
(-0.440384 -0.320248 0)
(-0.838485 -0.829005 0)
(-0.816018 -0.805826 0)
(-0.716416 -0.721669 0)
(-0.60149 -0.639648 0)
(-0.326821 -0.437444 0)
(-0.482478 -0.812473 0)
(-0.655094 -0.844861 0)
(-0.718337 -0.823283 0)
(-0.174183 -0.33611 0)
(-0.196813 -0.31747 0)
(-0.246878 -0.408236 0)
(-0.332096 -0.554639 0)
(-0.139145 -0.494966 0)
(-0.11192 -0.450764 0)
(-0.0866444 -0.383966 0)
(-0.0833311 -0.360576 0)
(-0.144344 -0.49407 0)
(-0.136156 -0.492367 0)
(-0.117122 -0.478366 0)
(-0.0888084 -0.44764 0)
(-0.156493 -0.502972 0)
(-0.153528 -0.499593 0)
(-0.149978 -0.496219 0)
(-0.14219 -0.490723 0)
(-0.171278 -0.509655 0)
(-0.170362 -0.504653 0)
(-0.169775 -0.498896 0)
(-0.169616 -0.494007 0)
(-0.172874 -0.506219 0)
(-0.175988 -0.502529 0)
(-0.178388 -0.498229 0)
(-0.180236 -0.493632 0)
(-0.16519 -0.496269 0)
(-0.170316 -0.49343 0)
(-0.174772 -0.490652 0)
(-0.178727 -0.48771 0)
(-0.158361 -0.484394 0)
(-0.163587 -0.482843 0)
(-0.168134 -0.48124 0)
(-0.172355 -0.479527 0)
(-0.156731 -0.473269 0)
(-0.160816 -0.473395 0)
(-0.164343 -0.472967 0)
(-0.167603 -0.472178 0)
(-0.160041 -0.465798 0)
(-0.161879 -0.467116 0)
(-0.163611 -0.467408 0)
(-0.165303 -0.467121 0)
(-0.165417 -0.464484 0)
(-0.164369 -0.465782 0)
(-0.163821 -0.465884 0)
(-0.163588 -0.465318 0)
(-0.169018 -0.470065 0)
(-0.165294 -0.469923 0)
(-0.162599 -0.468812 0)
(-0.160555 -0.467142 0)
(-0.167569 -0.481011 0)
(-0.162135 -0.478428 0)
(-0.158016 -0.47533 0)
(-0.154736 -0.471964 0)
(-0.159529 -0.494494 0)
(-0.153617 -0.489158 0)
(-0.149029 -0.483778 0)
(-0.145294 -0.478474 0)
(-0.145 -0.507666 0)
(-0.139681 -0.499829 0)
(-0.135512 -0.492323 0)
(-0.13207 -0.485207 0)
(-0.125081 -0.518371 0)
(-0.12111 -0.508624 0)
(-0.118019 -0.499444 0)
(-0.11542 -0.490893 0)
(-0.101376 -0.525331 0)
(-0.099123 -0.514385 0)
(-0.0974476 -0.504132 0)
(-0.096022 -0.494673 0)
(-0.0753524 -0.527972 0)
(-0.0750105 -0.516555 0)
(-0.0749048 -0.505881 0)
(-0.0747939 -0.496091 0)
(-0.0486533 -0.526313 0)
(-0.0501616 -0.515091 0)
(-0.0515892 -0.504597 0)
(-0.0528203 -0.495012 0)
(-0.022731 -0.520648 0)
(-0.0258752 -0.510172 0)
(-0.0287891 -0.50035 0)
(-0.03134 -0.491395 0)
(0.00105358 -0.511345 0)
(-0.00363024 -0.502008 0)
(-0.00794177 -0.493207 0)
(-0.0117931 -0.485158 0)
(0.0212994 -0.498823 0)
(0.015195 -0.490826 0)
(0.00955607 -0.483227 0)
(0.00443139 -0.476216 0)
(0.0368176 -0.483401 0)
(0.0294556 -0.476842 0)
(0.0226283 -0.470535 0)
(0.0163505 -0.464626 0)
(0.0469459 -0.46557 0)
(0.0386277 -0.460506 0)
(0.030918 -0.455564 0)
(0.023787 -0.45082 0)
(0.0518356 -0.446187 0)
(0.0430606 -0.442704 0)
(0.03497 -0.439232 0)
(0.0274733 -0.435754 0)
(0.0525024 -0.426489 0)
(0.0439064 -0.424692 0)
(0.0360298 -0.422785 0)
(0.0287375 -0.420688 0)
(0.0504934 -0.407749 0)
(0.0426384 -0.407635 0)
(0.0354621 -0.40727 0)
(0.0288574 -0.406622 0)
(0.0468948 -0.391058 0)
(0.0400368 -0.392419 0)
(0.033793 -0.393471 0)
(0.0281513 -0.394308 0)
(0.0404603 -0.377835 0)
(0.0346845 -0.38055 0)
(0.0295259 -0.383048 0)
(0.0250307 -0.385475 0)
(0.0274106 -0.368394 0)
(0.0233945 -0.372612 0)
(0.0199617 -0.37663 0)
(0.0171086 -0.380513 0)
(0.00840176 -0.358168 0)
(0.00725317 -0.363539 0)
(0.0063329 -0.368531 0)
(0.00559788 -0.373176 0)
(0.310451 0.0544673 0)
(0.277755 0.100681 0)
(0.235343 0.0110592 0)
(0.208984 -0.000245366 0)
(-0.019668 0.206845 0)
(-0.136547 0.367791 0)
(-0.0477449 0.501839 0)
(-0.283988 0.777865 0)
(-0.84894 1.16447 0)
(-1.48008 1.21288 0)
(-1.55551 0.929254 0)
(-1.31264 0.325135 0)
(-1.26324 -0.168752 0)
(-1.45081 -0.480577 0)
(-1.73389 -0.737858 0)
(-1.86581 -0.787666 0)
(-1.44715 -0.719193 0)
(-0.524527 -1.47733 0)
(0.00682261 -1.3629 0)
(0.186044 0.112742 0)
(0.250034 0.157748 0)
(0.323204 0.10248 0)
(0.381922 0.0680087 0)
(0.335396 0.231973 0)
(0.235346 0.394408 0)
(0.289474 0.569033 0)
(0.106205 0.891738 0)
(0.033713 1.80611 0)
(-0.865614 1.44824 0)
(-0.712822 0.829238 0)
(-0.47464 0.134943 0)
(-0.480449 -0.241284 0)
(-0.523256 -0.389433 0)
(-0.634126 -0.571012 0)
(-0.566468 -0.737919 0)
(0.0906863 -0.754689 0)
(0.0695224 -1.58665 0)
(0.16272 -1.5006 0)
(-0.166649 -0.116348 0)
(0.0623013 -0.0850498 0)
(0.178644 -0.149784 0)
(0.147383 -0.0186768 0)
(0.214422 0.272777 0)
(0.242435 0.464816 0)
(0.208876 0.538717 0)
(0.222848 0.955924 0)
(0.133556 2.36514 0)
(-0.646777 1.66224 0)
(-0.409076 0.679184 0)
(-0.45512 -0.0782707 0)
(-0.427108 -0.380055 0)
(-0.323542 -0.515291 0)
(-0.0676423 -0.736845 0)
(0.196678 -1.0303 0)
(0.519494 -1.17754 0)
(0.467697 -1.48027 0)
(0.304142 -1.25309 0)
(-0.638833 -0.202921 0)
(-0.445947 -0.0440445 0)
(-0.323995 0.0549832 0)
(-0.167261 0.139722 0)
(-0.0118149 0.30449 0)
(0.0785092 0.452136 0)
(-0.00833469 0.568883 0)
(0.107616 1.12451 0)
(-0.344076 2.72268 0)
(-0.645981 1.76385 0)
(-0.334811 0.698947 0)
(-0.294817 0.0315812 0)
(-0.169772 -0.520247 0)
(0.188567 -0.860762 0)
(0.556743 -1.05071 0)
(0.694837 -1.11409 0)
(0.714189 -1.18055 0)
(0.617087 -1.3059 0)
(0.424665 -0.894095 0)
(-1.08421 -0.596485 0)
(-0.914294 -0.516467 0)
(-0.680738 -0.450586 0)
(-0.467673 -0.266115 0)
(-0.294054 0.107731 0)
(-0.265135 0.457104 0)
(-0.187586 0.663742 0)
(-0.24583 1.47454 0)
(-0.849241 2.79607 0)
(-0.603272 1.65095 0)
(-0.268858 0.564028 0)
(-0.108369 -0.189536 0)
(0.345919 -0.864198 0)
(0.61087 -1.1133 0)
(0.70985 -1.135 0)
(0.742685 -1.13601 0)
(0.743445 -1.16705 0)
(0.656788 -1.15828 0)
(0.499907 -0.495126 0)
(-1.01156 -0.504149 0)
(-0.971059 -0.417601 0)
(-0.830848 -0.444143 0)
(-0.650726 -0.337725 0)
(-0.456544 -0.0848292 0)
(-0.38487 0.186379 0)
(-0.520246 0.67116 0)
(-0.806674 1.8797 0)
(-1.01581 2.61711 0)
(-0.432711 1.35286 0)
(-0.140164 0.265243 0)
(0.372298 -0.540919 0)
(0.575965 -1.06014 0)
(0.643679 -1.16584 0)
(0.664453 -1.15912 0)
(0.66698 -1.15873 0)
(0.683914 -1.15314 0)
(0.568805 -1.04567 0)
(0.495672 -0.0843229 0)
(-0.850075 -0.600323 0)
(-0.999963 -0.53967 0)
(-0.92241 -0.634386 0)
(-0.833904 -0.449444 0)
(-0.693329 -0.142889 0)
(-0.656307 0.275737 0)
(-0.792835 0.966422 0)
(-0.961694 1.98325 0)
(-0.795766 2.23267 0)
(-0.00765662 0.954902 0)
(0.284736 0.0466596 0)
(0.534228 -0.827785 0)
(0.567225 -1.10934 0)
(0.53642 -1.17175 0)
(0.528505 -1.1702 0)
(0.524 -1.15193 0)
(0.510246 -1.09619 0)
(0.196571 -0.893638 0)
(0.484582 0.406086 0)
(-0.502808 -0.348967 0)
(-0.722599 -0.516306 0)
(-0.71943 -0.70855 0)
(-0.874189 -0.580642 0)
(-0.77236 -0.244657 0)
(-0.773598 0.331817 0)
(-0.791659 1.09915 0)
(-0.726896 1.81108 0)
(-0.33403 1.75224 0)
(0.193975 0.508523 0)
(0.53535 -0.189142 0)
(0.573124 -0.877331 0)
(0.510269 -1.07218 0)
(0.398653 -1.12814 0)
(0.341987 -1.12923 0)
(0.253498 -1.08806 0)
(0.121948 -0.963264 0)
(-0.226094 -0.819118 0)
(0.385001 0.787807 0)
(-0.343028 -0.293824 0)
(-0.238582 -0.339042 0)
(-0.305806 -0.394905 0)
(-0.646077 -0.579978 0)
(-0.652512 -0.152725 0)
(-0.682387 0.346859 0)
(-0.54441 0.971848 0)
(-0.293639 1.48345 0)
(0.230871 1.29667 0)
(0.630886 0.404834 0)
(0.661514 -0.479644 0)
(0.64794 -0.841792 0)
(0.543089 -0.953332 0)
(0.378002 -0.98022 0)
(0.140943 -0.995679 0)
(-0.160523 -0.99235 0)
(-0.301454 -0.847278 0)
(-0.374242 -0.604083 0)
(0.110296 0.330184 0)
(-0.431669 -0.505778 0)
(-0.229349 -0.32829 0)
(-0.141211 -0.252754 0)
(-0.151208 -0.265881 0)
(-0.501334 -0.0927673 0)
(-0.447692 0.290342 0)
(-0.291429 0.701212 0)
(0.103041 1.05638 0)
(0.438543 0.880342 0)
(0.924244 0.206237 0)
(0.815486 -0.389737 0)
(0.775736 -0.731297 0)
(0.790546 -0.795363 0)
(0.594986 -0.740295 0)
(0.0379929 -0.701931 0)
(-0.335833 -0.662303 0)
(-0.61153 -0.911212 0)
(-0.581471 -0.85286 0)
(-0.201981 -0.014947 0)
(-0.635139 -0.770758 0)
(-0.429906 -0.633709 0)
(-0.201403 -0.431863 0)
(-0.0131459 -0.137244 0)
(-0.105098 -0.205709 0)
(0.0515256 0.348906 0)
(0.00799474 0.595313 0)
(0.176576 0.714949 0)
(0.441284 0.677898 0)
(0.78372 -0.0262436 0)
(0.852704 -0.487066 0)
(0.916535 -0.666688 0)
(0.833067 -0.692257 0)
(0.349237 -0.488085 0)
(0.0431299 -0.303724 0)
(-0.205109 -0.404641 0)
(-0.368609 -0.778638 0)
(-0.473493 -0.918642 0)
(-0.243751 -0.486745 0)
(-0.512534 -0.833193 0)
(-0.550979 -0.804437 0)
(-0.393539 -0.61673 0)
(-0.153814 -0.355476 0)
(0.0352539 -0.00586849 0)
(-0.151292 -0.182985 0)
(0.434939 0.546178 0)
(0.281354 0.694453 0)
(0.704499 0.314506 0)
(0.808721 -0.262934 0)
(0.812271 -0.470203 0)
(0.822824 -0.555055 0)
(0.644725 -0.397074 0)
(0.193265 -0.158194 0)
(0.0771175 -0.142796 0)
(0.0377466 -0.26973 0)
(-0.130385 -0.555869 0)
(-0.317766 -0.86457 0)
(-0.13418 -0.754623 0)
(-0.188826 -0.533673 0)
(-0.414617 -0.783003 0)
(-0.489839 -0.780393 0)
(-0.336348 -0.51646 0)
(-0.0517032 -0.175968 0)
(0.0533053 0.086268 0)
(-0.251832 0.35952 0)
(0.348271 0.440545 0)
(0.686187 0.122532 0)
(0.67439 -0.209238 0)
(0.693391 -0.413694 0)
(0.672875 -0.427094 0)
(0.349859 -0.100288 0)
(0.123591 -0.0100067 0)
(0.119196 -0.131898 0)
(0.0893117 -0.216676 0)
(-0.0040138 -0.397879 0)
(-0.196867 -0.802462 0)
(-0.0488636 -0.9355 0)
(-0.0746984 -0.421107 0)
(-0.195141 -0.551914 0)
(-0.406466 -0.762754 0)
(-0.455775 -0.708305 0)
(-0.261989 -0.348297 0)
(0.0602096 -0.0095732 0)
(0.0286521 0.18812 0)
(0.282211 0.148205 0)
(0.42731 -0.0335143 0)
(0.532667 -0.259769 0)
(0.595875 -0.40163 0)
(0.401955 -0.173123 0)
(0.122502 0.0845149 0)
(0.0994471 0.0131979 0)
(0.110167 -0.0935143 0)
(0.0349295 -0.166777 0)
(0.0173514 -0.328301 0)
(-0.127113 -0.734805 0)
(0.00165565 -1.02758 0)
(-0.117112 -0.473532 0)
(-0.0876047 -0.45406 0)
(-0.18611 -0.556335 0)
(-0.403501 -0.740041 0)
(-0.403483 -0.567043 0)
(-0.142388 -0.15681 0)
(0.115941 0.0956754 0)
(0.21413 0.0758909 0)
(0.362072 -0.128943 0)
(0.456176 -0.304725 0)
(0.485447 -0.24126 0)
(0.0295892 0.11068 0)
(0.0247598 0.102993 0)
(0.0668734 -0.00655227 0)
(0.0839011 -0.0624917 0)
(0.0285416 -0.119862 0)
(0.0123576 -0.285962 0)
(-0.0841127 -0.712883 0)
(0.0250507 -1.08266 0)
(-0.165778 -0.489524 0)
(-0.152724 -0.488474 0)
(-0.127173 -0.486105 0)
(-0.159048 -0.563034 0)
(-0.356073 -0.680062 0)
(-0.305225 -0.44335 0)
(0.0323765 -0.139682 0)
(0.283109 -0.160117 0)
(0.29947 -0.249726 0)
(0.0219976 -0.38228 0)
(-0.217793 0.130467 0)
(-0.113151 0.0857151 0)
(-0.00660925 0.0273533 0)
(0.0416672 -0.0326076 0)
(0.0795632 -0.063829 0)
(0.064605 -0.0851611 0)
(0.0164154 -0.238262 0)
(-0.0371898 -0.709187 0)
(0.0246726 -1.10222 0)
(-0.183419 -0.488232 0)
(-0.190391 -0.490145 0)
(-0.202388 -0.49844 0)
(-0.233561 -0.498134 0)
(-0.305639 -0.521568 0)
(-0.36778 -0.549583 0)
(-0.385904 -0.599539 0)
(-0.381845 -0.314057 0)
(-0.294553 0.0604345 0)
(-0.25346 -0.072894 0)
(-0.192814 -0.0575215 0)
(-0.0762484 -0.0371757 0)
(0.0103816 -0.0366137 0)
(0.0628406 -0.067679 0)
(0.0960235 -0.0807756 0)
(0.111253 -0.0620453 0)
(0.0261364 -0.178417 0)
(0.0108194 -0.713532 0)
(0.00394774 -1.09576 0)
(-0.184468 -0.482032 0)
(-0.192666 -0.47754 0)
(-0.2052 -0.479266 0)
(-0.230215 -0.482484 0)
(-0.257426 -0.441592 0)
(-0.273887 -0.333407 0)
(-0.306317 -0.281053 0)
(-0.314432 -0.26061 0)
(-0.242875 -0.233756 0)
(-0.167411 -0.199769 0)
(-0.110014 -0.126338 0)
(-0.0292636 -0.104965 0)
(0.0477039 -0.101891 0)
(0.103633 -0.104695 0)
(0.121285 -0.0953756 0)
(0.15241 -0.0491595 0)
(0.050253 -0.113661 0)
(0.0489516 -0.702118 0)
(-0.0156824 -1.08429 0)
(-0.17873 -0.47513 0)
(-0.186968 -0.469526 0)
(-0.198667 -0.463991 0)
(-0.219248 -0.456521 0)
(-0.2409 -0.4415 0)
(-0.249271 -0.419016 0)
(-0.244666 -0.381171 0)
(-0.228066 -0.299749 0)
(-0.188876 -0.23452 0)
(-0.131674 -0.218834 0)
(-0.0591423 -0.197055 0)
(0.0247065 -0.178959 0)
(0.0985924 -0.159212 0)
(0.151033 -0.134436 0)
(0.157586 -0.103657 0)
(0.186874 -0.0387205 0)
(0.08825 -0.051813 0)
(0.0767594 -0.661627 0)
(-0.0123119 -1.06874 0)
(-0.172867 -0.468528 0)
(-0.179362 -0.461924 0)
(-0.187597 -0.45428 0)
(-0.198364 -0.443009 0)
(-0.207658 -0.42058 0)
(-0.212194 -0.388359 0)
(-0.210587 -0.353855 0)
(-0.194097 -0.31891 0)
(-0.154255 -0.291847 0)
(-0.0901906 -0.282771 0)
(-0.00461757 -0.273959 0)
(0.0846863 -0.252273 0)
(0.155499 -0.213095 0)
(0.199907 -0.16037 0)
(0.195906 -0.105281 0)
(0.211532 -0.0255818 0)
(0.128278 0.00159796 0)
(0.0956328 -0.595291 0)
(0.0140595 -1.03813 0)
(-0.168664 -0.463979 0)
(-0.172561 -0.456719 0)
(-0.177729 -0.447433 0)
(-0.184054 -0.435525 0)
(-0.188746 -0.418883 0)
(-0.188807 -0.397404 0)
(-0.181985 -0.370911 0)
(-0.163666 -0.344854 0)
(-0.122913 -0.338819 0)
(-0.0489536 -0.35542 0)
(0.0460001 -0.360246 0)
(0.135541 -0.328134 0)
(0.19855 -0.261704 0)
(0.230886 -0.177063 0)
(0.216001 -0.0965248 0)
(0.216419 -0.00667412 0)
(0.152107 0.0435843 0)
(0.10507 -0.511483 0)
(0.0496313 -0.986842 0)
(-0.164648 -0.461897 0)
(-0.165812 -0.453834 0)
(-0.168083 -0.443664 0)
(-0.17086 -0.431719 0)
(-0.172266 -0.417022 0)
(-0.170323 -0.399054 0)
(-0.162807 -0.380116 0)
(-0.143839 -0.372393 0)
(-0.0986429 -0.394734 0)
(-0.0207634 -0.438119 0)
(0.0674438 -0.448084 0)
(0.144017 -0.397747 0)
(0.193368 -0.300362 0)
(0.215514 -0.184488 0)
(0.195251 -0.0810482 0)
(0.188315 0.0151529 0)
(0.138908 0.0737633 0)
(0.104328 -0.445982 0)
(0.077776 -0.916093 0)
(-0.159377 -0.462467 0)
(-0.158099 -0.45317 0)
(-0.158191 -0.442217 0)
(-0.158875 -0.430466 0)
(-0.158782 -0.417674 0)
(-0.156354 -0.403439 0)
(-0.149418 -0.392196 0)
(-0.131573 -0.401544 0)
(-0.0884829 -0.450201 0)
(-0.0263121 -0.511603 0)
(0.034144 -0.518984 0)
(0.0852167 -0.449686 0)
(0.118237 -0.326021 0)
(0.137877 -0.185434 0)
(0.121323 -0.0643134 0)
(0.118611 0.0364642 0)
(0.0869053 0.084638 0)
(0.100764 -0.420869 0)
(0.0880856 -0.834459 0)
(-0.151928 -0.465248 0)
(-0.148933 -0.454184 0)
(-0.147702 -0.442196 0)
(-0.147382 -0.430283 0)
(-0.146914 -0.418411 0)
(-0.145192 -0.406653 0)
(-0.140409 -0.401884 0)
(-0.127549 -0.425163 0)
(-0.0992927 -0.489624 0)
(-0.0726656 -0.554413 0)
(-0.0539185 -0.555597 0)
(-0.0343799 -0.476643 0)
(-0.0173806 -0.34182 0)
(0.00636382 -0.187901 0)
(0.00183059 -0.0569611 0)
(0.0135253 0.0469955 0)
(0.0137154 0.0609365 0)
(0.10822 -0.433334 0)
(0.0850564 -0.750684 0)
(-0.141756 -0.469311 0)
(-0.138003 -0.456131 0)
(-0.136246 -0.442828 0)
(-0.135642 -0.430316 0)
(-0.135344 -0.418666 0)
(-0.134687 -0.408267 0)
(-0.132597 -0.406917 0)
(-0.12822 -0.435056 0)
(-0.124498 -0.498902 0)
(-0.140359 -0.555674 0)
(-0.164858 -0.553281 0)
(-0.178711 -0.477729 0)
(-0.177699 -0.349479 0)
(-0.15532 -0.199588 0)
(-0.140905 -0.0632988 0)
(-0.108007 0.0405664 0)
(-0.0411518 -0.0241826 0)
(0.122818 -0.468173 0)
(0.0753261 -0.66766 0)
(-0.128703 -0.473634 0)
(-0.125081 -0.458321 0)
(-0.12331 -0.443643 0)
(-0.122674 -0.430304 0)
(-0.122453 -0.418455 0)
(-0.122301 -0.408363 0)
(-0.122109 -0.406351 0)
(-0.125919 -0.428365 0)
(-0.144314 -0.476951 0)
(-0.192589 -0.520455 0)
(-0.250481 -0.518631 0)
(-0.29379 -0.453016 0)
(-0.314139 -0.340614 0)
(-0.301223 -0.206888 0)
(-0.26238 -0.079623 0)
(-0.180912 -0.024507 0)
(0.000138222 -0.199111 0)
(0.124498 -0.489757 0)
(0.0619929 -0.586626 0)
(-0.112921 -0.477349 0)
(-0.110093 -0.460259 0)
(-0.10856 -0.444456 0)
(-0.10781 -0.430479 0)
(-0.107226 -0.418444 0)
(-0.106599 -0.408162 0)
(-0.10647 -0.402735 0)
(-0.113327 -0.411685 0)
(-0.139567 -0.437487 0)
(-0.197534 -0.464566 0)
(-0.269337 -0.464022 0)
(-0.326602 -0.411558 0)
(-0.356351 -0.322411 0)
(-0.33953 -0.223881 0)
(-0.262897 -0.156997 0)
(-0.122033 -0.189708 0)
(0.068323 -0.354539 0)
(0.105712 -0.480598 0)
(0.0466361 -0.514808 0)
(-0.0948271 -0.479866 0)
(-0.0931947 -0.461655 0)
(-0.0920617 -0.445241 0)
(-0.0911177 -0.431151 0)
(-0.0898776 -0.419272 0)
(-0.0882187 -0.408985 0)
(-0.0867185 -0.400179 0)
(-0.0908425 -0.39665 0)
(-0.109534 -0.401294 0)
(-0.15229 -0.41031 0)
(-0.211697 -0.41134 0)
(-0.256914 -0.38126 0)
(-0.266549 -0.332545 0)
(-0.22837 -0.296018 0)
(-0.137954 -0.294077 0)
(-0.012645 -0.345016 0)
(0.0738286 -0.416087 0)
(0.0703803 -0.454194 0)
(0.0324186 -0.461812 0)
(-0.075121 -0.480852 0)
(-0.0749158 -0.462327 0)
(-0.0744468 -0.445976 0)
(-0.07355 -0.43226 0)
(-0.0719341 -0.420934 0)
(-0.0696784 -0.411077 0)
(-0.0670598 -0.400645 0)
(-0.0669012 -0.390224 0)
(-0.072965 -0.38301 0)
(-0.0886535 -0.377837 0)
(-0.117841 -0.377264 0)
(-0.140801 -0.371467 0)
(-0.132563 -0.357902 0)
(-0.093631 -0.352862 0)
(-0.0328956 -0.366761 0)
(0.0281819 -0.403102 0)
(0.0501754 -0.428064 0)
(0.0395401 -0.432833 0)
(0.0225138 -0.428465 0)
(-0.0547796 -0.480091 0)
(-0.0562771 -0.461991 0)
(-0.056911 -0.446299 0)
(-0.0567077 -0.43324 0)
(-0.055638 -0.422652 0)
(-0.0539607 -0.413364 0)
(-0.0518466 -0.402792 0)
(-0.049878 -0.390809 0)
(-0.0478355 -0.381564 0)
(-0.044756 -0.372179 0)
(-0.0450882 -0.365172 0)
(-0.0499993 -0.367709 0)
(-0.0413463 -0.374518 0)
(-0.0186779 -0.383837 0)
(0.0116187 -0.395557 0)
(0.0262271 -0.415181 0)
(0.0279908 -0.426064 0)
(0.0217274 -0.421314 0)
(0.0156627 -0.408262 0)
(-0.0350388 -0.477363 0)
(-0.0386757 -0.460239 0)
(-0.0410492 -0.445483 0)
(-0.0423733 -0.433228 0)
(-0.0428626 -0.423268 0)
(-0.0428848 -0.414354 0)
(-0.0427928 -0.404143 0)
(-0.0418305 -0.393448 0)
(-0.0374235 -0.386735 0)
(-0.0295749 -0.380579 0)
(-0.0174985 -0.371298 0)
(-0.00919529 -0.370447 0)
(-0.00037187 -0.381143 0)
(0.0074135 -0.395055 0)
(0.0168272 -0.403074 0)
(0.0190912 -0.417071 0)
(0.0154379 -0.423324 0)
(0.0117284 -0.415809 0)
(0.00935878 -0.396039 0)
(-0.0173945 -0.472371 0)
(-0.0235845 -0.456527 0)
(-0.0282585 -0.442827 0)
(-0.0316866 -0.431439 0)
(-0.0342204 -0.421996 0)
(-0.036322 -0.41324 0)
(-0.0384261 -0.403468 0)
(-0.0389942 -0.395183 0)
(-0.0350577 -0.392082 0)
(-0.0284025 -0.389623 0)
(-0.01723 -0.382883 0)
(-0.00567029 -0.380201 0)
(0.00577476 -0.386562 0)
(0.00964894 -0.39746 0)
(0.0133094 -0.403516 0)
(0.011954 -0.415177 0)
(0.00727952 -0.419939 0)
(0.00407889 -0.41257 0)
(0.00321115 -0.390271 0)
(-0.00317584 -0.464822 0)
(-0.0121006 -0.450454 0)
(-0.0191419 -0.438061 0)
(-0.0245609 -0.427708 0)
(-0.0288119 -0.418932 0)
(-0.0323878 -0.410449 0)
(-0.0353662 -0.401514 0)
(-0.0358915 -0.39617 0)
(-0.0321888 -0.396342 0)
(-0.0271702 -0.396217 0)
(-0.0188968 -0.392091 0)
(-0.0099126 -0.390521 0)
(0.00102653 -0.393813 0)
(0.00424253 -0.401354 0)
(0.00792488 -0.40453 0)
(0.00627453 -0.413038 0)
(0.00165386 -0.416225 0)
(-0.00189082 -0.410402 0)
(-0.00139594 -0.390015 0)
(0.00688204 -0.454723 0)
(-0.00438621 -0.442183 0)
(-0.013153 -0.431567 0)
(-0.0197598 -0.422625 0)
(-0.024808 -0.414911 0)
(-0.0285996 -0.407344 0)
(-0.0304743 -0.400193 0)
(-0.0291123 -0.397993 0)
(-0.0248038 -0.40034 0)
(-0.0205978 -0.401337 0)
(-0.0143982 -0.398938 0)
(-0.00846201 -0.398258 0)
(-0.000398866 -0.399246 0)
(0.0011971 -0.404049 0)
(0.0039652 -0.405078 0)
(0.00230984 -0.410774 0)
(-0.00172174 -0.412342 0)
(-0.00494624 -0.409333 0)
(-0.00331402 -0.393121 0)
(0.013002 -0.442634 0)
(0.000448935 -0.432533 0)
(-0.00891495 -0.424286 0)
(-0.0156452 -0.417172 0)
(-0.020424 -0.411074 0)
(-0.0231662 -0.405411 0)
(-0.0226941 -0.400995 0)
(-0.0191987 -0.401384 0)
(-0.0147541 -0.404376 0)
(-0.0115339 -0.40532 0)
(-0.00760925 -0.403483 0)
(-0.0046914 -0.402773 0)
(-0.000199595 -0.402272 0)
(-0.000121016 -0.405146 0)
(0.00154563 -0.405006 0)
(0.000114521 -0.408732 0)
(-0.0027694 -0.409258 0)
(-0.00477573 -0.408997 0)
(-0.00295065 -0.39727 0)
(0.0162925 -0.429696 0)
(0.00384397 -0.422721 0)
(-0.00505199 -0.417249 0)
(-0.0110244 -0.412294 0)
(-0.0146793 -0.408389 0)
(-0.0157396 -0.405382 0)
(-0.0133942 -0.403761 0)
(-0.00945991 -0.405285 0)
(-0.00639698 -0.407447 0)
(-0.00501346 -0.40748 0)
(-0.00354595 -0.405518 0)
(-0.00277211 -0.404462 0)
(-0.000707044 -0.403477 0)
(-0.00104578 -0.405406 0)
(-1.28462e-05 -0.404995 0)
(-0.00074978 -0.407563 0)
(-0.00213296 -0.407757 0)
(-0.00272355 -0.409087 0)
(-0.00167894 -0.400378 0)
(0.0181798 -0.41721 0)
(0.00694384 -0.413725 0)
(-0.000854726 -0.411091 0)
(-0.00553416 -0.408558 0)
(-0.00772763 -0.407133 0)
(-0.00757913 -0.406589 0)
(-0.00520787 -0.406656 0)
(-0.00289352 -0.407783 0)
(-0.00210135 -0.408463 0)
(-0.00247599 -0.407612 0)
(-0.00257284 -0.405801 0)
(-0.00251983 -0.404905 0)
(-0.0013357 -0.404179 0)
(-0.00130954 -0.405511 0)
(-0.000499745 -0.405233 0)
(-0.00060745 -0.407208 0)
(-0.000883589 -0.407481 0)
(-0.000835337 -0.409193 0)
(-0.000772053 -0.401616 0)
(0.0196352 -0.40593 0)
(0.0100601 -0.40579 0)
(0.00362055 -0.405892 0)
(0.000307108 -0.405873 0)
(-0.000952714 -0.406525 0)
(-0.000910724 -0.407295 0)
(-0.000172758 -0.407675 0)
(-0.000102327 -0.407906 0)
(-0.000927448 -0.407611 0)
(-0.00193198 -0.406638 0)
(-0.00228177 -0.405492 0)
(-0.00211179 -0.405028 0)
(-0.00126746 -0.404705 0)
(-0.000958962 -0.405575 0)
(-0.000295553 -0.405533 0)
(-0.000147357 -0.407069 0)
(-1.82541e-05 -0.407428 0)
(-0.000205544 -0.408781 0)
(-0.000579094 -0.401744 0)
(0.0204796 -0.396297 0)
(0.0125721 -0.399189 0)
(0.00751802 -0.401897 0)
(0.00499841 -0.403992 0)
(0.00357634 -0.405752 0)
(0.00252502 -0.406756 0)
(0.00154178 -0.406983 0)
(0.000371766 -0.406886 0)
(-0.000758821 -0.406552 0)
(-0.00146809 -0.406028 0)
(-0.00158006 -0.405537 0)
(-0.00131894 -0.405345 0)
(-0.000785513 -0.405239 0)
(-0.000479603 -0.405781 0)
(-1.94739e-05 -0.405933 0)
(6.69021e-05 -0.407027 0)
(0.000151035 -0.40737 0)
(-0.000450664 -0.408212 0)
(-0.000725169 -0.402113 0)
(0.0190212 -0.389905 0)
(0.0129374 -0.395489 0)
(0.00909947 -0.400222 0)
(0.00665619 -0.403488 0)
(0.00461382 -0.405563 0)
(0.00281015 -0.406589 0)
(0.00131067 -0.406965 0)
(0.000184795 -0.407109 0)
(-0.000546046 -0.407085 0)
(-0.000878986 -0.406914 0)
(-0.000900187 -0.406698 0)
(-0.000743629 -0.406559 0)
(-0.000456085 -0.406531 0)
(-0.000236988 -0.406844 0)
(2.03066e-05 -0.407039 0)
(-3.28373e-06 -0.407696 0)
(-2.19611e-05 -0.407922 0)
(-0.000752102 -0.408443 0)
(-0.000813576 -0.403615 0)
(0.0133904 -0.386712 0)
(0.0096909 -0.39399 0)
(0.00707502 -0.399567 0)
(0.00492107 -0.403204 0)
(0.00308204 -0.405465 0)
(0.00165891 -0.406758 0)
(0.000688386 -0.407475 0)
(8.99105e-05 -0.40787 0)
(-0.000265583 -0.407994 0)
(-0.000440165 -0.407922 0)
(-0.000479212 -0.407766 0)
(-0.000411615 -0.407642 0)
(-0.000261257 -0.407625 0)
(-0.000132306 -0.407788 0)
(-1.961e-05 -0.407944 0)
(-7.27091e-05 -0.408293 0)
(-0.000124448 -0.40838 0)
(-0.000731746 -0.408698 0)
(-0.000699305 -0.405184 0)
(0.00462595 -0.380177 0)
(0.00355731 -0.388143 0)
(0.00258629 -0.394122 0)
(0.00171722 -0.398252 0)
(0.00106222 -0.401067 0)
(0.000616505 -0.402911 0)
(0.00034115 -0.404096 0)
(0.000164345 -0.404843 0)
(4.16497e-05 -0.405259 0)
(-3.29028e-05 -0.405456 0)
(-5.89034e-05 -0.405552 0)
(-4.28037e-05 -0.405647 0)
(-1.49686e-06 -0.405807 0)
(3.03417e-05 -0.406068 0)
(4.94175e-05 -0.40633 0)
(1.42381e-05 -0.406661 0)
(-2.63798e-05 -0.406748 0)
(-0.000344094 -0.406936 0)
(-0.000336885 -0.404424 0)
)
;

boundaryField
{
    leftWall
    {
        type            noSlip;
    }
    rightWall
    {
        type            noSlip;
    }
    lowerWall
    {
        type            noSlip;
    }
    atmosphere
    {
        type            pressureInletOutletVelocity;
        value           nonuniform List<vector> 
46
(
(-0.00775549 0.960122 0)
(0.00118882 1.1767 0)
(0.0335758 1.16995 0)
(0.0842736 1.17254 0)
(0.156893 1.18079 0)
(0.231419 1.14747 0)
(0.282622 1.05749 0)
(0.302496 0.925518 0)
(0.295926 0.772446 0)
(0.271806 0.614233 0)
(0.238647 0.460707 0)
(0.203016 0.317612 0)
(0.169057 0.188277 0)
(0.138704 0.0742961 0)
(0 -0.0240759 0)
(0 -0.104972 0)
(0 -0.169031 0)
(0 -0.219482 0)
(0 -0.259103 0)
(0 -0.290147 0)
(0 -0.314459 0)
(0 -0.333621 0)
(0 -0.348905 0)
(0 -0.358168 0)
(0 -0.363539 0)
(0 -0.368531 0)
(0 -0.373176 0)
(0 -0.380177 0)
(0 -0.388143 0)
(0 -0.394122 0)
(0 -0.398252 0)
(0 -0.401067 0)
(0 -0.402911 0)
(0 -0.404096 0)
(0 -0.404843 0)
(0 -0.405259 0)
(0 -0.405456 0)
(0 -0.405552 0)
(0 -0.405647 0)
(0 -0.405807 0)
(0 -0.406068 0)
(0 -0.40633 0)
(0 -0.406661 0)
(0 -0.406748 0)
(0 -0.406936 0)
(0 -0.404424 0)
)
;
    }
    defaultFaces
    {
        type            empty;
    }
}


// ************************************************************************* //
