/*--------------------------------*- C++ -*----------------------------------*\
  =========                 |
  \\      /  F ield         | OpenFOAM: The Open Source CFD Toolbox
   \\    /   O peration     | Website:  https://openfoam.org
    \\  /    A nd           | Version:  13
     \\/     M anipulation  |
\*---------------------------------------------------------------------------*/
FoamFile
{
    format      ascii;
    class       surfaceScalarField;
    location    "0.85";
    object      phi;
}
// * * * * * * * * * * * * * * * * * * * * * * * * * * * * * * * * * * * * * //

dimensions      [0 3 -1 0 0 0 0];

internalField   nonuniform List<scalar> 
4432
(
-4.78855e-06
4.78855e-06
-1.06296e-05
5.84101e-06
-1.71093e-05
6.47974e-06
-2.35192e-05
6.40991e-06
-2.73505e-05
3.8313e-06
-2.70619e-05
-2.88568e-07
-2.45297e-05
-2.53217e-06
-2.17492e-05
-2.7806e-06
-1.90986e-05
-2.65056e-06
-1.64756e-05
-2.62299e-06
-1.4194e-05
-2.28155e-06
-1.27104e-05
-1.48366e-06
-1.21196e-05
-5.90772e-07
-1.18925e-05
-2.27155e-07
-1.13005e-05
-5.91951e-07
-1.16419e-05
3.41344e-07
-1.58646e-05
4.22279e-06
-2.24516e-05
6.58699e-06
-2.53365e-05
2.88486e-06
-2.15395e-05
-3.797e-06
-1.42784e-05
-7.26106e-06
-6.38752e-06
-7.89089e-06
-6.38752e-06
-9.14834e-06
1.39369e-05
-1.77629e-05
1.44556e-05
-2.4992e-05
1.37088e-05
-2.95882e-05
1.10061e-05
-3.04105e-05
4.6536e-06
-2.84477e-05
-2.25135e-06
-2.5337e-05
-5.64285e-06
-2.22602e-05
-5.85738e-06
-1.93826e-05
-5.5282e-06
-1.64602e-05
-5.54541e-06
-1.3657e-05
-5.08473e-06
-1.15033e-05
-3.63735e-06
-1.05407e-05
-1.55334e-06
-1.11848e-05
4.16918e-07
-1.36597e-05
1.88296e-06
-1.74518e-05
4.13343e-06
-2.10056e-05
7.77659e-06
-2.18075e-05
7.38889e-06
-1.81524e-05
-7.70287e-07
-1.26902e-05
-9.25914e-06
-7.86846e-06
-1.20828e-05
-3.36986e-06
-1.23895e-05
-9.75738e-06
-9.71459e-06
2.36515e-05
-1.80859e-05
2.2827e-05
-2.4833e-05
2.04559e-05
-2.9439e-05
1.5612e-05
-3.10425e-05
6.25714e-06
-2.9573e-05
-3.72086e-06
-2.65826e-05
-8.63321e-06
-2.34267e-05
-9.01333e-06
-2.02672e-05
-8.6877e-06
-1.69182e-05
-8.89432e-06
-1.35623e-05
-8.44067e-06
-1.06568e-05
-6.54284e-06
-8.60361e-06
-3.60655e-06
-7.75843e-06
-4.2828e-07
-8.634e-06
2.75854e-06
-1.07667e-05
6.26611e-06
-1.17458e-05
8.75567e-06
-9.82205e-06
5.46516e-06
-5.99144e-06
-4.6009e-06
-2.30206e-06
-1.29485e-05
-4.85054e-07
-1.38998e-05
3.03705e-07
-1.31783e-05
-9.45368e-06
-8.88347e-06
3.25349e-05
-1.66047e-05
3.05481e-05
-2.31748e-05
2.70261e-05
-2.80737e-05
2.05109e-05
-3.01332e-05
8.31663e-06
-2.93598e-05
-4.49425e-06
-2.72896e-05
-1.07034e-05
-2.48026e-05
-1.15003e-05
-2.16831e-05
-1.18072e-05
-1.80053e-05
-1.25721e-05
-1.42907e-05
-1.21554e-05
-1.11428e-05
-9.69074e-06
-8.84027e-06
-5.90902e-06
-7.21801e-06
-2.05055e-06
-5.96729e-06
1.50782e-06
-4.69441e-06
4.99323e-06
-2.65906e-06
6.72031e-06
-1.52332e-07
2.95844e-06
1.88105e-06
-6.63428e-06
3.05767e-06
-1.41251e-05
3.0792e-06
-1.39213e-05
2.03864e-06
-1.21377e-05
-7.41504e-06
-7.6421e-06
4.0177e-05
-1.45663e-05
3.74723e-05
-2.04876e-05
3.29475e-05
-2.48279e-05
2.48511e-05
-2.68468e-05
1.03356e-05
-2.71673e-05
-4.17384e-06
-2.69806e-05
-1.089e-05
-2.59923e-05
-1.24886e-05
-2.33127e-05
-1.44868e-05
-1.9232e-05
-1.66527e-05
-1.48729e-05
-1.65146e-05
-1.13293e-05
-1.32343e-05
-8.99947e-06
-8.23886e-06
-7.49943e-06
-3.55061e-06
-6.05463e-06
6.30372e-08
-3.91738e-06
2.85599e-06
-1.00123e-06
3.80416e-06
1.45501e-06
5.02195e-07
2.40563e-06
-7.58489e-06
3.05753e-06
-1.4777e-05
3.11929e-06
-1.39831e-05
2.17071e-06
-1.11891e-05
-5.24433e-06
-6.10759e-06
4.62846e-05
-1.19149e-05
4.32797e-05
-1.66619e-05
3.76944e-05
-2.00033e-05
2.81925e-05
-2.19884e-05
1.23207e-05
-2.37496e-05
-2.41265e-06
-2.6089e-05
-8.55061e-06
-2.70765e-05
-1.15012e-05
-2.49016e-05
-1.66617e-05
-2.00351e-05
-2.15192e-05
-1.44973e-05
-2.20524e-05
-1.02905e-05
-1.74411e-05
-8.01465e-06
-1.05147e-05
-6.95002e-06
-4.61524e-06
-6.02941e-06
-8.57576e-07
-4.62977e-06
1.45635e-06
-2.70925e-06
1.88364e-06
-9.58692e-07
-1.24836e-06
4.10758e-07
-8.95434e-06
2.14697e-06
-1.65133e-05
3.27063e-06
-1.51067e-05
2.52305e-06
-1.04416e-05
-2.72128e-06
-4.36202e-06
5.06467e-05
-9.14162e-06
4.80593e-05
-1.2683e-05
4.12358e-05
-1.47262e-05
3.02358e-05
-1.646e-05
1.40544e-05
-2.01696e-05
1.29696e-06
-2.55901e-05
-3.13009e-06
-2.81836e-05
-8.90766e-06
-2.55544e-05
-1.92909e-05
-1.89701e-05
-2.81036e-05
-1.17612e-05
-2.92613e-05
-6.79712e-06
-2.24052e-05
-4.75974e-06
-1.2552e-05
-4.55278e-06
-4.82222e-06
-4.51038e-06
-9.00003e-07
-3.91513e-06
8.61099e-07
-3.00059e-06
9.69115e-07
-1.89209e-06
-2.35685e-06
3.69839e-07
-1.12163e-05
3.50465e-06
-1.96481e-05
5.439e-06
-1.70411e-05
3.9601e-06
-8.96266e-06
1.23882e-06
-2.37279e-06
5.30194e-05
-5.38742e-06
5.10739e-05
-6.59996e-06
4.24483e-05
-6.43298e-06
3.00688e-05
-8.97656e-06
1.6598e-05
-1.72945e-05
9.61491e-06
-2.60095e-05
5.58496e-06
-2.91162e-05
-5.80099e-06
-2.53852e-05
-2.3022e-05
-1.77122e-05
-3.57766e-05
-9.80082e-06
-3.71726e-05
-4.26523e-06
-2.79408e-05
-1.78372e-06
-1.50335e-05
-1.54679e-06
-5.05916e-06
-1.96093e-06
-4.85869e-07
-2.0476e-06
9.47775e-07
-1.98705e-06
9.0857e-07
-9.25952e-07
-3.41795e-06
2.01976e-06
-1.4162e-05
6.75867e-06
-2.4387e-05
9.16242e-06
-1.94448e-05
5.61571e-06
-5.41594e-06
6.85453e-06
-1.30924e-05
1.30924e-05
-3.69433e-05
2.38508e-05
-4.62097e-05
9.26642e-06
-3.30143e-05
-1.31954e-05
-8.50971e-06
-2.45046e-05
4.99598e-06
-1.35057e-05
-4.36323e-06
9.3592e-06
-2.81826e-05
2.38194e-05
-2.91241e-05
9.41498e-07
-7.72099e-06
-2.14031e-05
3.6118e-06
-1.13328e-05
7.11598e-06
-3.50418e-06
1.18102e-05
-4.69421e-06
2.1953e-05
-1.01428e-05
2.94482e-05
-7.49513e-06
2.23835e-05
7.06468e-06
1.65799e-06
2.07255e-05
-7.32231e-06
8.9803e-06
-7.32231e-06
-2.56382e-05
3.87306e-05
-4.34062e-05
4.16188e-05
-4.18828e-05
7.74302e-06
-2.78404e-05
-2.72378e-05
-1.26131e-05
-3.97319e-05
-1.95098e-05
-6.60904e-06
-4.05316e-05
3.0381e-05
-4.15745e-05
2.48622e-05
-2.42079e-05
-1.6425e-05
-1.32643e-05
-3.23468e-05
-9.2967e-06
-1.53003e-05
-4.56772e-06
-8.23316e-06
2.89949e-06
-1.21614e-05
1.62375e-05
-2.34809e-05
3.11432e-05
-2.24008e-05
3.74339e-05
7.73958e-07
2.53155e-05
3.28439e-05
6.14303e-06
2.81527e-05
-1.17929e-06
-2.31007e-05
6.18313e-05
-3.37383e-05
5.22564e-05
-3.31555e-05
7.16023e-06
-2.58064e-05
-3.45869e-05
-2.30404e-05
-4.24979e-05
-3.95959e-05
9.94653e-06
-5.15182e-05
4.23033e-05
-4.23315e-05
1.56755e-05
-3.91686e-05
-1.95879e-05
-4.30185e-05
-2.84969e-05
-3.7619e-05
-2.06998e-05
-3.32533e-05
-1.25989e-05
-2.6832e-05
-1.85827e-05
-1.23725e-05
-3.79403e-05
7.97839e-06
-4.27517e-05
2.42408e-05
-1.54884e-05
2.74533e-05
2.96314e-05
1.43325e-05
4.12735e-05
1.31533e-05
-1.61977e-05
7.8029e-05
-2.33702e-05
5.9429e-05
-2.47155e-05
8.50551e-06
-2.15551e-05
-3.77473e-05
-2.80784e-05
-3.59747e-05
-4.51782e-05
2.70464e-05
-5.20356e-05
4.91607e-05
-5.37e-05
1.73399e-05
-6.83868e-05
-4.90111e-06
-8.09857e-05
-1.5898e-05
-8.43571e-05
-1.73284e-05
-8.31752e-05
-1.37808e-05
-7.74945e-05
-2.42634e-05
-5.89487e-05
-5.64862e-05
-2.63318e-05
-7.53686e-05
3.90884e-06
-4.57291e-05
1.7788e-05
1.57523e-05
1.11674e-05
4.7894e-05
2.43207e-05
-8.9634e-06
8.69924e-05
-1.30245e-05
6.34901e-05
-1.35301e-05
9.01112e-06
-1.42293e-05
-3.70481e-05
-2.82e-05
-2.2004e-05
-4.53981e-05
4.42445e-05
-5.48779e-05
5.86406e-05
-7.19345e-05
3.43966e-05
-9.97086e-05
2.2873e-05
-0.000127258
1.16515e-05
-0.000147507
2.92071e-06
-0.000151055
-1.02328e-05
-0.000133248
-4.20711e-05
-0.000102729
-8.70044e-05
-6.66893e-05
-0.000111409
-2.61659e-05
-8.62525e-05
2.86702e-06
-1.32807e-05
3.52945e-06
4.72316e-05
2.78501e-05
-1.89175e-06
8.88841e-05
-2.07879e-06
6.36771e-05
-7.09842e-07
7.64217e-06
-6.71159e-06
-3.10463e-05
-2.72564e-05
-1.45928e-06
-4.55623e-05
6.25504e-05
-6.06064e-05
7.36848e-05
-8.93417e-05
6.31319e-05
-0.000116176
4.97075e-05
-0.000137406
3.28812e-05
-0.000152873
1.83878e-05
-0.000153511
-9.59488e-06
-0.000131949
-6.36328e-05
-0.000104447
-0.000114506
-8.29393e-05
-0.000132916
-5.39076e-05
-0.000115284
-1.8041e-05
-4.91473e-05
-1.04075e-06
3.02313e-05
2.68094e-05
6.60971e-06
8.22744e-05
9.89883e-06
6.0388e-05
1.04796e-05
7.06141e-06
-1.97229e-06
-1.85944e-05
-2.74611e-05
2.40295e-05
-4.71433e-05
8.22326e-05
-6.80503e-05
9.45918e-05
-9.90022e-05
9.40838e-05
-0.000116791
6.74964e-05
-0.00012295
3.90405e-05
-0.00012474
2.01772e-05
-0.000115401
-1.89333e-05
-9.69445e-05
-8.20898e-05
-8.52512e-05
-0.0001262
-7.72993e-05
-0.000140868
-6.32e-05
-0.000129383
-2.93706e-05
-8.29767e-05
-8.5374e-07
1.71447e-06
2.59557e-05
1.2358e-05
6.99164e-05
1.95719e-05
5.31741e-05
2.09222e-05
5.7111e-06
2.08757e-06
2.40163e-07
-2.81884e-05
5.43055e-05
-5.24014e-05
0.000106446
-8.01817e-05
0.000122372
-0.000105047
0.000118949
-0.000108681
7.11303e-05
-0.000101294
3.16539e-05
-9.32634e-05
1.21463e-05
-8.43106e-05
-2.78861e-05
-7.51544e-05
-9.12459e-05
-7.22123e-05
-0.000129142
-7.01221e-05
-0.000142958
-6.32515e-05
-0.000136254
-4.48646e-05
-0.000101364
-9.63228e-06
-3.35179e-05
1.63234e-05
4.11923e-06
4.89002e-05
4.23136e-07
5.477e-05
-4.8851e-06
4.77565e-05
-1.60816e-05
4.12653e-05
-3.55768e-05
3.60932e-05
-5.70477e-05
3.10858e-05
-7.0107e-05
1.86443e-05
-7.62393e-05
3.3138e-07
-7.28846e-05
-2.63767e-05
-6.22983e-05
-4.63628e-05
-4.73459e-05
-5.21251e-05
-3.24509e-05
-4.28358e-05
-2.02897e-05
-2.71948e-05
-1.27129e-05
-1.26359e-05
-9.25821e-06
-3.94055e-06
-7.85175e-06
-4.58675e-07
-8.1802e-06
1.23702e-06
-1.08287e-05
-7.69499e-07
-7.98999e-06
-1.70006e-05
1.12119e-05
-4.35889e-05
2.93815e-05
-3.76144e-05
1.99327e-05
4.03287e-06
1.59588e-05
1.08284e-05
-9.79938e-06
5.86996e-05
-2.88148e-05
7.37854e-05
-4.84783e-05
6.742e-05
-6.18448e-05
5.46319e-05
-7.31069e-05
4.73554e-05
-8.95046e-05
4.74834e-05
-0.000110968
4.01079e-05
-0.000132038
2.14009e-05
-0.000144323
-1.40916e-05
-0.00014592
-4.47658e-05
-0.00013301
-6.50346e-05
-0.000111225
-6.46209e-05
-8.52106e-05
-5.32096e-05
-6.445e-05
-3.33965e-05
-5.12364e-05
-1.71541e-05
-5.54751e-05
3.78004e-06
-8.04405e-05
2.62024e-05
-0.000107646
2.64356e-05
-9.40552e-05
-3.05909e-05
-3.51215e-05
-0.000102523
2.49708e-05
-9.77067e-05
3.70821e-05
-8.07849e-06
3.01853e-05
2.28556e-05
-6.95222e-05
0.000128222
-0.000117098
0.000121361
-0.000151723
0.000102046
-0.000183764
8.66723e-05
-0.000207322
7.09139e-05
-0.000226286
6.64469e-05
-0.000252746
6.65677e-05
-0.000290056
5.87116e-05
-0.000316091
1.19427e-05
-0.000297971
-6.28853e-05
-0.000265866
-9.71393e-05
-0.000277773
-5.27146e-05
-0.000319207
-1.17751e-05
-0.000360598
7.99467e-06
-0.000367737
-1.00157e-05
-0.000339208
-2.47482e-05
-0.00030533
-7.67591e-06
-0.000272638
-6.25695e-06
-0.000200615
-0.000102614
-0.000110588
-0.00019255
-2.45913e-05
-0.000183703
1.14333e-05
-4.41031e-05
8.87592e-05
-4.71406e-05
-0.000186024
0.000314246
-0.000285853
0.00022119
-0.000321408
0.0001376
-0.000330305
9.55702e-05
-0.000337854
7.84627e-05
-0.0003504
7.89922e-05
-0.000394794
0.000110962
-0.000445456
0.000109374
-0.000422877
-1.06368e-05
-0.000368961
-0.0001168
-0.000333337
-0.000132764
-0.000296147
-8.99046e-05
-0.000266775
-4.11472e-05
-0.000256196
-2.58411e-06
-0.000256719
-9.49221e-06
-0.000258645
-2.28224e-05
-0.000236662
-2.96591e-05
-0.000195102
-4.78167e-05
-0.000137744
-0.000159972
-0.00013297
-0.000197323
-0.000122138
-0.000194536
-9.66832e-05
-6.95578e-05
0.000171233
-0.000179157
-0.000241636
0.000555883
-0.000330684
0.000310237
-0.000384046
0.000190962
-0.000397313
0.000108838
-0.000404861
8.60104e-05
-0.000435997
0.000110128
-0.000462044
0.000137009
-0.000426528
7.38577e-05
-0.00039332
-4.38446e-05
-0.000367461
-0.00014266
-0.000344449
-0.000155775
-0.000304435
-0.000129919
-0.000246136
-9.94465e-05
-0.000178452
-7.02674e-05
-0.000129468
-5.84759e-05
-0.000105438
-4.6853e-05
-8.78709e-05
-4.72259e-05
-8.28263e-05
-5.28613e-05
-0.000102617
-0.000140181
-0.000130699
-0.000169241
-0.00015006
-0.000175175
-0.000124156
-9.54615e-05
0.000197809
-0.000150733
-0.000200149
0.000756031
-0.000290252
0.000400341
-0.000339542
0.000240252
-0.000387011
0.000156306
-0.000420737
0.000119736
-0.000430469
0.000119859
-0.000404309
0.00011085
-0.000374631
4.41802e-05
-0.00035997
-5.85053e-05
-0.000364095
-0.000138536
-0.000350477
-0.000169393
-0.000323101
-0.000157295
-0.000281857
-0.000140691
-0.00023175
-0.000120375
-0.000186941
-0.000103285
-0.000144078
-8.97155e-05
-0.000112012
-7.92925e-05
-9.36661e-05
-7.12068e-05
-0.000115836
-0.000118011
-0.000138871
-0.000146205
-0.000159746
-0.0001543
-0.000153166
-0.000102041
0.000128764
-8.41208e-05
-0.000133177
0.000889209
-0.000183741
0.000450905
-0.000266595
0.000323107
-0.00032805
0.000217761
-0.000362095
0.000153781
-0.000362415
0.000120179
-0.000335722
8.41578e-05
-0.000318497
2.69551e-05
-0.000329742
-4.72608e-05
-0.000350372
-0.000117905
-0.000362775
-0.000156991
-0.000352533
-0.000167537
-0.000318848
-0.000174376
-0.000279759
-0.000159463
-0.000239507
-0.000143537
-0.000202618
-0.000126605
-0.000182085
-9.98255e-05
-0.000178521
-7.47703e-05
-0.00019491
-0.000101623
-0.000190977
-0.000150139
-0.000196299
-0.000148978
-0.000199241
-9.90998e-05
4.40395e-05
-0.000114516
-0.000113163
0.00100237
-0.000157514
0.000495255
-0.000209352
0.000374944
-0.000251547
0.000259956
-0.000264956
0.00016719
-0.000260439
0.000115661
-0.000251125
7.48443e-05
-0.000254296
3.01255e-05
-0.00028081
-2.07466e-05
-0.00032466
-7.40555e-05
-0.000365907
-0.000115744
-0.000381951
-0.000151492
-0.00037895
-0.000177377
-0.000355597
-0.000182816
-0.00032026
-0.000178873
-0.000296854
-0.00015001
-0.000310338
-8.63422e-05
-0.000346883
-3.82255e-05
-0.000323182
-0.000125324
-0.000268607
-0.000204713
-0.000237889
-0.000179696
-0.000231276
-0.000105713
-2.63401e-05
-0.000160896
-7.81183e-05
0.00108049
-0.00018472
0.000601857
-0.000200567
0.000390791
-0.000201334
0.000260723
-0.000183638
0.000149494
-0.000158008
9.00314e-05
-0.000138803
5.56393e-05
-0.00013947
3.0793e-05
-0.000167205
6.98762e-06
-0.00021972
-2.15397e-05
-0.000282661
-5.28031e-05
-0.000344366
-8.9788e-05
-0.000400222
-0.000121521
-0.000444394
-0.000138645
-0.000481697
-0.00014157
-0.000509248
-0.000122459
-0.000502836
-9.2754e-05
-0.000431284
-0.000109778
-0.000364428
-0.00019218
-0.000320735
-0.000248406
-0.00028533
-0.000215101
-0.000251107
-0.000139937
-6.28374e-05
-0.000214609
-1.26939e-05
0.00109318
-0.000180219
0.000769382
-0.000205732
0.000416304
-0.000190692
0.000245683
-0.000161621
0.000120423
-0.000123456
5.18667e-05
-8.57989e-05
1.79819e-05
-6.09154e-05
5.90964e-06
-5.81984e-05
4.27074e-06
-8.28843e-05
3.14628e-06
-0.000132104
-3.58413e-06
-0.000198537
-2.33547e-05
-0.000270058
-4.99995e-05
-0.000336226
-7.24775e-05
-0.000392114
-8.5682e-05
-0.000424789
-8.97848e-05
-0.000424267
-9.32757e-05
-0.000407914
-0.000126131
-0.000403543
-0.000196551
-0.000390921
-0.000261028
-0.000341756
-0.000264265
-0.000290162
-0.000191532
-0.000114358
-0.000238641
8.76805e-05
0.0010055
-7.72908e-05
0.000934353
-0.000176591
0.000515604
-0.000178697
0.000247789
-0.000152703
9.44289e-05
-0.000117923
1.70871e-05
-7.97649e-05
-2.01766e-05
-4.16294e-05
-3.22255e-05
-1.43747e-05
-2.29839e-05
-5.8822e-06
-5.34637e-06
-1.8801e-05
9.33448e-06
-5.57078e-05
1.3552e-05
-0.000113181
7.47336e-06
-0.00017691
-8.74804e-06
-0.0002319
-3.06925e-05
-0.000273648
-4.80362e-05
-0.000299449
-6.74748e-05
-0.000318341
-0.000107239
-0.000347102
-0.00016779
-0.000386509
-0.000221621
-0.000405753
-0.000245022
-0.000367972
-0.000229312
-0.000182219
-0.000300112
0.000176034
0.00082947
0.000107128
0.00100326
-4.45109e-05
0.000667243
-0.000107162
0.00031044
-0.000107476
9.47437e-05
-8.72942e-05
-3.09518e-06
-5.91094e-05
-4.83614e-05
-2.73194e-05
-6.40156e-05
4.03454e-06
-5.43379e-05
2.74775e-05
-2.87895e-05
3.76191e-05
-8.07114e-07
3.12597e-05
1.99114e-05
7.70149e-06
3.10314e-05
-3.15626e-05
3.05159e-05
-7.68454e-05
1.45904e-05
-0.000116428
-8.4539e-06
-0.000148784
-3.51186e-05
-0.000179833
-7.61903e-05
-0.000214123
-0.000133499
-0.000255357
-0.000180387
-0.000295245
-0.000205133
-0.000314306
-0.000210252
-0.000205161
-0.000291363
0.000229927
0.000599543
0.000265919
0.000967268
0.000151688
0.000781474
4.09365e-05
0.000421192
-9.56229e-06
0.000145243
-1.9305e-05
6.64768e-06
-1.12524e-05
-5.6414e-05
6.47971e-06
-8.17477e-05
2.79784e-05
-7.58368e-05
4.82859e-05
-4.90971e-05
6.47181e-05
-1.72392e-05
7.44103e-05
1.02191e-05
7.51411e-05
3.03004e-05
6.41088e-05
4.15482e-05
3.9005e-05
3.96942e-05
1.07577e-05
1.97935e-05
-1.17703e-05
-1.25906e-05
-3.61542e-05
-5.18065e-05
-7.7366e-05
-9.22874e-05
-0.000122742
-0.000135011
-0.000162581
-0.000165295
-0.000192591
-0.000180242
-0.000188745
-0.000209006
0.000223371
0.000376171
0.000344382
0.000846258
0.000320486
0.000805369
0.000222298
0.000519379
0.000133524
0.000234017
8.26247e-05
5.75472e-05
6.17267e-05
-3.55161e-05
5.95281e-05
-7.95492e-05
6.57872e-05
-8.20959e-05
7.43473e-05
-5.76571e-05
8.39633e-05
-2.68551e-05
9.47903e-05
-6.07944e-07
0.000104825
2.02661e-05
0.000111074
3.52988e-05
0.000108286
4.24821e-05
9.18789e-05
3.62007e-05
6.63676e-05
1.29208e-05
4.04368e-05
-2.58757e-05
1.41339e-05
-6.59843e-05
-2.0809e-05
-0.000100068
-5.87128e-05
-0.000127391
-8.78229e-05
-0.000151131
-0.000167112
-0.000109455
0.000171041
0.00020513
0.000337833
0.000679465
0.000388042
0.000755161
0.000342203
0.000565219
0.000259266
0.000316955
0.000189826
0.000126987
0.000147074
7.23591e-06
0.000123879
-5.63543e-05
0.000111982
-7.01991e-05
0.000106062
-5.17368e-05
0.000104676
-2.54689e-05
0.000108153
-4.08497e-06
0.000116209
1.22105e-05
0.00012674
2.47674e-05
0.000136013
3.32095e-05
0.000137212
3.50018e-05
0.000124096
2.60372e-05
9.59167e-05
2.30332e-06
6.52881e-05
-3.53557e-05
3.7447e-05
-7.22272e-05
1.19662e-05
-0.00010191
-1.38703e-05
-0.000125295
-0.000148804
-3.2179e-05
0.000104877
0.000100252
0.000269366
0.000514977
0.000366991
0.000657535
0.00037465
0.00055756
0.000326217
0.000365388
0.000267155
0.000186049
0.000219313
5.50781e-05
0.000182624
-1.96656e-05
0.000155527
-4.31015e-05
0.000136641
-3.28515e-05
0.000125255
-1.40825e-05
0.000120641
5.28873e-07
0.000122416
1.04358e-05
0.000129519
1.76637e-05
0.000140097
2.26319e-05
0.000150221
2.48786e-05
0.000153359
2.28989e-05
0.0001432
1.24626e-05
0.000117341
-9.49668e-06
8.78473e-05
-4.27335e-05
6.23835e-05
-7.64459e-05
4.19646e-05
-0.000104876
-0.000133177
2.63384e-05
4.4735e-05
5.55176e-05
0.000176614
0.000383098
0.000290704
0.000543446
0.000339541
0.000508723
0.000332931
0.000371998
0.000300241
0.00021874
0.0002605
9.48187e-05
0.000220757
2.00774e-05
0.000185067
-7.41188e-06
0.000158481
-6.26511e-06
0.000141351
3.04763e-06
0.00013171
1.01694e-05
0.000128225
1.39215e-05
0.000130144
1.57444e-05
0.000136633
1.61429e-05
0.00014633
1.51815e-05
0.000156408
1.28209e-05
0.000161635
7.23573e-06
0.000156308
-4.16916e-06
0.000139813
-2.62382e-05
0.000116914
-5.35478e-05
9.57489e-05
-8.37108e-05
-0.000114117
7.66883e-05
-1.43104e-06
5.69489e-05
9.21907e-05
0.000289476
0.000199986
0.00043565
0.000271891
0.000436818
0.000298948
0.000344941
0.000293098
0.00022459
0.000266689
0.000121227
0.000230378
5.63888e-05
0.00019494
2.80257e-05
0.000167771
2.0904e-05
0.000149897
2.09221e-05
0.000138974
2.10922e-05
0.000133084
1.98107e-05
0.000131414
1.74148e-05
0.000133425
1.41319e-05
0.000138618
9.98819e-06
0.000146393
5.04613e-06
0.000154601
-9.71354e-07
0.000160324
-9.89261e-06
0.00015809
-2.40042e-05
0.000148858
-4.43158e-05
0.000134515
-6.93679e-05
-9.39857e-05
0.000114384
-2.74058e-05
8.43546e-05
3.04633e-05
0.000231607
0.000121572
0.000344541
0.000200058
0.000358332
0.000245969
0.00029903
0.000258113
0.000212446
0.000244059
0.000135282
0.000216474
8.39742e-05
0.000188049
5.64503e-05
0.000165847
4.31056e-05
0.00015079
3.598e-05
0.000141063
3.0819e-05
0.000135019
2.58548e-05
0.000131847
2.05862e-05
0.000131071
1.49087e-05
0.000132299
8.75933e-06
0.000135315
2.03097e-06
0.000139875
-5.53191e-06
0.000144563
-1.45801e-05
0.000146876
-2.63178e-05
0.000144236
-4.1676e-05
0.000134937
-6.00688e-05
-7.79614e-05
0.000118913
-3.13272e-05
0.000115682
-9.38601e-07
0.000201219
6.86619e-05
0.000274941
0.000140678
0.000286316
0.000190412
0.000249297
0.000210475
0.000192382
0.000206385
0.000139372
0.000189951
0.000100408
0.000171622
7.47787e-05
0.000156553
5.81749e-05
0.000145649
4.68837e-05
0.000138102
3.83666e-05
0.000132956
3.10004e-05
0.000129588
2.39543e-05
0.000127591
1.6906e-05
0.000126634
9.71617e-06
0.000126439
2.22565e-06
0.000127006
-6.09867e-06
0.000127721
-1.52952e-05
0.000127346
-2.59422e-05
0.000123942
-3.82724e-05
0.000115864
-5.19908e-05
-6.49522e-05
0.000102855
-2.06608e-05
0.000136343
-7.88622e-06
0.000188444
4.22447e-05
0.00022481
9.99637e-05
0.000228597
0.000143206
0.000206054
0.000164456
0.000171132
0.000167755
0.000136073
0.000161472
0.000106692
0.000152322
8.39284e-05
0.00014368
6.68171e-05
0.000136645
5.39182e-05
0.000131277
4.37348e-05
0.000127258
3.50202e-05
0.000124226
2.69863e-05
0.000121895
1.92362e-05
0.00012005
1.15619e-05
0.000118498
3.77768e-06
0.000116891
-4.4919e-06
0.000115013
-1.34174e-05
0.000112098
-2.30271e-05
0.000107219
-3.33939e-05
9.92618e-05
-4.40332e-05
-5.35676e-05
8.78773e-05
-6.27559e-06
0.000142618
9.47047e-07
0.000181222
3.49907e-05
0.000190766
7.63816e-05
0.000187206
0.000109414
0.000173022
0.00012865
0.000151896
0.000136244
0.000128479
0.000136747
0.000106189
0.000133855
8.68209e-05
0.00012979
7.08817e-05
0.000125729
5.79791e-05
0.00012217
4.72941e-05
0.00011918
3.801e-05
0.000116634
2.95321e-05
0.000114379
2.14913e-05
0.000112286
1.36552e-05
0.000110214
5.849e-06
0.000107982
-2.25976e-06
0.000105094
-1.05287e-05
0.000101228
-1.91616e-05
9.58247e-05
-2.79906e-05
8.84372e-05
-3.66458e-05
-4.42611e-05
7.91305e-05
3.45827e-06
0.00013916
1.21369e-05
0.000172543
3.57616e-05
0.000167142
6.39699e-05
0.000158998
8.77963e-05
0.000149196
0.000103902
0.00013579
0.000112923
0.000119459
0.000116812
0.0001023
0.000117443
8.61895e-05
0.000116278
7.20469e-05
0.000114332
5.99244e-05
0.000112191
4.94356e-05
0.00011009
4.01107e-05
0.000108065
3.15568e-05
0.000106072
2.3484e-05
0.000104045
1.56823e-05
0.000101898
7.99666e-06
9.93531e-05
2.84923e-07
9.63359e-05
-7.5114e-06
9.24558e-05
-1.52815e-05
8.73972e-05
-2.2932e-05
8.10026e-05
-3.02513e-05
-3.66482e-05
7.33896e-05
7.13927e-06
0.000132021
1.8712e-05
0.000160971
3.67079e-05
0.000149146
5.64472e-05
0.000139259
7.37234e-05
0.00013192
8.67936e-05
0.00012272
9.55898e-05
0.000110662
0.000100756
9.71336e-05
0.000103185
8.37605e-05
0.000103787
7.14454e-05
0.000103313
6.03979e-05
0.000102272
5.04771e-05
0.000100939
4.14434e-05
9.94318e-05
3.30643e-05
9.77733e-05
2.51425e-05
9.59344e-05
1.75212e-05
9.38454e-05
1.00858e-05
9.13705e-05
2.75996e-06
8.83863e-05
-4.52722e-06
8.47127e-05
-1.16079e-05
8.02144e-05
-1.84338e-05
7.48085e-05
-2.48454e-05
-3.04901e-05
6.86503e-05
7.6878e-06
0.000124333
2.04118e-05
0.000148247
3.54006e-05
0.000134157
5.02341e-05
0.000124426
6.33518e-05
0.000118802
7.405e-05
0.000112022
8.20895e-05
0.000102623
8.7566e-05
9.16571e-05
9.08659e-05
8.04606e-05
9.25253e-05
6.97861e-05
9.30576e-05
5.98656e-05
9.28547e-05
5.06801e-05
9.21691e-05
4.2129e-05
9.11398e-05
3.40936e-05
8.98237e-05
2.64587e-05
8.82206e-05
1.91245e-05
8.62897e-05
1.20168e-05
8.39561e-05
5.0936e-06
8.11353e-05
-1.70639e-06
7.77746e-05
-8.24722e-06
7.37798e-05
-1.4439e-05
6.91534e-05
-2.02192e-05
-2.53427e-05
6.40059e-05
7.39289e-06
0.00011694
1.97078e-05
0.000135932
3.25801e-05
0.000121285
4.44319e-05
0.000112574
5.49311e-05
0.000108302
6.3919e-05
0.000103034
7.1159e-05
9.53831e-05
7.65431e-05
8.6273e-05
8.02112e-05
7.67925e-05
8.24712e-05
6.75261e-05
8.36626e-05
5.86743e-05
8.40704e-05
5.02722e-05
8.39002e-05
4.22993e-05
8.32817e-05
3.47121e-05
8.22839e-05
2.74567e-05
8.09286e-05
2.04799e-05
7.92055e-05
1.374e-05
7.70851e-05
7.21406e-06
7.44901e-05
8.88557e-07
7.14509e-05
-5.20802e-06
6.7937e-05
-1.09252e-05
6.39506e-05
-1.6233e-05
-2.09861e-05
5.95939e-05
6.96374e-06
0.000109977
1.82297e-05
0.000124666
2.93136e-05
0.000110201
3.91268e-05
0.000102761
4.7864e-05
9.95652e-05
5.55916e-05
9.53067e-05
6.2097e-05
8.88777e-05
6.72091e-05
8.11609e-05
7.09563e-05
7.30452e-05
7.35154e-05
6.49671e-05
7.51076e-05
5.70821e-05
7.59336e-05
4.94462e-05
7.61498e-05
4.20831e-05
7.58661e-05
3.49957e-05
7.51518e-05
2.81711e-05
7.40424e-05
2.15895e-05
7.25491e-05
1.52334e-05
7.06668e-05
9.09637e-06
6.83718e-05
3.18353e-06
6.56718e-05
-2.50815e-06
6.25946e-05
-7.84822e-06
5.91515e-05
-1.279e-05
-1.72613e-05
5.54266e-05
6.48465e-06
0.000103492
1.65703e-05
0.00011458
2.61153e-05
0.000100656
3.44092e-05
9.44665e-05
4.18639e-05
9.21106e-05
4.86102e-05
8.85605e-05
5.44529e-05
8.30349e-05
5.92131e-05
7.64005e-05
6.28735e-05
6.93848e-05
6.55363e-05
6.23043e-05
6.73451e-05
5.52734e-05
6.84378e-05
4.83536e-05
6.89298e-05
4.15911e-05
6.89103e-05
3.50153e-05
6.84428e-05
2.86388e-05
6.75685e-05
2.24638e-05
6.63112e-05
1.64908e-05
6.46828e-05
1.07248e-05
6.26873e-05
5.17898e-06
6.0318e-05
-1.3902e-07
5.76434e-05
-5.17379e-06
5.46755e-05
-9.82219e-06
-1.40627e-05
5.14769e-05
5.97545e-06
9.75163e-05
1.49159e-05
0.000105639
2.315e-05
9.24224e-05
3.02558e-05
8.73604e-05
3.67188e-05
8.56477e-05
4.26654e-05
8.26138e-05
4.79122e-05
7.7788e-05
5.22935e-05
7.20192e-05
5.57769e-05
6.59015e-05
5.84221e-05
5.96591e-05
6.03219e-05
5.33736e-05
6.157e-05
4.71054e-05
6.22505e-05
4.09108e-05
6.24333e-05
3.48325e-05
6.21741e-05
2.88981e-05
6.15139e-05
2.31241e-05
6.04821e-05
1.75226e-05
5.90997e-05
1.21071e-05
5.73839e-05
6.89472e-06
5.53384e-05
1.90638e-06
5.302e-05
-2.85542e-06
5.04563e-05
-7.2585e-06
-1.13074e-05
4.7701e-05
5.47152e-06
9.20447e-05
1.33496e-05
9.77612e-05
2.04668e-05
8.53052e-05
2.66108e-05
8.12163e-05
3.22703e-05
7.99883e-05
3.75424e-05
7.73416e-05
4.22527e-05
7.30777e-05
4.62555e-05
6.80165e-05
4.95164e-05
6.26407e-05
5.2071e-05
5.71045e-05
5.39789e-05
5.14657e-05
5.53031e-05
4.57811e-05
5.6104e-05
4.01099e-05
5.64358e-05
3.45007e-05
5.63453e-05
2.89886e-05
5.58706e-05
2.35987e-05
5.50425e-05
1.83507e-05
5.38861e-05
1.32635e-05
5.24233e-05
8.35744e-06
5.06715e-05
3.65819e-06
4.86716e-05
-8.55531e-07
4.64648e-05
-5.05167e-06
-8.93648e-06
4.40939e-05
5.00104e-06
8.70436e-05
1.1912e-05
9.08502e-05
1.80734e-05
7.91435e-05
2.34171e-05
7.58727e-05
2.84018e-05
7.50035e-05
3.30898e-05
7.26535e-05
3.73149e-05
6.88526e-05
4.0952e-05
6.43795e-05
4.39706e-05
5.96222e-05
4.63917e-05
5.46834e-05
4.82532e-05
4.96041e-05
4.95969e-05
4.44373e-05
5.04656e-05
3.92411e-05
5.0901e-05
3.40651e-05
5.09419e-05
2.89476e-05
5.06223e-05
2.39181e-05
4.99724e-05
1.90006e-05
4.9019e-05
1.42169e-05
4.77883e-05
9.58812e-06
4.63096e-05
5.13686e-06
4.458e-05
8.74143e-07
4.26949e-05
-3.16651e-06
-6.91983e-06
4.06782e-05
4.58057e-06
8.2463e-05
1.06162e-05
8.48145e-05
1.59536e-05
7.38059e-05
2.06176e-05
7.12088e-05
2.50225e-05
7.05985e-05
2.91956e-05
6.84804e-05
3.29799e-05
6.50683e-05
3.627e-05
6.10894e-05
3.90406e-05
5.68515e-05
4.13041e-05
5.24197e-05
4.30839e-05
4.78242e-05
4.44072e-05
4.31139e-05
4.53042e-05
3.83438e-05
4.58071e-05
3.35621e-05
4.59475e-05
2.88071e-05
4.57557e-05
2.41098e-05
4.526e-05
1.94962e-05
4.44873e-05
1.49895e-05
4.34645e-05
1.06109e-05
4.22194e-05
6.38198e-06
4.07745e-05
2.31915e-06
3.91879e-05
-1.57998e-06
-5.22313e-06
3.74912e-05
4.21896e-06
7.82439e-05
9.46207e-06
7.95711e-05
1.40787e-05
6.91892e-05
1.81568e-05
6.71308e-05
2.20564e-05
6.66987e-05
2.57712e-05
6.47656e-05
2.91542e-05
6.16853e-05
3.21184e-05
5.8125e-05
3.4644e-05
5.43258e-05
3.67382e-05
5.03254e-05
3.84147e-05
4.61475e-05
3.96909e-05
4.18375e-05
4.05882e-05
3.74464e-05
4.11312e-05
3.30189e-05
4.13463e-05
2.85919e-05
4.12597e-05
2.41963e-05
4.08975e-05
1.98583e-05
4.02858e-05
1.56011e-05
3.94518e-05
1.14449e-05
3.84244e-05
7.4094e-06
3.72336e-05
3.50985e-06
3.59025e-05
-2.48907e-07
-3.82618e-06
3.45055e-05
3.91712e-06
7.43267e-05
8.44566e-06
7.50425e-05
1.24201e-05
6.52149e-05
1.59845e-05
6.35662e-05
1.94387e-05
6.32445e-05
2.2742e-05
6.14623e-05
2.57587e-05
5.86686e-05
2.84185e-05
5.54651e-05
3.07068e-05
5.20373e-05
3.26279e-05
4.84043e-05
3.4189e-05
4.45862e-05
3.54008e-05
4.06256e-05
3.62784e-05
3.65687e-05
3.68407e-05
3.24565e-05
3.71089e-05
2.83235e-05
3.71057e-05
2.41995e-05
3.6854e-05
2.011e-05
3.63779e-05
1.60771e-05
3.57028e-05
1.212e-05
3.48557e-05
8.25638e-06
3.38663e-05
4.49925e-06
3.27513e-05
8.66074e-07
-2.64184e-06
3.15669e-05
3.66602e-06
7.06606e-05
7.56018e-06
7.11483e-05
1.09535e-05
6.18215e-05
1.40579e-05
6.04617e-05
1.71114e-05
6.0191e-05
2.00406e-05
5.85332e-05
2.27203e-05
5.59888e-05
2.50948e-05
5.30905e-05
2.71545e-05
4.99775e-05
2.89018e-05
4.66571e-05
3.03394e-05
4.31486e-05
3.14731e-05
3.94919e-05
3.23131e-05
3.57288e-05
3.2873e-05
3.18965e-05
3.31693e-05
2.80271e-05
3.322e-05
2.41487e-05
3.30442e-05
2.02857e-05
3.26619e-05
1.64593e-05
3.20942e-05
1.26876e-05
3.13632e-05
8.98735e-06
3.04913e-05
5.37107e-06
2.94994e-05
1.85801e-06
-1.5697e-06
2.84272e-05
3.44856e-06
6.72121e-05
6.79233e-06
6.78045e-05
9.65525e-06
5.89585e-05
1.23361e-05
5.77808e-05
1.50196e-05
5.75075e-05
1.76017e-05
5.5951e-05
1.9966e-05
5.36244e-05
2.2069e-05
5.09875e-05
2.39055e-05
4.81411e-05
2.54761e-05
4.50864e-05
2.67801e-05
4.18446e-05
2.78191e-05
3.8453e-05
2.85985e-05
3.49493e-05
2.91272e-05
3.13678e-05
2.94163e-05
2.77379e-05
2.94789e-05
2.40861e-05
2.93289e-05
2.04356e-05
2.89814e-05
1.68067e-05
2.8452e-05
1.3217e-05
2.77574e-05
9.68191e-06
2.69154e-05
6.21303e-06
2.59464e-05
2.82691e-06
-4.99727e-07
2.48765e-05
3.24533e-06
6.39668e-05
6.12173e-06
6.4928e-05
8.49692e-06
5.65833e-05
1.07782e-05
5.54995e-05
1.31102e-05
5.51754e-05
1.5361e-05
5.37001e-05
1.74222e-05
5.15632e-05
1.926e-05
4.91497e-05
2.08725e-05
4.65286e-05
2.22583e-05
4.37006e-05
2.3413e-05
4.06899e-05
2.43343e-05
3.75316e-05
2.50236e-05
3.42601e-05
2.54848e-05
3.09066e-05
2.57242e-05
2.74985e-05
2.575e-05
2.40603e-05
2.55716e-05
2.06139e-05
2.51996e-05
1.71786e-05
2.46458e-05
1.37707e-05
2.39242e-05
1.04035e-05
2.30519e-05
7.08534e-06
2.20519e-05
3.82696e-06
5.98736e-07
2.09534e-05
3.03767e-06
6.0929e-05
5.51976e-06
6.24457e-05
7.44462e-06
5.46583e-05
9.34339e-06
5.36007e-05
1.13327e-05
5.3186e-05
1.32584e-05
5.17743e-05
1.50204e-05
4.98011e-05
1.6593e-05
4.75771e-05
1.79757e-05
4.51458e-05
1.91641e-05
4.25121e-05
2.01505e-05
3.97035e-05
2.09297e-05
3.67525e-05
2.14992e-05
3.36906e-05
2.18594e-05
3.05464e-05
2.20131e-05
2.73449e-05
2.19652e-05
2.41082e-05
2.17226e-05
2.08565e-05
2.12939e-05
1.76073e-05
2.06904e-05
1.43741e-05
1.99275e-05
1.11663e-05
1.90261e-05
7.98684e-06
1.80157e-05
4.83733e-06
1.68265e-06
1.69319e-05
2.8149e-06
5.8114e-05
4.96463e-06
6.02958e-05
6.47289e-06
5.31499e-05
8.00407e-06
5.20693e-05
9.65447e-06
5.15355e-05
1.1257e-05
5.01717e-05
1.27219e-05
4.83362e-05
1.40286e-05
4.62703e-05
1.51767e-05
4.39977e-05
1.61578e-05
4.15308e-05
1.69621e-05
3.88991e-05
1.75824e-05
3.61321e-05
1.80145e-05
3.32586e-05
1.82568e-05
3.03043e-05
1.83105e-05
2.72912e-05
1.81798e-05
2.4239e-05
1.7871e-05
2.11653e-05
1.73935e-05
1.80849e-05
1.676e-05
1.50076e-05
1.59892e-05
1.19371e-05
1.51055e-05
8.87053e-06
1.41438e-05
5.79905e-06
2.68937e-06
1.31372e-05
2.54403e-06
5.55698e-05
4.38711e-06
5.84527e-05
5.51948e-06
5.20175e-05
6.70368e-06
5.08851e-05
8.0152e-06
5.02239e-05
9.29298e-06
4.88939e-05
1.04609e-05
4.71683e-05
1.15013e-05
4.52299e-05
1.24121e-05
4.30868e-05
1.31816e-05
4.07613e-05
1.37997e-05
3.8281e-05
1.42591e-05
3.56727e-05
1.45554e-05
3.29624e-05
1.46871e-05
3.01727e-05
1.46557e-05
2.73226e-05
1.44658e-05
2.44289e-05
1.41243e-05
2.15068e-05
1.36412e-05
1.8568e-05
1.30303e-05
1.56185e-05
1.23106e-05
1.26568e-05
1.15047e-05
9.67637e-06
1.06442e-05
6.65964e-06
3.58424e-06
9.74933e-06
2.32036e-06
5.32494e-05
3.91033e-06
5.68628e-05
4.70682e-06
5.1221e-05
5.58972e-06
5.00022e-05
6.60212e-06
4.92116e-05
7.60212e-06
4.7894e-05
8.5146e-06
4.62558e-05
9.3283e-06
4.44161e-05
1.00379e-05
4.23771e-05
1.06294e-05
4.01698e-05
1.10946e-05
3.78158e-05
1.14269e-05
3.53405e-05
1.16223e-05
3.27671e-05
1.16799e-05
3.01152e-05
1.16014e-05
2.74012e-05
1.13905e-05
2.46398e-05
1.10524e-05
2.18449e-05
1.05946e-05
1.90257e-05
1.0027e-05
1.61861e-05
9.36143e-06
1.33224e-05
8.60966e-06
1.04281e-05
7.78759e-06
7.48172e-06
4.46895e-06
6.90288e-06
1.77983e-06
2.84987e-06
3.32095e-06
3.81978e-06
4.40096e-06
4.99346e-06
5.52836e-06
6.00787e-06
6.41667e-06
6.74593e-06
6.98929e-06
7.14195e-06
7.20153e-06
7.16702e-06
7.03855e-06
6.81717e-06
6.50526e-06
6.10648e-06
5.62647e-06
5.07209e-06
4.45326e-06
3.78633e-06
3.09577e-06
5.45205e-06
5.37635e-06
2.01053e-06
3.44151e-06
-4.57157e-07
2.46769e-06
1.46241e-06
-1.91958e-06
1.40016e-05
1.42304e-05
5.75429e-06
1.16888e-05
-2.62166e-07
8.48415e-06
4.47571e-06
-3.27546e-06
-8.57213e-05
5.28112e-05
-0.000104664
3.06319e-05
-0.000111763
1.55831e-05
5.15022e-06
-0.000112438
-0.000190609
6.42638e-05
-0.000188336
2.83585e-05
-0.000180845
8.09163e-06
-6.28462e-06
-0.00016941
-0.000181985
9.55162e-05
-0.000196383
4.27562e-05
-0.000200947
1.26559e-05
-1.15924e-05
-0.00019564
-0.000114177
0.000125573
-0.000138804
6.73832e-05
-0.000153635
2.74864e-05
-9.78342e-06
-0.000155444
-7.49316e-05
8.5988e-05
-7.50945e-05
6.7546e-05
-8.54825e-05
3.78744e-05
6.54981e-06
-0.000101816
-9.26277e-05
1.77194e-05
-5.96591e-05
3.45774e-05
-5.0869e-05
2.90842e-05
7.98853e-06
-5.23076e-05
-0.000185547
-1.13426e-05
-0.00015199
1.01981e-06
-0.000124354
1.44871e-06
-1.04705e-05
-0.000105895
-0.000219746
-3.02378e-05
-0.000201347
-1.73796e-05
-0.00017642
-2.34783e-05
-3.016e-05
-0.00015673
-0.00027096
-5.93894e-05
-0.000241176
-4.71637e-05
-0.000222522
-4.21317e-05
-4.28855e-05
-0.000209797
-0.000262858
-8.78942e-05
-0.000231992
-7.80299e-05
-0.000202189
-7.19347e-05
-7.35583e-05
-0.000171516
-0.000206233
-9.06676e-05
-0.000195023
-8.92398e-05
-0.000181978
-8.49795e-05
-8.20659e-05
-0.000173471
-0.000115538
-8.45849e-05
-0.000117383
-8.73945e-05
-0.000115259
-8.71035e-05
-8.14354e-05
-0.00011589
-3.8229e-05
-7.85349e-05
-4.32077e-05
-8.24157e-05
-4.58795e-05
-8.44317e-05
-7.83639e-05
-4.89512e-05
2.08717e-05
-7.30682e-05
1.61321e-05
-7.76761e-05
1.00342e-05
-7.83339e-05
-7.31349e-05
4.80526e-06
6.75955e-05
-6.39754e-05
5.86857e-05
-6.87664e-05
5.0192e-05
-6.98403e-05
-6.78898e-05
4.49469e-05
0.00010223
-5.18213e-05
8.90418e-05
-5.55782e-05
7.71018e-05
-5.79004e-05
-5.83052e-05
6.75171e-05
0.00010936
-4.22678e-05
9.85582e-05
-4.47769e-05
8.69505e-05
-4.62928e-05
-4.67929e-05
7.54381e-05
9.53535e-05
-3.47667e-05
8.6987e-05
-3.64105e-05
7.79471e-05
-3.7253e-05
-3.75166e-05
6.86706e-05
8.14023e-05
-2.82919e-05
7.45404e-05
-2.95488e-05
6.76201e-05
-3.03328e-05
-3.07548e-05
6.08581e-05
7.41522e-05
-2.33136e-05
6.90008e-05
-2.43975e-05
6.37977e-05
-2.51297e-05
-2.5627e-05
5.86698e-05
6.94488e-05
-1.93729e-05
6.54301e-05
-2.03789e-05
6.14542e-05
-2.11539e-05
-2.17756e-05
5.76028e-05
6.55218e-05
-1.62445e-05
6.23412e-05
-1.71984e-05
5.91687e-05
-1.79814e-05
-1.86487e-05
5.60418e-05
6.14269e-05
-1.36656e-05
5.88099e-05
-1.45814e-05
5.61984e-05
-1.53699e-05
-1.60736e-05
5.36234e-05
5.74301e-05
-1.15019e-05
5.52377e-05
-1.2389e-05
5.30453e-05
-1.31775e-05
-1.39004e-05
5.08722e-05
5.35852e-05
-9.66055e-06
5.172e-05
-1.05238e-05
4.98511e-05
-1.13085e-05
-1.20412e-05
4.79919e-05
4.98984e-05
-8.08206e-06
4.82965e-05
-8.92187e-06
4.66856e-05
-9.69752e-06
-1.04292e-05
4.50736e-05
4.634e-05
-6.72105e-06
4.49559e-05
-7.5377e-06
4.35587e-05
-8.30033e-06
-9.02344e-06
4.21529e-05
4.29216e-05
-5.54882e-06
4.17275e-05
-6.34359e-06
4.05198e-05
-7.09261e-06
-7.80447e-06
3.93008e-05
3.96805e-05
-4.55119e-06
3.86652e-05
-5.32828e-06
3.7638e-05
-6.06547e-06
-6.76761e-06
3.66011e-05
3.66585e-05
-3.71859e-06
3.58129e-05
-4.48263e-06
3.49589e-05
-5.21156e-06
-5.90721e-06
3.40985e-05
3.38187e-05
-3.03176e-06
3.31208e-05
-3.7848e-06
3.24152e-05
-4.50589e-06
-5.19532e-06
3.17033e-05
3.09842e-05
-2.4491e-06
3.03883e-05
-3.18891e-06
2.978e-05
-3.89759e-06
-4.5763e-06
2.9161e-05
2.78892e-05
-1.9111e-06
2.73327e-05
-2.63245e-06
2.67576e-05
-3.32251e-06
-3.98268e-06
2.6164e-05
2.43393e-05
-1.37387e-06
2.37786e-05
-2.07173e-06
2.3195e-05
-2.73893e-06
-3.37722e-06
2.25896e-05
2.0407e-05
-8.27394e-07
1.98382e-05
-1.50284e-06
1.92498e-05
-2.1505e-06
-2.77322e-06
1.86458e-05
1.63996e-05
-2.95084e-07
1.58522e-05
-9.55314e-07
1.52979e-05
-1.59622e-06
-2.22321e-06
1.47479e-05
1.26421e-05
2.00005e-07
1.21477e-05
-4.60867e-07
1.16634e-05
-1.11186e-06
-1.77034e-06
1.12105e-05
9.31144e-06
6.37904e-07
8.87622e-06
-2.56321e-08
8.46758e-06
-7.03218e-07
-1.4077e-06
8.10496e-06
6.4656e-06
1.07517e-06
6.04208e-06
3.97885e-07
5.64318e-06
-3.0432e-07
-1.06762e-06
5.30312e-06
2.7843e-06
2.50194e-06
2.27054e-06
2.07668e-06
3.28328e-05
3.5164e-05
6.01135e-05
2.58934e-05
4.283e-05
2.29946e-05
-1.57765e-05
5.88466e-05
-9.01279e-05
0.000128657
-0.000162438
0.000178756
-0.000223927
0.000183862
-0.000244979
0.000140001
-0.000231194
5.73452e-05
-0.000203156
3.61664e-06
-0.000173998
-1.70118e-05
-0.00015891
-4.29743e-05
-0.000174386
-7.57702e-05
-0.000198694
-0.000104833
-0.000193955
-0.000147698
-0.000155588
-0.000174621
-0.000100562
-0.000156389
-3.54069e-05
-9.86731e-05
-1.90836e-05
2.07636e-05
1.1125e-05
3.14161e-05
1.52408e-05
-2.21278e-06
5.66235e-05
-5.84543e-05
0.000115088
-0.000120936
0.000191138
-0.000192277
0.000250097
-0.000256791
0.000248375
-0.000286024
0.000169234
-0.00027047
4.17913e-05
-0.000257945
-8.90905e-06
-0.000248362
-2.65946e-05
-0.000284259
-7.07673e-06
-0.000407038
4.70088e-05
-0.000479488
-3.23843e-05
-0.000406807
-0.000220378
-0.000272763
-0.000308665
-0.000142542
-0.000286611
-4.89777e-05
-0.000192237
-6.80612e-05
-8.87466e-05
-1.25662e-05
-6.17739e-05
-1.17319e-05
-5.68487e-05
5.16983e-05
-8.41526e-05
0.000142392
-0.000128197
0.000235183
-0.000179129
0.000301029
-0.000239618
0.000308864
-0.000278156
0.000207773
-0.000306226
6.98604e-05
-0.000366006
5.08713e-05
-0.000427007
3.44067e-05
-0.000512652
7.85676e-05
-0.000536968
7.13247e-05
-0.00049788
-7.14719e-05
-0.00046555
-0.000252708
-0.000390335
-0.000383879
-0.000256631
-0.000420315
-9.70871e-05
-0.000351781
-0.000165148
-0.000131553
-5.04228e-05
-0.000101908
-4.1377e-05
-9.3385e-05
4.31754e-05
-0.000106092
0.000155099
-0.000136008
0.000265099
-0.000182315
0.000347336
-0.000239243
0.000365793
-0.000315744
0.000284273
-0.000376207
0.000130324
-0.000373811
4.84763e-05
-0.000368656
2.92515e-05
-0.000356692
6.66041e-05
-0.000321422
3.60547e-05
-0.000334207
-5.86867e-05
-0.000397983
-0.000188931
-0.000430127
-0.000351736
-0.000356347
-0.000494095
-0.000166797
-0.000541331
-0.000331945
-0.000155411
-9.06518e-05
-0.000131294
-6.54933e-05
-0.00011465
2.65306e-05
-0.000113376
0.000153825
-0.000129152
0.000280874
-0.000171726
0.00038991
-0.000223202
0.000417268
-0.000251642
0.000312713
-0.000226423
0.000105105
-0.00017757
-3.76255e-07
-0.000136878
-1.1441e-05
-6.82449e-05
-2.02881e-06
-1.40678e-05
-1.81223e-05
-1.72449e-05
-5.55097e-05
-8.10268e-05
-0.00012515
-0.000186869
-0.000245894
-0.000264448
-0.000416517
-0.000176733
-0.000629046
-0.000508678
-0.000154382
-9.17135e-05
-0.000143501
-7.63741e-05
-0.000117245
2.74611e-07
-9.5675e-05
0.000132255
-8.21555e-05
0.000267355
-0.000106808
0.000414562
-0.000138745
0.000449205
-0.000157274
0.000331243
-0.000144088
9.19185e-05
-0.000129029
-1.54347e-05
-9.93303e-05
-4.11402e-05
-4.66046e-05
-5.47546e-05
3.14663e-05
-9.61932e-05
0.000105366
-0.00012941
0.000131188
-0.000150972
9.17592e-05
-0.000206464
-1.94902e-05
-0.000305268
-4.36301e-05
-0.000604906
-0.000552309
-0.000132054
-6.14751e-05
-0.000137951
-7.04771e-05
-0.00011051
-2.71664e-05
-6.78867e-05
8.96317e-05
-2.97484e-05
0.000229216
3.83858e-06
0.000380975
1.01557e-05
0.000442888
-4.03755e-05
0.000381774
-9.91871e-05
0.00015073
-0.000133926
1.93042e-05
-0.000126096
-4.89704e-05
-8.43854e-05
-9.64651e-05
-1.6693e-05
-0.000163886
5.14306e-05
-0.000197533
9.03429e-05
-0.000189884
9.16022e-05
-0.000207723
6.7346e-05
-0.000281011
-1.43279e-05
-0.000523232
-0.000566636
-8.40757e-05
-2.97068e-05
-0.000107483
-4.70699e-05
-9.86363e-05
-3.60129e-05
-5.6457e-05
4.74524e-05
-8.50593e-06
0.000181265
5.13502e-05
0.000321119
9.83748e-05
0.000395863
8.6006e-05
0.000394143
1.79619e-05
0.000218774
-5.9142e-05
9.6408e-05
-0.000103625
-4.48742e-06
-7.62266e-05
-0.000123864
-1.55003e-05
-0.000224612
4.77758e-05
-0.00026081
8.02552e-05
-0.000222364
6.94603e-05
-0.000196929
6.75241e-05
-0.000279075
8.00045e-07
-0.000456508
-0.000565836
-8.75398e-05
-4.80621e-05
-7.60859e-05
-5.85237e-05
-8.06302e-05
-3.14686e-05
-5.80322e-05
2.48544e-05
-2.62068e-06
0.000125854
5.31238e-05
0.000265375
0.000105763
0.000343225
0.000152851
0.000347054
0.000165487
0.000206138
0.000151354
0.00011054
0.000127519
1.9348e-05
0.000137715
-0.00013406
0.00012669
-0.000213587
0.000108622
-0.000242742
9.22946e-05
-0.000206036
6.30368e-05
-0.000167671
4.96455e-05
-0.000265684
7.60962e-06
-0.000414472
-0.000558227
-0.000123748
-8.10441e-05
-9.98903e-05
-8.23813e-05
-7.4861e-05
-5.64978e-05
-4.68019e-05
-3.20471e-06
-7.74943e-06
8.68011e-05
4.38402e-05
0.000213785
8.64425e-05
0.000300622
0.00018368
0.000249817
0.000254262
0.000135557
0.000282109
8.26932e-05
0.000311634
-1.01771e-05
0.000313681
-0.000136107
0.00025029
-0.000150196
0.000173496
-0.000165948
9.70742e-05
-0.000129614
5.31678e-05
-0.000123764
4.19606e-05
-0.000254476
7.35761e-06
-0.000379869
-0.000550869
-0.000157356
-0.000133485
-0.000127681
-0.000112056
-0.000108818
-7.53608e-05
-7.90612e-05
-3.29619e-05
-3.29291e-05
4.06691e-05
3.11717e-05
0.000149684
0.000103113
0.000228681
0.000260895
9.20355e-05
0.000373021
2.34306e-05
0.000416874
3.88403e-05
0.000404748
1.94881e-06
0.000308274
-3.96336e-05
0.000221451
-6.3373e-05
0.000126912
-7.14093e-05
8.1394e-05
-8.40959e-05
8.46816e-05
-0.000127052
6.94922e-05
-0.000239287
8.89014e-06
-0.000319267
-0.000541979
-0.000153548
-0.000151453
-0.000155032
-0.000110572
-0.000131454
-9.89387e-05
-0.000105319
-5.90966e-05
-7.0236e-05
5.58567e-06
-1.24236e-06
8.06908e-05
8.50292e-05
0.000142409
0.000130864
4.62005e-05
0.000149239
5.05544e-06
0.00017732
1.076e-05
0.000168879
1.03895e-05
0.000154225
-2.49797e-05
0.000133545
-4.26931e-05
0.000120901
-5.87648e-05
0.000142085
-0.000105281
0.000151971
-0.000136937
9.96443e-05
-0.000186961
1.13797e-05
-0.000231003
-0.000530599
-0.000150776
-0.000174147
-0.000127276
-0.000134072
-0.000133872
-9.23432e-05
-0.00013291
-6.0059e-05
-9.67682e-05
-3.05557e-05
-5.15782e-05
3.55007e-05
1.12367e-05
7.95942e-05
3.46768e-05
2.27604e-05
4.68963e-05
-7.16408e-06
6.35055e-05
-5.84916e-06
7.21455e-05
1.74943e-06
6.99309e-05
-2.27652e-05
0.000101226
-7.39879e-05
0.000159391
-0.00011693
0.000127343
-7.32323e-05
0.000115525
-0.000125119
6.81461e-05
-0.000139582
9.23526e-06
-0.000172092
-0.000521364
-0.000111605
-0.000178433
-0.000100328
-0.000145349
-9.43446e-05
-9.83268e-05
-0.000100395
-5.40084e-05
-0.000118619
-1.23324e-05
-7.50453e-05
-8.07249e-06
-4.12694e-05
4.58183e-05
-2.91626e-05
1.06535e-05
-1.26676e-05
-2.3659e-05
1.0296e-05
-2.88127e-05
4.32886e-05
-3.12432e-05
8.51906e-05
-6.46672e-05
6.45574e-05
-5.33547e-05
4.34557e-05
-9.58287e-05
5.43639e-05
-8.41404e-05
4.51979e-05
-0.000115953
3.11833e-05
-0.000125567
1.05596e-05
-0.000151468
-0.000510804
-5.33117e-05
-0.000174072
-5.21796e-05
-0.000146481
-4.98219e-05
-0.000100685
-4.95359e-05
-5.42945e-05
-4.31702e-05
-1.86982e-05
-5.42455e-05
3.00283e-06
-2.90354e-05
2.06081e-05
-2.75139e-06
-1.56305e-05
6.98853e-06
-3.3399e-05
2.4127e-05
-4.59512e-05
3.55372e-05
-4.26533e-05
3.78437e-05
-6.69736e-05
4.86288e-05
-6.41398e-05
4.24563e-05
-8.96561e-05
5.68667e-05
-9.85507e-05
4.52369e-05
-0.000104323
2.88211e-05
-0.000109151
1.31958e-05
-0.000135842
-0.000497608
-5.22316e-06
-0.000164044
-1.20603e-05
-0.000139644
-1.07877e-05
-0.000101958
-2.00613e-06
-6.30762e-05
9.91085e-06
-3.06152e-05
2.17554e-05
-8.8417e-06
4.12533e-05
1.11024e-06
4.35231e-05
-1.79003e-05
4.07476e-05
-3.06235e-05
3.98672e-05
-4.50707e-05
4.8627e-05
-5.1413e-05
4.70848e-05
-6.54314e-05
5.63856e-05
-7.34406e-05
5.23606e-05
-8.56311e-05
4.8555e-05
-9.47451e-05
3.47715e-05
-9.05396e-05
2.48474e-05
-9.92267e-05
1.46862e-05
-0.000125681
-0.000482922
2.94287e-05
-0.000148526
1.59667e-05
-0.000126183
8.79957e-06
-9.47905e-05
9.58042e-06
-6.38571e-05
1.81013e-05
-3.91362e-05
3.25884e-05
-2.33288e-05
5.0809e-05
-1.71103e-05
5.64578e-05
-2.35491e-05
5.84523e-05
-3.26179e-05
5.60391e-05
-4.26574e-05
5.6864e-05
-5.22379e-05
5.42006e-05
-6.27679e-05
5.19782e-05
-7.12182e-05
4.61447e-05
-7.97977e-05
3.95071e-05
-8.81076e-05
2.7658e-05
-7.86905e-05
2.40589e-05
-9.56276e-05
1.63079e-05
-0.00011793
-0.000466614
4.7206e-05
-0.000128215
3.00516e-05
-0.000109028
2.05016e-05
-8.52406e-05
1.87408e-05
-6.20964e-05
2.33261e-05
-4.37215e-05
3.15926e-05
-3.15952e-05
4.11525e-05
-2.66703e-05
4.71051e-05
-2.95017e-05
5.03478e-05
-3.58604e-05
5.14221e-05
-4.37316e-05
5.14195e-05
-5.22351e-05
4.99972e-05
-6.13456e-05
4.87105e-05
-6.99316e-05
4.59637e-05
-7.70509e-05
3.82489e-05
-8.03928e-05
2.5317e-05
-6.57586e-05
2.40764e-05
-9.4387e-05
2.07389e-05
-0.000114593
-0.000445875
5.18437e-05
-0.000104621
3.40412e-05
-9.12261e-05
2.39675e-05
-7.51669e-05
2.13659e-05
-5.94949e-05
2.44996e-05
-4.68551e-05
3.11751e-05
-3.82706e-05
3.8754e-05
-3.42491e-05
4.43653e-05
-3.5113e-05
4.80331e-05
-3.95281e-05
5.04897e-05
-4.6188e-05
5.23322e-05
-5.40775e-05
5.32185e-05
-6.22319e-05
5.22389e-05
-6.89521e-05
4.85242e-05
-7.33362e-05
3.97183e-05
-7.15869e-05
2.7011e-05
-5.30514e-05
2.49687e-05
-9.23448e-05
3.01431e-05
-0.000119767
-0.000415732
4.89909e-05
-8.49413e-05
3.46027e-05
-7.6838e-05
2.64422e-05
-6.70064e-05
2.42886e-05
-5.73413e-05
2.66509e-05
-4.92174e-05
3.1761e-05
-4.33806e-05
3.78964e-05
-4.03844e-05
4.34889e-05
-4.07054e-05
4.81131e-05
-4.4152e-05
5.20298e-05
-5.01045e-05
5.53491e-05
-5.73967e-05
5.7397e-05
-6.42797e-05
5.67262e-05
-6.82813e-05
5.22238e-05
-6.88338e-05
4.32441e-05
-6.26072e-05
3.0987e-05
-4.07943e-05
2.35603e-05
-8.49181e-05
3.0487e-05
-0.000126694
-0.000385245
4.68494e-05
-7.09327e-05
3.66819e-05
-6.66705e-05
3.07778e-05
-6.11022e-05
2.88729e-05
-5.54363e-05
3.02041e-05
-5.05485e-05
3.37224e-05
-4.68989e-05
3.83091e-05
-4.49709e-05
4.30666e-05
-4.54626e-05
4.78428e-05
-4.8928e-05
5.30316e-05
-5.52932e-05
5.83286e-05
-6.26936e-05
6.19778e-05
-6.79289e-05
6.17194e-05
-6.80229e-05
5.61398e-05
-6.32542e-05
4.64577e-05
-5.29251e-05
3.43525e-05
-2.8689e-05
2.10282e-05
-7.15938e-05
2.74507e-05
-0.000133116
-0.000357795
4.81273e-05
-6.03902e-05
4.03733e-05
-5.89164e-05
3.55419e-05
-5.62708e-05
3.33808e-05
-5.32751e-05
3.3457e-05
-5.06248e-05
3.52777e-05
-4.87194e-05
3.82906e-05
-4.79837e-05
4.21355e-05
-4.93073e-05
4.72633e-05
-5.40556e-05
5.42758e-05
-6.23055e-05
6.1867e-05
-7.02848e-05
6.67569e-05
-7.28187e-05
6.60681e-05
-6.73341e-05
5.86159e-05
-5.58019e-05
4.68277e-05
-4.11368e-05
3.32864e-05
-1.51477e-05
1.66494e-05
-5.49567e-05
2.3122e-05
-0.000139589
-0.000334673
4.94544e-05
-5.22417e-05
4.29745e-05
-5.24365e-05
3.84074e-05
-5.17036e-05
3.57924e-05
-5.066e-05
3.49229e-05
-4.97552e-05
3.55069e-05
-4.93033e-05
3.72905e-05
-4.97671e-05
4.05492e-05
-5.25657e-05
4.65774e-05
-6.00836e-05
5.57509e-05
-7.1479e-05
6.50838e-05
-7.96176e-05
6.99489e-05
-7.76838e-05
6.74947e-05
-6.48797e-05
5.73683e-05
-4.56755e-05
4.23318e-05
-2.61002e-05
2.50224e-05
2.16176e-06
8.52812e-06
-3.84624e-05
1.71085e-05
-0.000148169
-0.000317564
4.92548e-05
-4.54546e-05
4.35756e-05
-4.67573e-05
3.92635e-05
-4.73914e-05
3.63928e-05
-4.77893e-05
3.48783e-05
-4.82406e-05
3.45597e-05
-4.89846e-05
3.54267e-05
-5.0634e-05
3.84892e-05
-5.56281e-05
4.56361e-05
-6.72304e-05
5.62366e-05
-8.20794e-05
6.55567e-05
-8.89377e-05
6.85689e-05
-8.0696e-05
6.32884e-05
-5.95992e-05
5.04578e-05
-3.28449e-05
3.25682e-05
-8.21059e-06
1.27764e-05
2.19535e-05
-1.38056e-06
-2.43054e-05
9.96159e-06
-0.000159511
-0.000307602
4.79113e-05
-3.97424e-05
4.29504e-05
-4.17964e-05
3.89507e-05
-4.33918e-05
3.59687e-05
-4.48073e-05
3.39523e-05
-4.62242e-05
3.28215e-05
-4.78538e-05
3.28937e-05
-5.07061e-05
3.58197e-05
-5.85539e-05
4.32733e-05
-7.4684e-05
5.31892e-05
-9.19953e-05
6.00362e-05
-9.57847e-05
5.96869e-05
-8.03467e-05
5.15682e-05
-5.14805e-05
3.71984e-05
-1.84751e-05
1.79515e-05
1.10363e-05
-8.22086e-07
4.07271e-05
-9.69589e-06
-1.54316e-05
4.92799e-06
-0.000174135
-0.000302674
4.59877e-05
-3.48578e-05
4.16041e-05
-3.74128e-05
3.78616e-05
-3.96493e-05
3.47802e-05
-4.1726e-05
3.23203e-05
-4.37642e-05
3.04618e-05
-4.59953e-05
2.98047e-05
-5.0049e-05
3.20343e-05
-6.07835e-05
3.7782e-05
-8.04317e-05
4.4115e-05
-9.83283e-05
4.63483e-05
-9.8018e-05
4.22894e-05
-7.62878e-05
3.25393e-05
-4.17305e-05
1.9579e-05
-5.51472e-06
1.50092e-06
2.91143e-05
-7.93989e-06
5.01679e-05
-5.32354e-06
-1.80479e-05
5.89747e-06
-0.000185356
-0.000296777
4.37533e-05
-3.06191e-05
3.9828e-05
-3.34875e-05
3.62908e-05
-3.61121e-05
3.31353e-05
-3.85705e-05
3.03184e-05
-4.09473e-05
2.78697e-05
-4.35466e-05
2.6386e-05
-4.85653e-05
2.6723e-05
-6.11205e-05
2.8271e-05
-8.19798e-05
2.84907e-05
-9.85481e-05
2.51626e-05
-9.46899e-05
1.82057e-05
-6.93309e-05
9.05488e-06
-3.25797e-05
-2.86086e-06
6.40101e-06
-1.43447e-05
4.05982e-05
-5.71275e-06
4.1536e-05
8.37335e-06
-3.21339e-05
1.04867e-05
-0.000187469
-0.00028629
4.13476e-05
-2.68931e-05
3.77977e-05
-2.99377e-05
3.44594e-05
-3.27739e-05
3.13291e-05
-3.54403e-05
2.83662e-05
-3.79844e-05
2.55895e-05
-4.07699e-05
2.31316e-05
-4.61074e-05
2.05018e-05
-5.84907e-05
1.62574e-05
-7.77354e-05
9.12677e-06
-9.14175e-05
-2.82017e-07
-8.52811e-05
-8.19563e-06
-6.14173e-05
-1.63575e-05
-2.44178e-05
-2.2446e-05
1.24894e-05
-1.73568e-05
3.5509e-05
9.18705e-06
1.49922e-05
2.81315e-05
-5.10783e-05
1.90061e-05
-0.000178344
-0.000267284
3.88698e-05
-2.36101e-05
3.56835e-05
-2.67514e-05
3.26223e-05
-2.97128e-05
2.97052e-05
-3.25232e-05
2.69103e-05
-3.51895e-05
2.41622e-05
-3.80217e-05
2.08836e-05
-4.28288e-05
1.53951e-05
-5.30023e-05
5.8785e-06
-6.82189e-05
-7.26352e-06
-7.82755e-05
-1.97363e-05
-7.28084e-05
-2.86131e-05
-5.25407e-05
-3.20261e-05
-2.10049e-05
-2.59386e-05
6.40188e-06
-1.96448e-06
1.15349e-05
3.45555e-05
-2.15278e-05
4.95799e-05
-6.61028e-05
3.00221e-05
-0.000158786
-0.000237262
3.64456e-05
-2.07549e-05
3.36643e-05
-2.39701e-05
3.1001e-05
-2.70495e-05
2.85023e-05
-3.00245e-05
2.6173e-05
-3.28603e-05
2.3822e-05
-3.56708e-05
2.03906e-05
-3.93975e-05
1.36796e-05
-4.62913e-05
1.87546e-06
-5.64148e-05
-1.37382e-05
-6.2662e-05
-2.79457e-05
-5.8601e-05
-3.48505e-05
-4.56359e-05
-2.96181e-05
-2.62374e-05
-1.20806e-05
-1.11357e-05
1.8793e-05
-1.93388e-05
5.08322e-05
-5.3567e-05
6.10494e-05
-7.632e-05
3.74664e-05
-0.000135203
-0.000199796
3.41872e-05
-1.8341e-05
3.18639e-05
-2.16468e-05
2.96883e-05
-2.48739e-05
2.77169e-05
-2.8053e-05
2.5965e-05
-3.11084e-05
2.42179e-05
-3.39237e-05
2.14672e-05
-3.6647e-05
1.58103e-05
-4.06345e-05
5.79154e-06
-4.63962e-05
-7.42901e-06
-4.94416e-05
-1.93613e-05
-4.66687e-05
-2.40721e-05
-4.09252e-05
-1.46496e-05
-3.566e-05
8.61242e-06
-3.43978e-05
3.5496e-05
-4.62225e-05
5.30956e-05
-7.11666e-05
5.7717e-05
-8.09415e-05
3.70259e-05
-0.000114512
-0.00016277
3.21173e-05
-1.63597e-05
3.02428e-05
-1.97723e-05
2.85306e-05
-2.31618e-05
2.70131e-05
-2.65355e-05
2.56934e-05
-2.97887e-05
2.44476e-05
-3.26779e-05
2.27065e-05
-3.4906e-05
1.94286e-05
-3.73567e-05
1.38303e-05
-4.0798e-05
6.62149e-06
-4.22329e-05
3.68456e-07
-4.04158e-05
-4.93261e-07
-4.00636e-05
6.93994e-06
-4.30933e-05
2.25602e-05
-5.00182e-05
3.77677e-05
-6.143e-05
4.50049e-05
-7.84037e-05
4.55993e-05
-8.15359e-05
3.0765e-05
-9.96775e-05
-0.000132005
3.00694e-05
-1.47258e-05
2.8526e-05
-1.82289e-05
2.71154e-05
-2.17511e-05
2.58252e-05
-2.52453e-05
2.46496e-05
-2.86132e-05
2.35692e-05
-3.15976e-05
2.2463e-05
-3.37999e-05
2.11688e-05
-3.60626e-05
1.94636e-05
-3.90929e-05
1.76916e-05
-4.04609e-05
1.69908e-05
-3.9715e-05
1.86196e-05
-4.16924e-05
2.33726e-05
-4.78463e-05
2.99407e-05
-5.65863e-05
3.43662e-05
-6.58555e-05
3.47729e-05
-7.88102e-05
3.34084e-05
-8.01713e-05
2.3439e-05
-8.97081e-05
-0.000108566
2.77099e-05
-1.32747e-05
2.63105e-05
-1.68295e-05
2.49913e-05
-2.04319e-05
2.37063e-05
-2.39604e-05
2.24576e-05
-2.73646e-05
2.12473e-05
-3.03874e-05
2.021e-05
-3.27627e-05
1.97226e-05
-3.55753e-05
1.97312e-05
-3.91015e-05
2.03296e-05
-4.10593e-05
2.19352e-05
-4.13206e-05
2.41313e-05
-4.38885e-05
2.65601e-05
-5.02751e-05
2.85089e-05
-5.85351e-05
2.8443e-05
-6.57896e-05
2.59968e-05
-7.6364e-05
2.37682e-05
-7.79428e-05
1.68657e-05
-8.28057e-05
-9.16999e-05
2.47374e-05
-1.1848e-05
2.33482e-05
-1.54404e-05
2.20141e-05
-1.90978e-05
2.0678e-05
-2.26244e-05
1.93506e-05
-2.60374e-05
1.7991e-05
-2.90279e-05
1.68512e-05
-3.1623e-05
1.64267e-05
-3.51508e-05
1.65372e-05
-3.9212e-05
1.72662e-05
-4.17884e-05
1.91478e-05
-4.32022e-05
2.15613e-05
-4.6302e-05
2.3043e-05
-5.17568e-05
2.33874e-05
-5.88795e-05
2.20623e-05
-6.44646e-05
1.89544e-05
-7.32562e-05
1.64126e-05
-7.5401e-05
1.12843e-05
-7.76774e-05
-8.04157e-05
2.11445e-05
-1.04029e-05
1.97866e-05
-1.40826e-05
1.84991e-05
-1.78105e-05
1.7226e-05
-2.13515e-05
1.5982e-05
-2.47935e-05
1.47403e-05
-2.77862e-05
1.38202e-05
-3.07031e-05
1.35107e-05
-3.48414e-05
1.35008e-05
-3.92022e-05
1.40225e-05
-4.23101e-05
1.55709e-05
-4.47507e-05
1.76123e-05
-4.83435e-05
1.87044e-05
-5.2849e-05
1.85878e-05
-5.87629e-05
1.7084e-05
-6.29608e-05
1.3923e-05
-7.00952e-05
1.09327e-05
-7.24107e-05
6.76984e-06
-7.35146e-05
-7.36459e-05
1.7285e-05
-9.04207e-06
1.60859e-05
-1.28835e-05
1.49731e-05
-1.66977e-05
1.39025e-05
-2.0281e-05
1.2936e-05
-2.3827e-05
1.21736e-05
-2.70239e-05
1.18936e-05
-3.04232e-05
1.2017e-05
-3.49648e-05
1.22252e-05
-3.94105e-05
1.27695e-05
-4.28545e-05
1.38361e-05
-4.58172e-05
1.49093e-05
-4.94168e-05
1.52072e-05
-5.31469e-05
1.46025e-05
-5.81582e-05
1.30915e-05
-6.14499e-05
1.00911e-05
-6.70949e-05
6.84792e-06
-6.91676e-05
3.53991e-06
-7.02067e-05
-7.01061e-05
1.36089e-05
-7.90309e-06
1.26505e-05
-1.19252e-05
1.17762e-05
-1.58235e-05
1.10021e-05
-1.9507e-05
1.04731e-05
-2.32981e-05
1.03775e-05
-2.69284e-05
1.07707e-05
-3.08165e-05
1.12252e-05
-3.54194e-05
1.1496e-05
-3.96813e-05
1.17643e-05
-4.31229e-05
1.21008e-05
-4.61537e-05
1.22231e-05
-4.95391e-05
1.1954e-05
-5.28778e-05
1.1034e-05
-5.72383e-05
9.65394e-06
-6.00698e-05
7.07178e-06
-6.45128e-05
4.21367e-06
-6.63096e-05
1.848e-06
-6.78411e-05
-6.82581e-05
1.03348e-05
-7.02744e-06
9.59113e-06
-1.11815e-05
8.9827e-06
-1.52151e-05
8.61062e-06
-1.9135e-05
8.58021e-06
-2.32678e-05
8.9593e-06
-2.73075e-05
9.55363e-06
-3.14109e-05
9.84936e-06
-3.57151e-05
9.77178e-06
-3.96037e-05
9.56036e-06
-4.29114e-05
9.38584e-06
-4.59791e-05
9.12713e-06
-4.92803e-05
8.77459e-06
-5.25252e-05
7.882e-06
-5.63458e-05
6.82261e-06
-5.90105e-05
4.92302e-06
-6.26133e-05
2.95525e-06
-6.43419e-05
1.35954e-06
-6.62455e-05
-6.68986e-05
7.40057e-06
-6.32309e-06
6.84859e-06
-1.06295e-05
6.57589e-06
-1.49424e-05
6.62694e-06
-1.91861e-05
6.88709e-06
-2.35279e-05
7.24532e-06
-2.76658e-05
7.50378e-06
-3.16694e-05
7.40198e-06
-3.56133e-05
7.04071e-06
-3.92424e-05
6.68101e-06
-4.25517e-05
6.46152e-06
-4.57596e-05
6.23372e-06
-4.90525e-05
5.96943e-06
-5.22609e-05
5.29997e-06
-5.56763e-05
4.62402e-06
-5.83346e-05
3.45161e-06
-6.1441e-05
2.33704e-06
-6.32274e-05
1.21556e-06
-6.51241e-05
-6.56831e-05
4.67393e-06
-5.69392e-06
4.35088e-06
-1.03064e-05
4.36633e-06
-1.49578e-05
4.55649e-06
-1.93763e-05
4.69955e-06
-2.3671e-05
4.72981e-06
-2.7696e-05
4.63533e-06
-3.15749e-05
4.39447e-06
-3.53724e-05
4.11148e-06
-3.89594e-05
3.91518e-06
-4.23553e-05
3.81275e-06
-4.56571e-05
3.6837e-06
-4.89234e-05
3.52478e-06
-5.2102e-05
3.144e-06
-5.52956e-05
2.80642e-06
-5.79971e-05
2.17724e-06
-6.08118e-05
1.59986e-06
-6.26501e-05
8.41998e-07
-6.43663e-05
-6.48411e-05
1.78018e-06
1.71262e-06
1.73746e-06
1.74798e-06
1.68907e-06
1.60767e-06
1.5252e-06
1.43623e-06
1.36364e-06
1.32157e-06
1.29364e-06
1.25431e-06
1.2066e-06
1.08853e-06
9.96756e-07
7.70518e-07
5.85016e-07
2.76886e-07
)
;

boundaryField
{
    leftWall
    {
        type            calculated;
        value           uniform 0;
    }
    rightWall
    {
        type            calculated;
        value           uniform 0;
    }
    lowerWall
    {
        type            calculated;
        value           uniform 0;
    }
    atmosphere
    {
        type            calculated;
        value           nonuniform List<scalar> 
46
(
5.14697e-05
5.57928e-05
5.075e-05
4.95035e-05
4.86305e-05
4.73015e-05
4.57209e-05
4.39366e-05
4.19683e-05
3.98405e-05
3.75725e-05
3.51879e-05
3.27076e-05
3.01497e-05
2.75297e-05
2.48612e-05
2.21568e-05
1.94245e-05
1.66661e-05
1.38767e-05
1.1047e-05
8.14863e-06
5.1595e-06
1.38663e-06
6.80248e-07
-7.29311e-08
-8.7375e-07
-5.39741e-06
-1.02389e-05
-1.49826e-05
-1.93868e-05
-2.36121e-05
-2.76146e-05
-3.14924e-05
-3.52834e-05
-3.88867e-05
-4.23132e-05
-4.56291e-05
-4.88841e-05
-5.20543e-05
-5.51775e-05
-5.79053e-05
-6.05856e-05
-6.24646e-05
-6.40582e-05
-6.45642e-05
)
;
    }
    defaultFaces
    {
        type            empty;
    }
}


// ************************************************************************* //
