/*--------------------------------*- C++ -*----------------------------------*\
  =========                 |
  \\      /  F ield         | OpenFOAM: The Open Source CFD Toolbox
   \\    /   O peration     | Website:  https://openfoam.org
    \\  /    A nd           | Version:  13
     \\/     M anipulation  |
\*---------------------------------------------------------------------------*/
FoamFile
{
    format      ascii;
    class       volVectorField;
    location    "0.85";
    object      U;
}
// * * * * * * * * * * * * * * * * * * * * * * * * * * * * * * * * * * * * * //

dimensions      [0 1 -1 0 0 0 0];

internalField   nonuniform List<vector> 
2268
(
(-0.0248154 0.00971966 0)
(-0.0866963 0.0147631 0)
(-0.158294 0.0182806 0)
(-0.238227 0.0198723 0)
(-0.302165 0.0135772 0)
(-0.319128 0.00174882 0)
(-0.293824 -0.00621055 0)
(-0.262576 -0.00696378 0)
(-0.232437 -0.00675886 0)
(-0.202458 -0.00650613 0)
(-0.173937 -0.00524753 0)
(-0.152155 -0.00295086 0)
(-0.141188 -0.00153376 0)
(-0.138216 -0.00364431 0)
(-0.132943 -0.00893585 0)
(-0.124927 -0.00816682 0)
(-0.141962 0.0111986 0)
(-0.221473 0.0262104 0)
(-0.29804 0.0152631 0)
(-0.281572 -0.0108166 0)
(-0.200822 -0.0271391 0)
(-0.116519 -0.029683 0)
(-0.035764 -0.022026 0)
(-0.0546543 0.0482045 0)
(-0.156638 0.0538281 0)
(-0.25044 0.0547015 0)
(-0.325591 0.0476768 0)
(-0.354138 0.0240309 0)
(-0.33657 -0.00550306 0)
(-0.306044 -0.021463 0)
(-0.270092 -0.0229475 0)
(-0.236971 -0.0218035 0)
(-0.204492 -0.0216279 0)
(-0.171605 -0.0190887 0)
(-0.142501 -0.0125215 0)
(-0.123458 -0.00410846 0)
(-0.120262 0.00187212 0)
(-0.136787 0.00371312 0)
(-0.172632 0.012595 0)
(-0.221313 0.0363412 0)
(-0.26252 0.0420026 0)
(-0.245613 0.0100328 0)
(-0.166837 -0.0355675 0)
(-0.112092 -0.0575315 0)
(-0.0637887 -0.0623994 0)
(-0.0151023 -0.0507803 0)
(-0.0619372 0.10031 0)
(-0.162611 0.100005 0)
(-0.250667 0.0917185 0)
(-0.321951 0.0710525 0)
(-0.354827 0.0282151 0)
(-0.348764 -0.0173442 0)
(-0.319827 -0.0396359 0)
(-0.284752 -0.0409071 0)
(-0.249218 -0.0383606 0)
(-0.212522 -0.0385191 0)
(-0.174293 -0.0358641 0)
(-0.138061 -0.0266194 0)
(-0.108946 -0.0124958 0)
(-0.0909136 0.00270336 0)
(-0.0884694 0.0168728 0)
(-0.105477 0.0324287 0)
(-0.134412 0.0467223 0)
(-0.139894 0.0338881 0)
(-0.0929369 -0.018532 0)
(-0.0391212 -0.0632539 0)
(-0.00782347 -0.0724007 0)
(-0.00534227 -0.0711556 0)
(0.0119081 -0.0564595 0)
(-0.058087 0.151631 0)
(-0.147398 0.14397 0)
(-0.230822 0.12765 0)
(-0.304276 0.0961773 0)
(-0.342153 0.0372036 0)
(-0.340291 -0.0243818 0)
(-0.321856 -0.0555407 0)
(-0.298995 -0.0575759 0)
(-0.266849 -0.0559393 0)
(-0.227295 -0.0576667 0)
(-0.184699 -0.0552181 0)
(-0.144994 -0.0436542 0)
(-0.113638 -0.0256961 0)
(-0.0915951 -0.0065422 0)
(-0.0749629 0.0127281 0)
(-0.0591717 0.0335346 0)
(-0.0436117 0.046112 0)
(-0.0203205 0.0274496 0)
(0.0165676 -0.0275821 0)
(0.0308537 -0.0711204 0)
(0.0439175 -0.0742057 0)
(0.0219537 -0.0678974 0)
(0.0257846 -0.0450674 0)
(-0.0498607 0.196968 0)
(-0.126963 0.184009 0)
(-0.203712 0.162389 0)
(-0.270671 0.12256 0)
(-0.302529 0.0492404 0)
(-0.303563 -0.0259024 0)
(-0.306542 -0.0616441 0)
(-0.307563 -0.0671438 0)
(-0.286065 -0.0719647 0)
(-0.245144 -0.0785946 0)
(-0.195216 -0.0762874 0)
(-0.148721 -0.0607959 0)
(-0.114831 -0.037721 0)
(-0.0938563 -0.0152689 0)
(-0.0784618 0.00361406 0)
(-0.0583874 0.0202563 0)
(-0.0283795 0.0277574 0)
(0.00497021 0.00837699 0)
(0.0278796 -0.0393976 0)
(0.0303991 -0.0782317 0)
(0.0429616 -0.0748395 0)
(0.0223631 -0.0622528 0)
(0.029271 -0.0336423 0)
(-0.0394139 0.234979 0)
(-0.102233 0.218957 0)
(-0.167127 0.191299 0)
(-0.220315 0.143008 0)
(-0.243252 0.0596995 0)
(-0.249529 -0.01961 0)
(-0.281279 -0.0545649 0)
(-0.313252 -0.0668027 0)
(-0.305439 -0.0841638 0)
(-0.261489 -0.100181 0)
(-0.19779 -0.0996795 0)
(-0.138944 -0.0789389 0)
(-0.101533 -0.0482862 0)
(-0.0842003 -0.02119 0)
(-0.0745586 -0.00230618 0)
(-0.0619387 0.0104566 0)
(-0.0423327 0.0135611 0)
(-0.019979 -0.00386162 0)
(-2.07044e-05 -0.0457367 0)
(0.0119562 -0.0836969 0)
(0.0379076 -0.0765831 0)
(0.0292855 -0.0576451 0)
(0.0310223 -0.0223666 0)
(-0.0265026 0.262483 0)
(-0.0754846 0.246176 0)
(-0.129707 0.213602 0)
(-0.166527 0.159366 0)
(-0.17629 0.0727511 0)
(-0.188435 -0.00673221 0)
(-0.261255 -0.0387325 0)
(-0.32276 -0.0566075 0)
(-0.320134 -0.0936697 0)
(-0.261171 -0.129874 0)
(-0.175124 -0.136358 0)
(-0.100983 -0.10597 0)
(-0.0598899 -0.0605534 0)
(-0.0500623 -0.0245178 0)
(-0.0521334 -0.00469988 0)
(-0.0493928 0.00579553 0)
(-0.0401191 0.00739301 0)
(-0.0287452 -0.00966122 0)
(-0.00991473 -0.0533633 0)
(0.0206618 -0.0972143 0)
(0.057897 -0.0870032 0)
(0.0553547 -0.0514225 0)
(0.0377959 -0.0105145 0)
(-0.013934 0.287796 0)
(-0.0431158 0.273658 0)
(-0.0752838 0.23074 0)
(-0.0804268 0.164844 0)
(-0.0716224 0.0788937 0)
(-0.123525 0.0245722 0)
(-0.260747 0.00799609 0)
(-0.336467 -0.0365933 0)
(-0.32536 -0.117254 0)
(-0.251265 -0.179981 0)
(-0.157562 -0.184485 0)
(-0.0763547 -0.138233 0)
(-0.0262355 -0.0751129 0)
(-0.0121791 -0.0255377 0)
(-0.0191196 -0.00295864 0)
(-0.0248206 0.0036017 0)
(-0.0238437 0.00179468 0)
(-0.0205654 -0.0164518 0)
(0.00330349 -0.070921 0)
(0.0492293 -0.123366 0)
(0.101787 -0.100926 0)
(0.0886628 -0.0403479 0)
(0.0498151 0.0252908 0)
(-0.0105178 0.0219522 0)
(-0.326976 0.0663375 0)
(-0.552995 0.0319899 0)
(-0.469465 -0.036133 0)
(-0.225741 -0.0803836 0)
(-0.0010208 -0.0760649 0)
(0.106528 -0.0333489 0)
(-0.189291 0.0832265 0)
(-0.466349 0.0585349 0)
(-0.20501 -0.058534 0)
(0.00982458 -0.0561356 0)
(0.0694329 -0.015919 0)
(0.114501 -0.00393391 0)
(0.188292 -0.0100869 0)
(0.298648 0.00280782 0)
(0.348001 0.0568908 0)
(0.170529 0.0696399 0)
(-0.126939 -0.020579 0)
(-0.0224614 -0.0397981 0)
(-0.147196 0.124771 0)
(-0.488983 0.161115 0)
(-0.535525 0.041945 0)
(-0.38376 -0.10816 0)
(-0.201441 -0.179746 0)
(-0.117167 -0.074781 0)
(-0.349784 0.112788 0)
(-0.56575 0.139748 0)
(-0.380744 -0.048978 0)
(-0.184423 -0.163103 0)
(-0.1391 -0.0707374 0)
(-0.0784131 -0.0287649 0)
(-0.0107275 -0.0418503 0)
(0.0964424 -0.085117 0)
(0.255258 -0.0807003 0)
(0.422177 0.0144727 0)
(0.42878 0.135319 0)
(0.172591 0.10192 0)
(-0.0163811 -0.0390348 0)
(-0.172216 0.241273 0)
(-0.409383 0.223911 0)
(-0.387895 0.0256966 0)
(-0.330718 -0.162172 0)
(-0.211629 -0.212911 0)
(-0.335194 0.0127001 0)
(-0.598521 0.192041 0)
(-0.574762 0.105755 0)
(-0.374025 -0.112521 0)
(-0.538305 -0.164718 0)
(-0.474965 -0.101642 0)
(-0.385536 -0.0533356 0)
(-0.33284 -0.0652595 0)
(-0.250656 -0.128936 0)
(-0.0438007 -0.137389 0)
(0.189039 -0.0122584 0)
(0.362494 0.162463 0)
(0.305907 0.178885 0)
(0.0379538 0.0313894 0)
(-0.138997 0.340659 0)
(-0.280851 0.273781 0)
(-0.282217 0.0374696 0)
(-0.240602 -0.18176 0)
(-0.204877 -0.194575 0)
(-0.440834 0.0948223 0)
(-0.637536 0.222754 0)
(-0.544063 0.0511716 0)
(-0.665405 -0.0964923 0)
(-0.912736 -0.125972 0)
(-0.970178 -0.109573 0)
(-0.944459 -0.0831282 0)
(-0.914916 -0.113633 0)
(-0.819332 -0.218606 0)
(-0.533557 -0.26826 0)
(-0.110439 -0.138503 0)
(0.189711 0.110717 0)
(0.266679 0.213804 0)
(-0.000740669 0.0897154 0)
(-0.0897872 0.406149 0)
(-0.154134 0.301868 0)
(-0.164508 0.0397457 0)
(-0.110418 -0.183886 0)
(-0.172623 -0.141882 0)
(-0.470345 0.175002 0)
(-0.622205 0.252185 0)
(-0.637712 0.0978801 0)
(-0.971179 0.0470284 0)
(-1.32241 -0.00178142 0)
(-1.62236 -0.0252734 0)
(-1.76463 -0.0466024 0)
(-1.64613 -0.164304 0)
(-1.34995 -0.362868 0)
(-0.988271 -0.457209 0)
(-0.577406 -0.308484 0)
(-0.0462266 0.0243842 0)
(0.137908 0.23114 0)
(-0.0573192 0.129949 0)
(-0.0356705 0.440788 0)
(-0.027199 0.309386 0)
(-0.0282898 0.0420047 0)
(0.019489 -0.167033 0)
(-0.144041 -0.0618728 0)
(-0.477892 0.25824 0)
(-0.624423 0.318458 0)
(-0.781659 0.244926 0)
(-1.19937 0.188059 0)
(-1.47436 0.111032 0)
(-1.69334 0.0533642 0)
(-1.82484 -0.0333292 0)
(-1.67222 -0.230777 0)
(-1.28389 -0.494901 0)
(-1.08278 -0.626875 0)
(-0.854187 -0.507266 0)
(-0.392003 -0.131156 0)
(0.0263629 0.212867 0)
(-0.0557475 0.137884 0)
(0.0216609 0.428925 0)
(0.0935571 0.310228 0)
(0.137731 0.0397142 0)
(0.116957 -0.120174 0)
(-0.147681 0.0525024 0)
(-0.485844 0.350455 0)
(-0.653213 0.401184 0)
(-0.914887 0.384053 0)
(-1.28907 0.303729 0)
(-1.39165 0.195042 0)
(-1.44369 0.1032 0)
(-1.42829 -0.0786471 0)
(-1.1883 -0.380603 0)
(-0.991358 -0.60388 0)
(-0.939116 -0.677799 0)
(-0.850185 -0.616513 0)
(-0.589419 -0.335508 0)
(-0.0252115 0.111269 0)
(-0.00371301 0.132167 0)
(0.0724277 0.378251 0)
(0.16909 0.299524 0)
(0.282815 0.0437857 0)
(0.21366 -0.0390446 0)
(-0.143705 0.176713 0)
(-0.506071 0.446207 0)
(-0.748197 0.52049 0)
(-1.08755 0.548201 0)
(-1.27042 0.356274 0)
(-1.21487 0.182975 0)
(-1.12054 0.0934882 0)
(-1.02181 -0.0929268 0)
(-0.887639 -0.41102 0)
(-0.818478 -0.620958 0)
(-0.821575 -0.684288 0)
(-0.792182 -0.633219 0)
(-0.645033 -0.445851 0)
(-0.322449 -0.0875537 0)
(0.06523 0.137561 0)
(0.0236295 0.266948 0)
(0.0149817 0.273964 0)
(-0.0091556 0.231372 0)
(-0.0427074 0.184427 0)
(-0.131974 0.144171 0)
(-0.251924 0.126894 0)
(-0.350738 0.0784583 0)
(-0.402625 -0.0341705 0)
(-0.404435 -0.153893 0)
(-0.370557 -0.221951 0)
(-0.307117 -0.235949 0)
(-0.220081 -0.196393 0)
(-0.136739 -0.124464 0)
(-0.0753263 -0.052503 0)
(-0.0509173 -0.00806022 0)
(-0.0470371 0.0127847 0)
(-0.0418701 0.0155604 0)
(-0.0480931 -0.0202963 0)
(-0.0562594 -0.0944823 0)
(-0.0166597 -0.13408 0)
(0.124606 -0.0952295 0)
(0.153214 -0.00605228 0)
(0.0794269 0.0685041 0)
(-0.0563534 0.237234 0)
(-0.0687108 0.297718 0)
(-0.211448 0.271839 0)
(-0.302512 0.239591 0)
(-0.364556 0.213194 0)
(-0.433414 0.185356 0)
(-0.52925 0.131355 0)
(-0.641472 0.0590306 0)
(-0.750478 -0.0736641 0)
(-0.811004 -0.241942 0)
(-0.782613 -0.326635 0)
(-0.663266 -0.295141 0)
(-0.513287 -0.198429 0)
(-0.380056 -0.105017 0)
(-0.294162 -0.0512459 0)
(-0.271522 -0.0297649 0)
(-0.35054 -0.00549112 0)
(-0.506561 0.0279806 0)
(-0.574777 -0.0267049 0)
(-0.389446 -0.26372 0)
(-0.0504334 -0.27993 0)
(0.265366 0.0337557 0)
(0.184505 0.0788176 0)
(-0.429052 0.467539 0)
(-0.456561 0.538755 0)
(-0.678891 0.538175 0)
(-0.912274 0.443659 0)
(-1.07638 0.360272 0)
(-1.1573 0.364846 0)
(-1.27284 0.301454 0)
(-1.45487 0.102575 0)
(-1.64477 -0.126884 0)
(-1.71162 -0.267229 0)
(-1.63597 -0.395498 0)
(-1.31972 -0.293356 0)
(-1.40147 -0.225022 0)
(-1.87489 -0.164046 0)
(-2.06821 -0.068941 0)
(-1.90489 0.116136 0)
(-1.73589 0.261928 0)
(-1.59893 0.122558 0)
(-1.2278 -0.426726 0)
(-0.767027 -0.970819 0)
(-0.5394 -0.891597 0)
(0.124559 -0.199479 0)
(0.104474 0.193606 0)
(-0.810957 1.17332 0)
(-1.33755 1.00451 0)
(-1.69442 0.61148 0)
(-1.77644 0.417349 0)
(-1.79095 0.333751 0)
(-1.82834 0.290549 0)
(-1.95399 0.345843 0)
(-2.30498 0.447646 0)
(-2.40759 0.192644 0)
(-2.09851 -0.45552 0)
(-1.89845 -0.631696 0)
(-1.6849 -0.346365 0)
(-1.46955 0.00262819 0)
(-1.37527 0.210228 0)
(-1.38953 0.00134732 0)
(-1.45763 -0.343213 0)
(-1.46 -0.276942 0)
(-1.21045 -0.166732 0)
(-0.683085 -0.735471 0)
(-0.678384 -1.08093 0)
(-0.773785 -1.01909 0)
(-0.576112 -0.156547 0)
(-0.585671 0.738248 0)
(-1.1082 2.21317 0)
(-1.70223 1.18942 0)
(-2.03734 0.666765 0)
(-2.10841 0.47604 0)
(-2.11946 0.434826 0)
(-2.21975 0.515553 0)
(-2.49996 0.801228 0)
(-2.43765 0.492197 0)
(-2.15364 -0.357629 0)
(-2.00413 -0.777187 0)
(-1.91291 -0.797536 0)
(-1.76383 -0.620129 0)
(-1.50556 -0.416864 0)
(-1.10808 -0.229602 0)
(-0.831417 -0.175192 0)
(-0.612975 -0.0225478 0)
(-0.537635 -0.0930809 0)
(-0.390108 -0.208908 0)
(-0.478973 -0.790245 0)
(-0.605242 -0.982124 0)
(-0.801172 -1.03147 0)
(-0.808217 -0.528714 0)
(-0.471763 1.23612 0)
(-1.05988 3.25669 0)
(-1.50833 1.66449 0)
(-1.76234 1.03478 0)
(-1.89244 0.634442 0)
(-2.16271 0.580117 0)
(-2.30412 0.723487 0)
(-2.26251 0.752787 0)
(-2.08835 0.477262 0)
(-1.94796 -0.167456 0)
(-1.93623 -0.808909 0)
(-1.92633 -0.888696 0)
(-1.8241 -0.799506 0)
(-1.6285 -0.662796 0)
(-1.38426 -0.54239 0)
(-1.11595 -0.451907 0)
(-0.865965 -0.411815 0)
(-0.685871 -0.383505 0)
(-0.495827 -0.328912 0)
(-0.556233 -0.621781 0)
(-0.675482 -0.807758 0)
(-0.834032 -0.872466 0)
(-0.932182 -0.562067 0)
(-0.566418 0.815153 0)
(-0.883817 4.43082 0)
(-0.866234 2.24821 0)
(-1.1734 1.59043 0)
(-1.5322 1.05464 0)
(-1.87861 0.704591 0)
(-1.96979 0.600166 0)
(-1.8746 0.4706 0)
(-1.7205 0.159737 0)
(-1.69513 -0.276115 0)
(-1.82683 -0.674857 0)
(-1.96676 -0.912124 0)
(-1.93739 -0.902472 0)
(-1.80106 -0.873788 0)
(-1.61697 -0.781545 0)
(-1.38264 -0.683221 0)
(-1.17809 -0.609405 0)
(-1.00021 -0.529995 0)
(-0.932041 -0.484497 0)
(-1.01915 -0.600243 0)
(-1.04187 -0.743206 0)
(-1.03565 -0.780135 0)
(-1.12352 -0.527128 0)
(-0.904259 0.565871 0)
(-0.696493 5.35388 0)
(-0.652388 2.73449 0)
(-0.991538 2.05057 0)
(-1.25831 1.41213 0)
(-1.40856 0.91857 0)
(-1.41003 0.638377 0)
(-1.36681 0.396891 0)
(-1.33276 0.10951 0)
(-1.40695 -0.215447 0)
(-1.61164 -0.532844 0)
(-1.86286 -0.788504 0)
(-2.03367 -0.91382 0)
(-2.0921 -0.99459 0)
(-1.99597 -0.944952 0)
(-1.79151 -0.873932 0)
(-1.62647 -0.752242 0)
(-1.56888 -0.567421 0)
(-1.76603 -0.403316 0)
(-1.92212 -0.646373 0)
(-1.56123 -0.962613 0)
(-1.33884 -0.814838 0)
(-1.27519 -0.523806 0)
(-1.13544 -0.0615894 0)
(-0.471052 5.80164 0)
(-0.594885 2.95485 0)
(-1.1279 2.16443 0)
(-1.08648 1.46022 0)
(-1.04275 0.900137 0)
(-0.903053 0.606596 0)
(-0.78328 0.414913 0)
(-0.725355 0.229872 0)
(-0.791827 0.00776093 0)
(-1.00981 -0.240735 0)
(-1.33563 -0.474435 0)
(-1.69361 -0.70204 0)
(-2.01176 -0.903652 0)
(-2.26103 -0.985882 0)
(-2.49469 -0.966572 0)
(-2.73155 -0.748704 0)
(-2.8072 -0.325719 0)
(-2.50042 -0.164512 0)
(-2.04509 -0.765627 0)
(-1.83213 -1.24211 0)
(-1.68638 -1.0221 0)
(-1.41739 -0.551776 0)
(-1.24348 -0.233242 0)
(-0.141263 6.009 0)
(-0.29322 3.58928 0)
(-1.24999 2.09768 0)
(-1.01036 1.34555 0)
(-0.950988 0.711644 0)
(-0.760942 0.371705 0)
(-0.557783 0.212424 0)
(-0.377932 0.140308 0)
(-0.294258 0.0896696 0)
(-0.344084 0.0194601 0)
(-0.536942 -0.0913526 0)
(-0.87556 -0.266869 0)
(-1.26086 -0.451161 0)
(-1.62699 -0.57448 0)
(-1.97887 -0.636304 0)
(-2.25424 -0.636021 0)
(-2.31726 -0.618822 0)
(-2.20497 -0.733298 0)
(-2.15422 -1.07006 0)
(-2.19365 -1.40861 0)
(-2.03771 -1.34065 0)
(-1.67807 -0.822275 0)
(-1.35151 -0.382977 0)
(0.266963 5.73001 0)
(0.25812 4.71865 0)
(-0.921407 2.3112 0)
(-0.911771 1.23005 0)
(-0.887369 0.533053 0)
(-0.723862 0.153732 0)
(-0.533684 -0.0318052 0)
(-0.326678 -0.0817429 0)
(-0.135576 -0.0369031 0)
(-0.0286181 0.027361 0)
(-0.0383742 0.0577572 0)
(-0.1657 0.0284177 0)
(-0.42642 -0.0701959 0)
(-0.780401 -0.196319 0)
(-1.11519 -0.296986 0)
(-1.39056 -0.3899 0)
(-1.55748 -0.493433 0)
(-1.65395 -0.695926 0)
(-1.78094 -1.02335 0)
(-1.96143 -1.34934 0)
(-2.179 -1.51427 0)
(-2.14185 -1.34125 0)
(-1.81004 -0.826392 0)
(0.647926 5.11234 0)
(0.929546 5.3984 0)
(0.0695035 3.16953 0)
(-0.463505 1.3781 0)
(-0.593044 0.433164 0)
(-0.529284 -0.00505442 0)
(-0.39592 -0.215345 0)
(-0.236733 -0.281775 0)
(-0.066802 -0.222339 0)
(0.089551 -0.0907242 0)
(0.191823 0.0412873 0)
(0.20871 0.121071 0)
(0.132628 0.144818 0)
(-0.04128 0.093507 0)
(-0.293576 -0.0392002 0)
(-0.528648 -0.134267 0)
(-0.726334 -0.261799 0)
(-0.901571 -0.497923 0)
(-1.06864 -0.81602 0)
(-1.23376 -1.06683 0)
(-1.48794 -1.1919 0)
(-1.66347 -1.22122 0)
(-1.67238 -1.16077 0)
(0.831632 3.9032 0)
(1.45141 5.49005 0)
(1.18834 4.09961 0)
(0.51463 1.98262 0)
(0.0694454 0.585867 0)
(-0.102874 -0.0474087 0)
(-0.0897324 -0.316257 0)
(-0.0155113 -0.417812 0)
(0.0843367 -0.369186 0)
(0.196698 -0.223483 0)
(0.304829 -0.0525836 0)
(0.384482 0.090419 0)
(0.417268 0.18672 0)
(0.393947 0.228617 0)
(0.296304 0.184528 0)
(0.123306 0.0391099 0)
(-0.0228578 -0.126672 0)
(-0.127019 -0.309427 0)
(-0.308224 -0.584104 0)
(-0.519049 -0.839946 0)
(-0.769734 -1.00336 0)
(-0.959778 -1.05698 0)
(-1.09592 -1.09227 0)
(0.713032 2.55547 0)
(1.64822 4.98443 0)
(1.88228 4.44 0)
(1.51578 2.66506 0)
(0.957234 1.05519 0)
(0.54846 0.153453 0)
(0.371507 -0.276787 0)
(0.32513 -0.459133 0)
(0.328194 -0.445355 0)
(0.36445 -0.303619 0)
(0.416945 -0.132352 0)
(0.478474 0.0205297 0)
(0.539736 0.141259 0)
(0.587837 0.224247 0)
(0.604441 0.253567 0)
(0.547242 0.188649 0)
(0.435694 0.00986512 0)
(0.251791 -0.21103 0)
(0.149783 -0.391537 0)
(-0.000851581 -0.612711 0)
(-0.211333 -0.780161 0)
(-0.398112 -0.886978 0)
(-0.529866 -0.950403 0)
(0.386255 1.45014 0)
(1.48954 4.12572 0)
(2.06242 4.29606 0)
(2.04338 3.02418 0)
(1.63537 1.54906 0)
(1.18226 0.521674 0)
(0.890046 -0.078918 0)
(0.726231 -0.379757 0)
(0.62424 -0.427242 0)
(0.571234 -0.309688 0)
(0.554492 -0.153882 0)
(0.563325 -0.0223015 0)
(0.597868 0.082791 0)
(0.650722 0.1641 0)
(0.709879 0.21671 0)
(0.743335 0.219264 0)
(0.715165 0.138925 0)
(0.60648 -0.0544945 0)
(0.415027 -0.281444 0)
(0.265807 -0.44837 0)
(0.133978 -0.598641 0)
(-0.000556131 -0.739872 0)
(-0.133113 -0.845243 0)
(0.072652 0.724122 0)
(1.07941 3.16296 0)
(1.82881 3.83365 0)
(2.07597 3.09742 0)
(1.91229 1.91295 0)
(1.58552 0.893689 0)
(1.30377 0.191296 0)
(1.08185 -0.205468 0)
(0.899181 -0.313999 0)
(0.768491 -0.238048 0)
(0.690497 -0.114375 0)
(0.650633 -0.016141 0)
(0.644634 0.0548907 0)
(0.670204 0.109863 0)
(0.72024 0.149815 0)
(0.781207 0.169419 0)
(0.82314 0.154099 0)
(0.809166 0.0704133 0)
(0.718435 -0.102214 0)
(0.54504 -0.306042 0)
(0.385173 -0.484407 0)
(0.287953 -0.615677 0)
(0.175434 -0.761036 0)
(-0.149732 0.364904 0)
(0.618383 2.37233 0)
(1.35119 3.23509 0)
(1.76397 2.91221 0)
(1.83853 2.04398 0)
(1.71065 1.14141 0)
(1.51731 0.433626 0)
(1.30051 0.00915147 0)
(1.08207 -0.135831 0)
(0.906459 -0.107474 0)
(0.792115 -0.0313143 0)
(0.724254 0.027191 0)
(0.690262 0.0626349 0)
(0.686859 0.0856566 0)
(0.710267 0.0994441 0)
(0.755605 0.104293 0)
(0.812342 0.0998533 0)
(0.859841 0.0700758 0)
(0.861233 -0.0064634 0)
(0.809478 -0.163036 0)
(0.692282 -0.32327 0)
(0.574148 -0.493283 0)
(0.461803 -0.669389 0)
(-0.257867 0.291251 0)
(0.230881 1.78835 0)
(0.839821 2.62536 0)
(1.31761 2.56381 0)
(1.56585 1.9663 0)
(1.61427 1.22709 0)
(1.52553 0.602201 0)
(1.34529 0.216911 0)
(1.13531 0.0628882 0)
(0.959864 0.044958 0)
(0.841677 0.0683094 0)
(0.768287 0.0863554 0)
(0.724548 0.0912426 0)
(0.704643 0.0876528 0)
(0.705949 0.0777854 0)
(0.725461 0.0621251 0)
(0.760933 0.0419699 0)
(0.806744 0.0159488 0)
(0.8485 -0.0339548 0)
(0.862164 -0.114454 0)
(0.831399 -0.244629 0)
(0.771112 -0.406212 0)
(0.677944 -0.556402 0)
(-0.251369 0.380864 0)
(-0.0437897 1.36982 0)
(0.426088 2.07697 0)
(0.895653 2.13725 0)
(1.22896 1.74275 0)
(1.38493 1.18696 0)
(1.3739 0.69999 0)
(1.24597 0.388732 0)
(1.08067 0.238869 0)
(0.939976 0.181611 0)
(0.841981 0.159352 0)
(0.778225 0.143612 0)
(0.737128 0.125125 0)
(0.712723 0.102784 0)
(0.702379 0.0767982 0)
(0.703631 0.0470048 0)
(0.714882 0.0130222 0)
(0.735777 -0.0256094 0)
(0.76324 -0.0733955 0)
(0.785459 -0.140918 0)
(0.788287 -0.230516 0)
(0.761426 -0.337078 0)
(0.690378 -0.446403 0)
(-0.180921 0.53788 0)
(-0.1631 1.12728 0)
(0.169274 1.63618 0)
(0.580119 1.71434 0)
(0.916631 1.46399 0)
(1.10644 1.0859 0)
(1.14078 0.744218 0)
(1.07112 0.507316 0)
(0.967783 0.365095 0)
(0.875354 0.281761 0)
(0.806476 0.229017 0)
(0.758317 0.190043 0)
(0.72506 0.155469 0)
(0.702534 0.121101 0)
(0.688302 0.0855647 0)
(0.680483 0.0482418 0)
(0.677444 0.00815382 0)
(0.6787 -0.0363979 0)
(0.683232 -0.0880425 0)
(0.686695 -0.149647 0)
(0.679761 -0.223997 0)
(0.652923 -0.310027 0)
(0.593976 -0.392553 0)
(-0.0910567 0.68863 0)
(-0.138925 1.02759 0)
(0.0711083 1.31507 0)
(0.39091 1.35884 0)
(0.673969 1.20719 0)
(0.848722 0.971871 0)
(0.906939 0.745175 0)
(0.889317 0.566278 0)
(0.842218 0.436098 0)
(0.792552 0.343194 0)
(0.750255 0.275871 0)
(0.71729 0.223969 0)
(0.692479 0.179629 0)
(0.673801 0.138189 0)
(0.659526 0.0975313 0)
(0.648404 0.0566366 0)
(0.639457 0.0145019 0)
(0.631457 -0.0305011 0)
(0.622906 -0.0804314 0)
(0.611572 -0.136541 0)
(0.592495 -0.198352 0)
(0.560699 -0.262479 0)
(0.507284 -0.320072 0)
(-0.0215962 0.765195 0)
(-0.0507445 0.992055 0)
(0.0785013 1.09938 0)
(0.30279 1.0978 0)
(0.512056 1.00564 0)
(0.653319 0.864305 0)
(0.720743 0.714125 0)
(0.737473 0.578158 0)
(0.727982 0.464916 0)
(0.707749 0.37494 0)
(0.685215 0.304316 0)
(0.664565 0.247148 0)
(0.647068 0.197933 0)
(0.632334 0.15288 0)
(0.619525 0.109822 0)
(0.607923 0.0674882 0)
(0.596921 0.0248955 0)
(0.58583 -0.019113 0)
(0.572845 -0.0657753 0)
(0.555825 -0.115469 0)
(0.532015 -0.167212 0)
(0.498965 -0.218505 0)
(0.452783 -0.263338 0)
(0.0105988 0.765391 0)
(0.0256523 0.957841 0)
(0.118492 0.955176 0)
(0.269126 0.919505 0)
(0.414523 0.858169 0)
(0.522542 0.770606 0)
(0.588076 0.667729 0)
(0.620486 0.563547 0)
(0.630913 0.468568 0)
(0.628276 0.38738 0)
(0.619168 0.319495 0)
(0.60784 0.261903 0)
(0.596362 0.211273 0)
(0.585304 0.164976 0)
(0.574565 0.121193 0)
(0.563852 0.0786751 0)
(0.55282 0.0365296 0)
(0.540622 -0.00593173 0)
(0.526278 -0.0494644 0)
(0.508516 -0.093777 0)
(0.485158 -0.13813 0)
(0.455119 -0.180692 0)
(0.41644 -0.21761 0)
(0.0173079 0.731888 0)
(0.0625493 0.901991 0)
(0.144616 0.848505 0)
(0.251059 0.796756 0)
(0.353107 0.751674 0)
(0.435204 0.693394 0)
(0.493345 0.619166 0)
(0.529915 0.537869 0)
(0.549378 0.459086 0)
(0.556696 0.387959 0)
(0.55644 0.325384 0)
(0.552022 0.270102 0)
(0.54549 0.220316 0)
(0.537821 0.174389 0)
(0.529347 0.131005 0)
(0.520048 0.0891554 0)
(0.509671 0.0481155 0)
(0.497717 0.0074118 0)
(0.483488 -0.0329306 0)
(0.466124 -0.0729428 0)
(0.444509 -0.111887 0)
(0.41831 -0.148506 0)
(0.386459 -0.180346 0)
(0.0160312 0.690759 0)
(0.0717419 0.833677 0)
(0.148999 0.761167 0)
(0.231082 0.706841 0)
(0.307033 0.672362 0)
(0.37129 0.630537 0)
(0.421514 0.573895 0)
(0.457479 0.508746 0)
(0.480565 0.443052 0)
(0.493366 0.381319 0)
(0.498824 0.324811 0)
(0.499421 0.273188 0)
(0.496875 0.225602 0)
(0.492209 0.18115 0)
(0.485926 0.139005 0)
(0.478171 0.0984805 0)
(0.468828 0.0590824 0)
(0.457601 0.0205483 0)
(0.444046 -0.0171029 0)
(0.427767 -0.0537502 0)
(0.408207 -0.0887831 0)
(0.385316 -0.121422 0)
(0.358436 -0.150079 0)
(0.0148697 0.650005 0)
(0.070097 0.764999 0)
(0.140884 0.686497 0)
(0.208025 0.636389 0)
(0.268133 0.61008 0)
(0.320538 0.578242 0)
(0.364169 0.532911 0)
(0.397994 0.479317 0)
(0.422062 0.423954 0)
(0.437663 0.37041 0)
(0.44664 0.319871 0)
(0.45072 0.272418 0)
(0.451226 0.227768 0)
(0.449051 0.185514 0)
(0.444716 0.145223 0)
(0.438461 0.106498 0)
(0.430306 0.0690445 0)
(0.420143 0.0327208 0)
(0.407677 -0.00244069 0)
(0.392769 -0.0362407 0)
(0.375257 -0.0683422 0)
(0.355281 -0.0981584 0)
(0.332379 -0.124564 0)
(0.0144173 0.611325 0)
(0.065615 0.701218 0)
(0.128538 0.622237 0)
(0.184906 0.578732 0)
(0.234506 0.558929 0)
(0.278695 0.533613 0)
(0.317017 0.496004 0)
(0.348241 0.450962 0)
(0.371913 0.403788 0)
(0.388649 0.357202 0)
(0.399603 0.312159 0)
(0.405947 0.268923 0)
(0.408647 0.227525 0)
(0.408419 0.187881 0)
(0.405739 0.149829 0)
(0.400884 0.113186 0)
(0.393973 0.0778103 0)
(0.385018 0.0436412 0)
(0.373929 0.0107211 0)
(0.360671 -0.0206872 0)
(0.345205 -0.050409 0)
(0.327805 -0.0780341 0)
(0.30814 -0.102779 0)
(0.0139257 0.575092 0)
(0.0604189 0.643731 0)
(0.115533 0.566943 0)
(0.163464 0.530374 0)
(0.205457 0.515679 0)
(0.243546 0.494849 0)
(0.277469 0.462821 0)
(0.306005 0.424336 0)
(0.328557 0.383728 0)
(0.345412 0.342996 0)
(0.357293 0.302856 0)
(0.364983 0.263635 0)
(0.369169 0.225534 0)
(0.370402 0.188656 0)
(0.36909 0.153014 0)
(0.365514 0.118573 0)
(0.359843 0.0852963 0)
(0.352169 0.0531943 0)
(0.342522 0.0223424 0)
(0.33091 -0.00706369 0)
(0.317391 -0.0348486 0)
(0.30231 -0.0607407 0)
(0.2854 -0.0841767 0)
(0.0132365 0.541533 0)
(0.0550486 0.592569 0)
(0.103047 0.519284 0)
(0.144159 0.489164 0)
(0.1803 0.478408 0)
(0.213588 0.460794 0)
(0.243769 0.433008 0)
(0.269695 0.399705 0)
(0.290782 0.364431 0)
(0.307159 0.328617 0)
(0.319282 0.29278 0)
(0.327668 0.257254 0)
(0.3328 0.222323 0)
(0.335091 0.188191 0)
(0.334882 0.154976 0)
(0.33243 0.122736 0)
(0.327922 0.0915135 0)
(0.321491 0.0613673 0)
(0.313224 0.0323922 0)
(0.303195 0.0047457 0)
(0.291494 -0.0213724 0)
(0.27844 -0.0458055 0)
(0.263856 -0.0681486 0)
(0.0124762 0.510723 0)
(0.0498251 0.547361 0)
(0.091514 0.478118 0)
(0.126999 0.453656 0)
(0.158433 0.445888 0)
(0.187771 0.430659 0)
(0.214699 0.40623 0)
(0.238164 0.377128 0)
(0.257651 0.34624 0)
(0.273216 0.314566 0)
(0.285147 0.282473 0)
(0.293783 0.250278 0)
(0.299458 0.218299 0)
(0.302481 0.186788 0)
(0.303125 0.155919 0)
(0.301619 0.125811 0)
(0.298144 0.0965564 0)
(0.292849 0.0682475 0)
(0.285848 0.0409936 0)
(0.277262 0.014943 0)
(0.267194 -0.00971817 0)
(0.255941 -0.0329303 0)
(0.243392 -0.0543452 0)
(0.0117534 0.482553 0)
(0.0449642 0.507612 0)
(0.0810932 0.442495 0)
(0.111859 0.422839 0)
(0.139374 0.417305 0)
(0.165349 0.403888 0)
(0.189402 0.382195 0)
(0.210575 0.356561 0)
(0.228435 0.329317 0)
(0.243009 0.30114 0)
(0.254477 0.27229 0)
(0.263057 0.243063 0)
(0.268977 0.21378 0)
(0.272467 0.18471 0)
(0.273743 0.156054 0)
(0.273001 0.127964 0)
(0.270413 0.100561 0)
(0.266128 0.0739614 0)
(0.260282 0.0482803 0)
(0.253032 0.0236584 0)
(0.244414 0.000232192 0)
(0.234746 -0.0218818 0)
(0.224047 -0.0424835 0)
(0.0111277 0.456792 0)
(0.0405855 0.472808 0)
(0.0717758 0.411631 0)
(0.098539 0.395975 0)
(0.122717 0.392077 0)
(0.145762 0.380063 0)
(0.167245 0.36065 0)
(0.186294 0.337916 0)
(0.202559 0.313723 0)
(0.216056 0.28851 0)
(0.226895 0.262465 0)
(0.235211 0.235864 0)
(0.24116 0.209013 0)
(0.244911 0.182178 0)
(0.246635 0.155571 0)
(0.246501 0.129355 0)
(0.244663 0.10367 0)
(0.241269 0.0786391 0)
(0.236455 0.0543807 0)
(0.230377 0.0310192 0)
(0.223138 0.00865078 0)
(0.215025 -0.012508 0)
(0.206027 -0.0324683 0)
(0.0106341 0.433139 0)
(0.0367498 0.442486 0)
(0.0634701 0.384894 0)
(0.0868109 0.372496 0)
(0.108099 0.369758 0)
(0.128563 0.358853 0)
(0.147734 0.341371 0)
(0.164819 0.321086 0)
(0.179552 0.299464 0)
(0.191945 0.276772 0)
(0.202061 0.253151 0)
(0.20998 0.228858 0)
(0.215808 0.20418 0)
(0.219669 0.179367 0)
(0.221702 0.154625 0)
(0.222048 0.130124 0)
(0.220846 0.106005 0)
(0.218236 0.082397 0)
(0.214354 0.0594129 0)
(0.209357 0.0371672 0)
(0.203379 0.0157538 0)
(0.196628 -0.00467193 0)
(0.18915 -0.0241445 0)
(0.0102845 0.411265 0)
(0.0334666 0.416228 0)
(0.0560837 0.361804 0)
(0.076462 0.351957 0)
(0.0952023 0.349987 0)
(0.113371 0.339978 0)
(0.130452 0.324157 0)
(0.145722 0.305954 0)
(0.159 0.286508 0)
(0.170298 0.265962 0)
(0.179644 0.244435 0)
(0.187085 0.222161 0)
(0.19269 0.199406 0)
(0.196552 0.1764 0)
(0.19878 0.153338 0)
(0.199491 0.130384 0)
(0.198807 0.107679 0)
(0.196853 0.0853473 0)
(0.193758 0.0634957 0)
(0.18967 0.0422256 0)
(0.184716 0.0216161 0)
(0.179081 0.00178181 0)
(0.172784 -0.0172681 0)
(0.0100579 0.390862 0)
(0.0306832 0.393616 0)
(0.0495536 0.341997 0)
(0.0673093 0.334021 0)
(0.0837426 0.332479 0)
(0.099848 0.323209 0)
(0.115018 0.30883 0)
(0.128602 0.292407 0)
(0.140501 0.274805 0)
(0.150723 0.256088 0)
(0.159273 0.236362 0)
(0.166176 0.215847 0)
(0.171473 0.194784 0)
(0.17523 0.173381 0)
(0.177529 0.15182 0)
(0.17846 0.130258 0)
(0.178124 0.108829 0)
(0.176626 0.0876524 0)
(0.174073 0.0668274 0)
(0.170587 0.0464471 0)
(0.166265 0.0265811 0)
(0.161281 0.00733265 0)
(0.155628 -0.0113122 0)
(0.00989904 0.371696 0)
(0.0282935 0.374202 0)
(0.0438128 0.325178 0)
(0.0591755 0.318448 0)
(0.0734572 0.317032 0)
(0.0876725 0.308371 0)
(0.101058 0.29525 0)
(0.113049 0.28035 0)
(0.123622 0.264311 0)
(0.132774 0.247149 0)
(0.140493 0.228971 0)
(0.146786 0.209987 0)
(0.151671 0.19041 0)
(0.155184 0.170433 0)
(0.157382 0.150223 0)
(0.158328 0.129926 0)
(0.158096 0.109673 0)
(0.156764 0.0895744 0)
(0.154411 0.0697274 0)
(0.151128 0.0502186 0)
(0.14699 0.0311136 0)
(0.14215 0.0125129 0)
(0.136567 -0.00564464 0)
(0.00973383 0.353641 0)
(0.0261719 0.357532 0)
(0.0387567 0.311097 0)
(0.0518703 0.305084 0)
(0.0640915 0.303517 0)
(0.0765288 0.295348 0)
(0.0881971 0.283325 0)
(0.0986473 0.26973 0)
(0.107914 0.255013 0)
(0.11597 0.239173 0)
(0.122794 0.222331 0)
(0.128375 0.204684 0)
(0.132705 0.186426 0)
(0.135798 0.167733 0)
(0.137684 0.14876 0)
(0.138402 0.129644 0)
(0.137997 0.110506 0)
(0.136524 0.0914546 0)
(0.134042 0.0725815 0)
(0.130621 0.0539648 0)
(0.126329 0.0356609 0)
(0.121318 0.0177508 0)
(0.115569 0.000124487 0)
(0.00948422 0.336649 0)
(0.0241772 0.343146 0)
(0.0342346 0.299532 0)
(0.045194 0.29382 0)
(0.0554035 0.29186 0)
(0.0661204 0.284077 0)
(0.0760861 0.273008 0)
(0.0850125 0.260525 0)
(0.0929589 0.246923 0)
(0.0998683 0.232211 0)
(0.105715 0.216531 0)
(0.110465 0.200067 0)
(0.114094 0.182995 0)
(0.116597 0.165478 0)
(0.117984 0.147658 0)
(0.118274 0.129659 0)
(0.117499 0.111597 0)
(0.1157 0.0935703 0)
(0.11293 0.0756623 0)
(0.109258 0.0579346 0)
(0.104773 0.040422 0)
(0.0996417 0.0231653 0)
(0.0939053 0.00600771 0)
(0.00910022 0.320892 0)
(0.022211 0.3308 0)
(0.030137 0.290339 0)
(0.039004 0.284603 0)
(0.0472317 0.282064 0)
(0.0562603 0.274585 0)
(0.0645177 0.264333 0)
(0.0719348 0.252786 0)
(0.0785471 0.240119 0)
(0.0842689 0.226375 0)
(0.0890735 0.211713 0)
(0.0929102 0.196301 0)
(0.0957437 0.180302 0)
(0.0975613 0.163861 0)
(0.0983619 0.147107 0)
(0.0981594 0.130153 0)
(0.0969818 0.1131 0)
(0.0948695 0.0960372 0)
(0.0918812 0.0790293 0)
(0.0880987 0.0621125 0)
(0.0836366 0.045288 0)
(0.0786736 0.0285407 0)
(0.0732885 0.011691 0)
(0.00847286 0.306049 0)
(0.0199573 0.319786 0)
(0.0261164 0.283175 0)
(0.0329852 0.277239 0)
(0.0392677 0.273992 0)
(0.0466139 0.266718 0)
(0.0531385 0.257139 0)
(0.0590627 0.246362 0)
(0.0643279 0.234475 0)
(0.0688419 0.221568 0)
(0.0725812 0.207801 0)
(0.0754842 0.193324 0)
(0.0775196 0.178285 0)
(0.0786738 0.162816 0)
(0.0789457 0.147026 0)
(0.0783518 0.131013 0)
(0.0769234 0.114866 0)
(0.074703 0.0986559 0)
(0.0717571 0.082425 0)
(0.0681684 0.0661778 0)
(0.0640578 0.0498846 0)
(0.0595787 0.0334741 0)
(0.0547888 0.0167912 0)
(0.00790836 0.294421 0)
(0.0180924 0.311647 0)
(0.0228112 0.278408 0)
(0.027822 0.272096 0)
(0.0324109 0.268216 0)
(0.0383132 0.26112 0)
(0.0433298 0.252044 0)
(0.0479944 0.241857 0)
(0.0521082 0.230564 0)
(0.0556011 0.218316 0)
(0.058454 0.205255 0)
(0.0606015 0.191519 0)
(0.0620221 0.177244 0)
(0.0627041 0.162543 0)
(0.0626483 0.147513 0)
(0.0618701 0.132237 0)
(0.0603938 0.116794 0)
(0.0582503 0.101241 0)
(0.0554943 0.0856047 0)
(0.0521718 0.0698683 0)
(0.0483705 0.0539939 0)
(0.0441551 0.0378755 0)
(0.0395095 0.0214279 0)
(0.00641394 0.277768 0)
(0.0135476 0.301027 0)
(0.016362 0.273811 0)
(0.019362 0.267081 0)
(0.0216972 0.262369 0)
(0.0254464 0.255197 0)
(0.0282236 0.246662 0)
(0.0310631 0.237028 0)
(0.0334354 0.226401 0)
(0.0354249 0.214913 0)
(0.0369742 0.202669 0)
(0.038039 0.189796 0)
(0.0386115 0.176408 0)
(0.0386808 0.162603 0)
(0.0382435 0.148463 0)
(0.0373048 0.134062 0)
(0.0358708 0.11947 0)
(0.0339582 0.104727 0)
(0.0315987 0.089844 0)
(0.0288094 0.0747952 0)
(0.0256631 0.0595286 0)
(0.0221968 0.043893 0)
(0.0184768 0.0277695 0)
(0.042916 0.0496753 0)
(0.0161501 0.0334415 0)
(0.0169561 0.0354004 0)
(-0.0284005 0.0402726 0)
(0.103709 0.0607328 0)
(0.0479649 0.0405261 0)
(0.0298703 0.0160551 0)
(-0.0379532 -0.0122573 0)
(-0.3907 0.29447 0)
(-0.521623 0.252808 0)
(-0.565616 0.189925 0)
(-0.605232 0.133821 0)
(-1.0664 0.734095 0)
(-1.0159 0.327391 0)
(-0.982862 0.130132 0)
(-0.932515 -0.0290802 0)
(-0.958811 0.811227 0)
(-1.02586 0.369676 0)
(-1.10387 0.0580839 0)
(-1.07237 -0.140989 0)
(-0.464336 1.28868 0)
(-0.731314 0.549253 0)
(-0.790692 0.147313 0)
(-0.836722 -0.191203 0)
(-0.427253 1.5573 0)
(-0.434425 0.971195 0)
(-0.434164 0.486048 0)
(-0.493718 0.017339 0)
(-0.688081 0.487573 0)
(-0.377619 0.672453 0)
(-0.286264 0.52718 0)
(-0.260157 0.236376 0)
(-1.08881 -0.0382521 0)
(-0.900197 0.127327 0)
(-0.703583 0.122741 0)
(-0.627522 -0.0721454 0)
(-1.22318 -0.213588 0)
(-1.1378 -0.115722 0)
(-1.00757 -0.118693 0)
(-0.886564 -0.195473 0)
(-1.53751 -0.452916 0)
(-1.36776 -0.36652 0)
(-1.24956 -0.46757 0)
(-1.12126 -0.481405 0)
(-1.5116 -0.913172 0)
(-1.33757 -0.662963 0)
(-1.152 -0.539438 0)
(-0.973272 -0.659907 0)
(-1.11834 -1.09098 0)
(-1.08168 -1.0538 0)
(-1.01833 -0.957817 0)
(-0.965782 -0.862476 0)
(-0.611234 -1.0087 0)
(-0.620083 -1.02789 0)
(-0.613406 -1.00923 0)
(-0.644546 -0.979975 0)
(-0.197992 -0.921809 0)
(-0.20829 -0.97063 0)
(-0.217806 -0.986817 0)
(-0.280654 -0.905115 0)
(0.114168 -0.866587 0)
(0.103379 -0.910275 0)
(0.0993342 -0.930634 0)
(0.021887 -0.873304 0)
(0.377265 -0.795351 0)
(0.347059 -0.850027 0)
(0.304386 -0.855495 0)
(0.246539 -0.814772 0)
(0.585681 -0.657858 0)
(0.514392 -0.711235 0)
(0.44477 -0.734639 0)
(0.386357 -0.72781 0)
(0.616853 -0.521345 0)
(0.559601 -0.558721 0)
(0.49835 -0.583633 0)
(0.435569 -0.593349 0)
(0.534928 -0.443991 0)
(0.490316 -0.464407 0)
(0.443284 -0.472673 0)
(0.393486 -0.473273 0)
(0.456604 -0.356308 0)
(0.41899 -0.372489 0)
(0.381166 -0.382463 0)
(0.344264 -0.387017 0)
(0.41267 -0.291561 0)
(0.384503 -0.304029 0)
(0.356308 -0.311626 0)
(0.328274 -0.316014 0)
(0.384197 -0.241633 0)
(0.362143 -0.253454 0)
(0.340364 -0.262233 0)
(0.319157 -0.268957 0)
(0.36067 -0.201497 0)
(0.34328 -0.212445 0)
(0.326035 -0.221161 0)
(0.309015 -0.228385 0)
(0.33707 -0.169537 0)
(0.322787 -0.180116 0)
(0.308608 -0.189059 0)
(0.294598 -0.196906 0)
(0.314403 -0.142742 0)
(0.302454 -0.152941 0)
(0.290576 -0.161876 0)
(0.278795 -0.169973 0)
(0.292832 -0.120035 0)
(0.282682 -0.129972 0)
(0.272574 -0.13892 0)
(0.262523 -0.147219 0)
(0.272291 -0.100678 0)
(0.263594 -0.110359 0)
(0.254902 -0.119241 0)
(0.246225 -0.127589 0)
(0.252571 -0.0839971 0)
(0.245073 -0.0934202 0)
(0.237553 -0.102179 0)
(0.230014 -0.110471 0)
(0.233688 -0.0696123 0)
(0.227228 -0.0787789 0)
(0.220736 -0.0873817 0)
(0.214212 -0.0955524 0)
(0.215791 -0.0572433 0)
(0.210301 -0.0661888 0)
(0.204783 -0.0746481 0)
(0.199231 -0.0826955 0)
(0.199104 -0.0468298 0)
(0.19452 -0.0556035 0)
(0.189934 -0.0639483 0)
(0.185322 -0.0719015 0)
(0.183447 -0.0382084 0)
(0.179671 -0.0468577 0)
(0.175884 -0.0551177 0)
(0.172066 -0.063011 0)
(0.167948 -0.0310687 0)
(0.164728 -0.0395922 0)
(0.161483 -0.047752 0)
(0.158186 -0.0555627 0)
(0.151215 -0.0248256 0)
(0.148229 -0.0331693 0)
(0.145179 -0.0411584 0)
(0.142051 -0.0488078 0)
(0.132159 -0.0187962 0)
(0.129166 -0.0268928 0)
(0.126087 -0.0346393 0)
(0.122906 -0.0420449 0)
(0.111066 -0.0126189 0)
(0.108035 -0.0204372 0)
(0.104925 -0.0279298 0)
(0.101719 -0.0350869 0)
(0.0895 -0.00639596 0)
(0.0865793 -0.0140004 0)
(0.0836121 -0.0213182 0)
(0.0806143 -0.0283836 0)
(0.0692188 -0.000488087 0)
(0.0665491 -0.00795282 0)
(0.0638975 -0.0152527 0)
(0.0613389 -0.0225479 0)
(0.0511878 0.00473642 0)
(0.0488207 -0.00273429 0)
(0.046526 -0.0102856 0)
(0.0444519 -0.0180925 0)
(0.0359175 0.00954099 0)
(0.0335687 0.00197483 0)
(0.0313485 -0.00591807 0)
(0.0293838 -0.0141398 0)
(0.015765 0.0157682 0)
(0.014167 0.00770873 0)
(0.0128209 -0.000878483 0)
(0.0117042 -0.0100097 0)
(0.0525699 0.256509 0)
(0.247383 0.177541 0)
(0.36351 -0.00766282 0)
(0.123962 0.0808385 0)
(-0.263237 0.432129 0)
(-0.693433 0.687952 0)
(-1.11559 0.799808 0)
(-1.30364 0.738347 0)
(-1.28137 0.40422 0)
(-1.18525 0.185279 0)
(-1.00922 0.055206 0)
(-0.843916 -0.151368 0)
(-0.869409 -0.449698 0)
(-1.02474 -0.617151 0)
(-1.10531 -0.714801 0)
(-0.988597 -0.727659 0)
(-0.667719 -0.605834 0)
(-0.351355 -0.348389 0)
(-0.067089 -0.0160028 0)
(0.0502797 0.0668297 0)
(0.136882 0.06592 0)
(0.149746 0.209299 0)
(-0.154877 0.441074 0)
(-0.426457 0.783674 0)
(-0.851687 1.03624 0)
(-1.30623 0.905756 0)
(-1.4692 0.381074 0)
(-1.4989 0.0126259 0)
(-1.42346 -0.212617 0)
(-1.3162 -0.322804 0)
(-1.33154 -0.380567 0)
(-1.72408 -0.353964 0)
(-2.65854 -0.397004 0)
(-2.50436 -0.921437 0)
(-1.87838 -1.14464 0)
(-1.01916 -1.00869 0)
(-0.439755 -0.67234 0)
(-0.0685245 -0.209411 0)
(-0.562888 0.055265 0)
(-0.428903 0.0503849 0)
(-0.262467 0.281885 0)
(-0.33022 0.642959 0)
(-0.530526 1.04698 0)
(-0.874117 1.34235 0)
(-1.20524 1.25415 0)
(-1.31623 0.83203 0)
(-1.55538 0.247535 0)
(-1.76906 0.189805 0)
(-2.08889 0.0758519 0)
(-2.53473 0.328086 0)
(-2.94831 0.624608 0)
(-2.78906 -0.113862 0)
(-2.61376 -1.21135 0)
(-2.48263 -1.82501 0)
(-1.7864 -1.78506 0)
(-0.801418 -1.21992 0)
(-0.110179 -0.405116 0)
(-0.797172 -0.168075 0)
(-0.616481 -0.142123 0)
(-0.494442 0.244671 0)
(-0.48048 0.75967 0)
(-0.62713 1.24224 0)
(-0.888999 1.59566 0)
(-1.15109 1.74589 0)
(-1.40634 1.44298 0)
(-1.93344 0.66703 0)
(-1.987 0.355667 0)
(-1.96708 0.303258 0)
(-2.02049 0.482315 0)
(-1.85639 0.254816 0)
(-1.65183 -0.393019 0)
(-1.94158 -1.11923 0)
(-2.47355 -1.89723 0)
(-2.4926 -2.40229 0)
(-1.27347 -2.29411 0)
(-0.13392 -1.18929 0)
(-0.880107 -0.360283 0)
(-0.757969 -0.25498 0)
(-0.624853 0.203479 0)
(-0.554535 0.78704 0)
(-0.647374 1.35799 0)
(-0.83259 1.80941 0)
(-1.05803 2.01479 0)
(-1.3182 1.62156 0)
(-1.34039 0.614712 0)
(-0.997809 0.0946516 0)
(-0.824088 -0.00321917 0)
(-0.559726 0.162608 0)
(-0.231815 0.146209 0)
(-0.0222866 -0.0658711 0)
(-0.177193 -0.609006 0)
(-0.808242 -1.42918 0)
(-1.64468 -2.35048 0)
(-1.32036 -2.9855 0)
(-0.0261037 -2.22682 0)
(-0.824947 -0.510805 0)
(-0.80645 -0.328762 0)
(-0.662635 0.0751427 0)
(-0.508642 0.732015 0)
(-0.524009 1.36638 0)
(-0.517844 1.98182 0)
(-0.570181 2.10903 0)
(-0.854836 1.42798 0)
(-0.78333 0.300824 0)
(-0.696869 -0.123017 0)
(-0.625934 -0.159526 0)
(-0.38506 -0.181235 0)
(-0.090503 -0.265655 0)
(0.373677 -0.41577 0)
(0.69528 -0.515666 0)
(0.632084 -0.859031 0)
(0.198726 -1.56509 0)
(-0.379817 -3.05471 0)
(0.0989558 -2.5486 0)
(-0.684962 -0.402175 0)
(-0.769864 -0.3613 0)
(-0.64711 -0.0679224 0)
(-0.424829 0.54661 0)
(-0.287099 1.23282 0)
(-0.163931 1.98717 0)
(0.246261 2.21186 0)
(-0.103808 1.73494 0)
(-0.292486 0.535176 0)
(-0.665304 -0.0412776 0)
(-0.754499 -0.299894 0)
(-0.557158 -0.412858 0)
(-0.286862 -0.641686 0)
(0.101605 -0.754524 0)
(0.422613 -0.88424 0)
(0.439242 -1.06613 0)
(0.659671 -1.30079 0)
(-0.1644 -2.84076 0)
(0.133517 -2.72738 0)
(-0.358679 -0.127093 0)
(-0.611681 -0.310234 0)
(-0.563679 -0.150409 0)
(-0.407711 0.289417 0)
(-0.113627 1.02034 0)
(-0.0287816 1.73223 0)
(0.462043 2.07985 0)
(0.643316 1.93676 0)
(0.376473 0.910562 0)
(-0.117315 0.206069 0)
(-0.624327 -0.230792 0)
(-0.517755 -0.664366 0)
(-0.197757 -1.09253 0)
(0.084616 -1.12919 0)
(0.374717 -0.942721 0)
(0.409363 -0.955022 0)
(0.514018 -1.37452 0)
(-0.0637377 -2.17589 0)
(0.161844 -2.75726 0)
(-0.565959 -0.20566 0)
(-0.431141 -0.250918 0)
(-0.454728 -0.160277 0)
(-0.391776 0.192208 0)
(-0.116303 0.712759 0)
(0.0689994 1.42611 0)
(0.425507 1.79088 0)
(0.75836 1.81493 0)
(0.879151 1.14787 0)
(0.836919 0.611025 0)
(0.667278 0.149411 0)
(0.715647 -0.644922 0)
(0.814072 -1.16455 0)
(0.661098 -1.43073 0)
(0.479524 -1.11061 0)
(0.417692 -0.856155 0)
(0.393428 -1.30747 0)
(-0.0366743 -2.11567 0)
(0.175781 -2.72746 0)
(-0.744081 -0.296265 0)
(-0.589948 -0.335662 0)
(-0.482227 -0.225778 0)
(-0.344602 0.0289466 0)
(-0.158818 0.474052 0)
(0.085221 1.14805 0)
(0.343476 1.55151 0)
(0.661463 1.43828 0)
(1.17986 0.89133 0)
(1.51031 0.620727 0)
(1.61022 0.115345 0)
(1.75791 -0.600001 0)
(1.60873 -0.913688 0)
(1.17723 -1.02729 0)
(0.632432 -0.893347 0)
(0.364889 -0.756571 0)
(0.35648 -1.35982 0)
(-0.0661287 -1.98496 0)
(0.187191 -2.69538 0)
(-0.914405 -0.444632 0)
(-0.740555 -0.381268 0)
(-0.634389 -0.26571 0)
(-0.546833 -0.0677435 0)
(-0.340232 0.338207 0)
(0.0323126 0.927289 0)
(0.308578 1.341 0)
(0.786948 0.812797 0)
(1.74566 0.234419 0)
(2.35415 0.164923 0)
(2.46951 -0.128536 0)
(1.89174 -0.426143 0)
(1.44225 -0.442052 0)
(0.873813 -0.452166 0)
(0.497439 -0.418123 0)
(0.44424 -0.554773 0)
(0.6173 -1.20342 0)
(-0.0566976 -1.6875 0)
(0.196923 -2.65299 0)
(-0.870033 -0.806437 0)
(-0.829698 -0.597127 0)
(-0.745473 -0.396993 0)
(-0.655142 -0.199851 0)
(-0.517806 0.0973415 0)
(-0.212604 0.553416 0)
(0.232324 0.960133 0)
(0.603954 0.442876 0)
(0.729723 0.157155 0)
(0.897308 0.155302 0)
(1.10933 0.0596665 0)
(0.757327 -0.211413 0)
(0.794195 -0.270239 0)
(0.662285 -0.216096 0)
(0.652774 -0.312455 0)
(0.78485 -0.522284 0)
(0.903907 -0.932621 0)
(0.00090457 -1.29313 0)
(0.207162 -2.60263 0)
(-0.859023 -0.733303 0)
(-0.698596 -0.581186 0)
(-0.717629 -0.476747 0)
(-0.72197 -0.257308 0)
(-0.617733 -0.0260497 0)
(-0.419589 0.233665 0)
(-0.0540105 0.440941 0)
(0.156052 0.0938971 0)
(0.192529 -0.0615906 0)
(0.292152 0.00559706 0)
(0.404392 0.103983 0)
(0.374066 0.125208 0)
(0.414236 -0.0309891 0)
(0.614025 -0.266692 0)
(0.811112 -0.525298 0)
(0.756326 -0.764423 0)
(0.616805 -0.86637 0)
(-0.0576695 -0.968426 0)
(0.216042 -2.55584 0)
(-0.609314 -0.895515 0)
(-0.569076 -0.693011 0)
(-0.507119 -0.510584 0)
(-0.571904 -0.352353 0)
(-0.611411 -0.124634 0)
(-0.469775 0.122778 0)
(-0.275016 0.236381 0)
(-0.184959 0.0643402 0)
(-0.119745 -0.0283711 0)
(-0.00322271 -0.0489975 0)
(0.118031 -0.0646454 0)
(0.310963 -0.302916 0)
(0.453631 -0.542166 0)
(0.345998 -0.755251 0)
(0.221526 -0.374963 0)
(0.243553 -0.565394 0)
(0.326094 -0.628154 0)
(-0.0706847 -0.785428 0)
(0.217634 -2.509 0)
(-0.274855 -0.86801 0)
(-0.282075 -0.722066 0)
(-0.284927 -0.481157 0)
(-0.275163 -0.258308 0)
(-0.260587 -0.0868802 0)
(-0.228014 -0.101385 0)
(-0.310068 0.199593 0)
(-0.071189 0.0120558 0)
(0.0433416 -0.215048 0)
(0.0443329 -0.259526 0)
(0.195782 -0.273936 0)
(0.199288 -0.408892 0)
(0.233067 -0.139208 0)
(0.236093 -0.326337 0)
(0.294265 -0.444683 0)
(0.248651 -0.56501 0)
(0.293151 -0.573977 0)
(-0.044445 -0.695854 0)
(0.213541 -2.45081 0)
(0.00519934 -0.832323 0)
(-0.0505718 -0.71274 0)
(-0.0833152 -0.516009 0)
(-0.0468124 -0.30944 0)
(0.0197725 -0.119352 0)
(0.0897159 0.0233279 0)
(0.153571 0.0489588 0)
(0.245567 -0.10974 0)
(0.22285 -0.13365 0)
(0.208772 -0.22913 0)
(0.238462 -0.196619 0)
(0.260449 -0.277018 0)
(0.283248 -0.396114 0)
(0.288716 -0.477635 0)
(0.307382 -0.476836 0)
(0.176233 -0.465743 0)
(0.242422 -0.495434 0)
(-0.0253773 -0.634098 0)
(0.206903 -2.38106 0)
(0.194394 -0.764928 0)
(0.118026 -0.653568 0)
(0.0507884 -0.487935 0)
(0.0353274 -0.320033 0)
(0.0635965 -0.185399 0)
(0.127754 -0.096475 0)
(0.224514 -0.0435128 0)
(0.293458 -0.0811781 0)
(0.311164 -0.142566 0)
(0.307182 -0.206224 0)
(0.305454 -0.270795 0)
(0.300095 -0.331206 0)
(0.294389 -0.347117 0)
(0.249547 -0.388259 0)
(0.271175 -0.44227 0)
(0.120967 -0.418051 0)
(0.216407 -0.471546 0)
(-0.00456828 -0.59102 0)
(0.201475 -2.30334 0)
(0.306057 -0.676068 0)
(0.19856 -0.572843 0)
(0.119266 -0.440508 0)
(0.0900117 -0.309843 0)
(0.103892 -0.204446 0)
(0.141567 -0.136386 0)
(0.192379 -0.113713 0)
(0.236295 -0.141249 0)
(0.261991 -0.176967 0)
(0.273977 -0.215679 0)
(0.278684 -0.250681 0)
(0.271473 -0.295225 0)
(0.273844 -0.342537 0)
(0.240319 -0.385568 0)
(0.27555 -0.411492 0)
(0.105651 -0.350479 0)
(0.199017 -0.46153 0)
(0.0247972 -0.558413 0)
(0.206154 -2.21568 0)
(0.337449 -0.560491 0)
(0.219869 -0.481948 0)
(0.140697 -0.386592 0)
(0.108484 -0.293901 0)
(0.114334 -0.220122 0)
(0.143969 -0.170878 0)
(0.18502 -0.148296 0)
(0.222228 -0.15482 0)
(0.247919 -0.180259 0)
(0.264122 -0.216695 0)
(0.277264 -0.25821 0)
(0.282698 -0.300856 0)
(0.293824 -0.337435 0)
(0.25921 -0.365773 0)
(0.283538 -0.36916 0)
(0.119591 -0.288604 0)
(0.19256 -0.45957 0)
(0.0686524 -0.563583 0)
(0.229876 -2.10692 0)
(0.312302 -0.45296 0)
(0.216074 -0.402642 0)
(0.152726 -0.34122 0)
(0.125839 -0.281724 0)
(0.129679 -0.232686 0)
(0.152207 -0.198808 0)
(0.184059 -0.182725 0)
(0.216958 -0.18588 0)
(0.245334 -0.204391 0)
(0.268072 -0.233787 0)
(0.289027 -0.269203 0)
(0.302707 -0.305319 0)
(0.317045 -0.332217 0)
(0.285674 -0.345773 0)
(0.294434 -0.325729 0)
(0.153351 -0.226944 0)
(0.18946 -0.437206 0)
(0.0745603 -0.596903 0)
(0.226223 -1.95111 0)
(0.286884 -0.375629 0)
(0.219001 -0.344593 0)
(0.174169 -0.308024 0)
(0.153122 -0.272736 0)
(0.152993 -0.24292 0)
(0.167731 -0.220801 0)
(0.190703 -0.209046 0)
(0.216633 -0.210648 0)
(0.242484 -0.226299 0)
(0.268698 -0.254496 0)
(0.298861 -0.288983 0)
(0.324346 -0.318756 0)
(0.342963 -0.330014 0)
(0.315179 -0.32128 0)
(0.303526 -0.281379 0)
(0.184708 -0.1683 0)
(0.183056 -0.38318 0)
(0.064276 -0.629998 0)
(0.207152 -1.80287 0)
(0.284829 -0.31391 0)
(0.234183 -0.301737 0)
(0.199453 -0.283457 0)
(0.180458 -0.263656 0)
(0.175321 -0.246301 0)
(0.181169 -0.233459 0)
(0.194909 -0.22723 0)
(0.213529 -0.231202 0)
(0.236791 -0.249583 0)
(0.268942 -0.283048 0)
(0.311676 -0.319801 0)
(0.348849 -0.339994 0)
(0.368214 -0.328848 0)
(0.338208 -0.29062 0)
(0.303008 -0.230739 0)
(0.193205 -0.1073 0)
(0.158307 -0.304407 0)
(0.0458581 -0.658981 0)
(0.179819 -1.67614 0)
(0.286557 -0.272372 0)
(0.246355 -0.269344 0)
(0.215652 -0.261421 0)
(0.19592 -0.252081 0)
(0.186693 -0.243904 0)
(0.186301 -0.238595 0)
(0.193 -0.238224 0)
(0.205644 -0.247742 0)
(0.228818 -0.275828 0)
(0.270462 -0.322253 0)
(0.325584 -0.362327 0)
(0.36835 -0.366109 0)
(0.381362 -0.323677 0)
(0.341221 -0.249644 0)
(0.283096 -0.166729 0)
(0.165331 -0.0339419 0)
(0.106012 -0.219441 0)
(0.0112554 -0.689472 0)
(0.145963 -1.57499 0)
(0.282248 -0.235022 0)
(0.248134 -0.238912 0)
(0.220496 -0.239149 0)
(0.200772 -0.238225 0)
(0.18891 -0.237807 0)
(0.184223 -0.239097 0)
(0.185542 -0.244479 0)
(0.193952 -0.262724 0)
(0.219862 -0.308023 0)
(0.270347 -0.372224 0)
(0.33004 -0.411078 0)
(0.367078 -0.388854 0)
(0.366347 -0.307657 0)
(0.311633 -0.195654 0)
(0.237432 -0.0873848 0)
(0.106671 0.0565454 0)
(0.0261429 -0.142287 0)
(-0.0295111 -0.737066 0)
(0.105498 -1.51046 0)
(0.272401 -0.205696 0)
(0.24332 -0.213931 0)
(0.218653 -0.219577 0)
(0.199564 -0.224334 0)
(0.186018 -0.229287 0)
(0.177702 -0.23551 0)
(0.173964 -0.246611 0)
(0.179356 -0.277491 0)
(0.207636 -0.345445 0)
(0.258072 -0.426019 0)
(0.307897 -0.45484 0)
(0.327345 -0.398652 0)
(0.310002 -0.276616 0)
(0.243446 -0.129635 0)
(0.164079 0.00484989 0)
(0.0319863 0.151214 0)
(-0.0470544 -0.0850657 0)
(-0.0275707 -0.811937 0)
(0.0608563 -1.48408 0)
(0.259982 -0.180092 0)
(0.234862 -0.191299 0)
(0.212659 -0.200786 0)
(0.194055 -0.209589 0)
(0.179103 -0.218385 0)
(0.167504 -0.228159 0)
(0.159338 -0.245157 0)
(0.162061 -0.291127 0)
(0.186251 -0.380799 0)
(0.220815 -0.470017 0)
(0.245385 -0.480604 0)
(0.2402 -0.389414 0)
(0.211048 -0.233198 0)
(0.142772 -0.059136 0)
(0.0695872 0.0910225 0)
(-0.0452308 0.234459 0)
(-0.0645406 -0.0780737 0)
(0.0265427 -0.887775 0)
(0.0263348 -1.46718 0)
(0.246341 -0.158218 0)
(0.224335 -0.171404 0)
(0.204078 -0.183336 0)
(0.185867 -0.194533 0)
(0.169854 -0.205481 0)
(0.155511 -0.217447 0)
(0.143944 -0.240041 0)
(0.141923 -0.298813 0)
(0.150846 -0.401162 0)
(0.153903 -0.488171 0)
(0.143046 -0.477773 0)
(0.113511 -0.360855 0)
(0.0823927 -0.185562 0)
(0.0190638 -0.00251299 0)
(-0.0492092 0.182269 0)
(-0.0754292 0.245541 0)
(-0.0101915 -0.123585 0)
(0.105693 -0.929502 0)
(0.0201829 -1.42618 0)
(0.232112 -0.139051 0)
(0.21259 -0.153396 0)
(0.193947 -0.166704 0)
(0.176355 -0.179213 0)
(0.160073 -0.191234 0)
(0.144393 -0.204432 0)
(0.130839 -0.230484 0)
(0.120602 -0.293686 0)
(0.105738 -0.394371 0)
(0.0700381 -0.468949 0)
(0.0213355 -0.441698 0)
(-0.0270033 -0.317387 0)
(-0.05589 -0.133884 0)
(-0.109459 0.0639466 0)
(-0.131961 0.210458 0)
(-0.0241165 0.155282 0)
(0.10261 -0.206218 0)
(0.185771 -0.906692 0)
(0.0564639 -1.3585 0)
(0.217648 -0.12214 0)
(0.20033 -0.137127 0)
(0.18341 -0.151178 0)
(0.167132 -0.164436 0)
(0.151844 -0.177016 0)
(0.136908 -0.190695 0)
(0.122982 -0.216131 0)
(0.1039 -0.272633 0)
(0.0669818 -0.357596 0)
(-0.00128301 -0.413907 0)
(-0.082699 -0.381473 0)
(-0.141337 -0.266988 0)
(-0.158201 -0.0913319 0)
(-0.165819 0.0686471 0)
(-0.122843 0.132116 0)
(0.108482 -0.0156347 0)
(0.23496 -0.275666 0)
(0.259916 -0.817423 0)
(0.109954 -1.23264 0)
(0.203469 -0.107296 0)
(0.18837 -0.122661 0)
(0.173585 -0.137251 0)
(0.159485 -0.151209 0)
(0.146504 -0.164456 0)
(0.134219 -0.178131 0)
(0.121811 -0.199053 0)
(0.0988426 -0.240637 0)
(0.0520714 -0.3015 0)
(-0.029945 -0.33877 0)
(-0.124331 -0.312548 0)
(-0.18693 -0.226912 0)
(-0.17894 -0.0967569 0)
(-0.11698 0.00700196 0)
(-0.0220389 -0.00682171 0)
(0.216799 -0.184325 0)
(0.324792 -0.340755 0)
(0.298037 -0.702608 0)
(0.143946 -1.05714 0)
(0.190111 -0.0945127 0)
(0.177393 -0.110263 0)
(0.165134 -0.125497 0)
(0.153782 -0.140379 0)
(0.143733 -0.154649 0)
(0.134739 -0.16825 0)
(0.125398 -0.183514 0)
(0.105977 -0.208813 0)
(0.0660495 -0.245666 0)
(-0.00168928 -0.266562 0)
(-0.081661 -0.249622 0)
(-0.134322 -0.207686 0)
(-0.119547 -0.152955 0)
(-0.0249873 -0.116562 0)
(0.114174 -0.172509 0)
(0.250762 -0.313761 0)
(0.321193 -0.385702 0)
(0.282083 -0.59769 0)
(0.144639 -0.871402 0)
(0.177789 -0.0838663 0)
(0.167417 -0.100119 0)
(0.157628 -0.116141 0)
(0.148836 -0.132065 0)
(0.141148 -0.147459 0)
(0.134494 -0.161296 0)
(0.128115 -0.17279 0)
(0.116142 -0.186897 0)
(0.0933681 -0.207248 0)
(0.0571108 -0.21757 0)
(0.01429 -0.208135 0)
(-0.0112509 -0.198581 0)
(0.00707387 -0.204939 0)
(0.0721041 -0.230082 0)
(0.167495 -0.286256 0)
(0.226455 -0.377222 0)
(0.256453 -0.400041 0)
(0.228065 -0.516903 0)
(0.124175 -0.708434 0)
(0.165856 -0.0751587 0)
(0.157311 -0.0919234 0)
(0.149264 -0.108698 0)
(0.142008 -0.125441 0)
(0.135288 -0.141626 0)
(0.129247 -0.155966 0)
(0.123935 -0.166448 0)
(0.117631 -0.176732 0)
(0.110003 -0.190972 0)
(0.100299 -0.197281 0)
(0.0906103 -0.192697 0)
(0.0873415 -0.198812 0)
(0.111214 -0.223151 0)
(0.144031 -0.264977 0)
(0.178642 -0.317005 0)
(0.183663 -0.387682 0)
(0.187546 -0.396049 0)
(0.171567 -0.459543 0)
(0.0971996 -0.579246 0)
(0.152747 -0.0677968 0)
(0.145073 -0.0849114 0)
(0.137698 -0.102205 0)
(0.130762 -0.119307 0)
(0.12385 -0.135804 0)
(0.117179 -0.150505 0)
(0.111011 -0.161547 0)
(0.106437 -0.173344 0)
(0.105451 -0.188836 0)
(0.106628 -0.196775 0)
(0.112366 -0.195438 0)
(0.120016 -0.207153 0)
(0.137893 -0.239222 0)
(0.148586 -0.281372 0)
(0.158665 -0.321798 0)
(0.142983 -0.378856 0)
(0.133602 -0.386206 0)
(0.124112 -0.419864 0)
(0.0699115 -0.482717 0)
(0.136768 -0.0609573 0)
(0.129151 -0.0782484 0)
(0.121787 -0.0958498 0)
(0.114689 -0.112978 0)
(0.107455 -0.129521 0)
(0.100144 -0.144157 0)
(0.0930428 -0.156109 0)
(0.0884212 -0.171469 0)
(0.0878211 -0.190148 0)
(0.0890512 -0.201202 0)
(0.0966926 -0.205033 0)
(0.107312 -0.218533 0)
(0.123456 -0.247738 0)
(0.124012 -0.2858 0)
(0.127399 -0.317253 0)
(0.107665 -0.364541 0)
(0.0936773 -0.374619 0)
(0.0854366 -0.391201 0)
(0.0447214 -0.414795 0)
(0.117495 -0.0540349 0)
(0.109877 -0.0716025 0)
(0.102742 -0.0895188 0)
(0.0959913 -0.106644 0)
(0.0891116 -0.123236 0)
(0.082194 -0.137604 0)
(0.0761421 -0.150744 0)
(0.0727423 -0.169571 0)
(0.071904 -0.190278 0)
(0.0720638 -0.204052 0)
(0.0787853 -0.213901 0)
(0.0875261 -0.231137 0)
(0.101581 -0.255439 0)
(0.0984284 -0.286636 0)
(0.101125 -0.309866 0)
(0.0818457 -0.348775 0)
(0.065849 -0.360875 0)
(0.0541723 -0.368023 0)
(0.0240677 -0.371118 0)
(0.0964294 -0.0471386 0)
(0.0895065 -0.0653699 0)
(0.0832667 -0.0837014 0)
(0.0776301 -0.100946 0)
(0.0717778 -0.117762 0)
(0.0667024 -0.132439 0)
(0.0641623 -0.147592 0)
(0.0638677 -0.169013 0)
(0.0645804 -0.190602 0)
(0.0658574 -0.206817 0)
(0.0715598 -0.220817 0)
(0.0762741 -0.239089 0)
(0.0842719 -0.258738 0)
(0.0779176 -0.284839 0)
(0.0790655 -0.302419 0)
(0.0616249 -0.333459 0)
(0.0452763 -0.344752 0)
(0.0304264 -0.348994 0)
(0.0105442 -0.347091 0)
(0.0760106 -0.0409969 0)
(0.0704464 -0.0601644 0)
(0.0653748 -0.0788783 0)
(0.0612053 -0.0963786 0)
(0.0570178 -0.113951 0)
(0.05496 -0.130296 0)
(0.0566638 -0.148135 0)
(0.0591168 -0.170784 0)
(0.0608329 -0.192215 0)
(0.0620493 -0.2093 0)
(0.0645195 -0.224193 0)
(0.0647721 -0.241145 0)
(0.0671226 -0.257879 0)
(0.060089 -0.280604 0)
(0.0589657 -0.295201 0)
(0.044744 -0.319569 0)
(0.0302231 -0.328892 0)
(0.0165566 -0.334993 0)
(0.00473442 -0.33553 0)
(0.0577462 -0.0361241 0)
(0.0535144 -0.0561044 0)
(0.0494837 -0.0752284 0)
(0.0470642 -0.0934659 0)
(0.0454072 -0.112646 0)
(0.0462928 -0.131453 0)
(0.0501038 -0.151235 0)
(0.0525003 -0.173091 0)
(0.0527647 -0.192913 0)
(0.0518212 -0.209279 0)
(0.0509819 -0.223994 0)
(0.0493224 -0.240126 0)
(0.0492616 -0.256105 0)
(0.0439493 -0.275961 0)
(0.0414016 -0.28912 0)
(0.0315537 -0.308256 0)
(0.0209319 -0.316454 0)
(0.011724 -0.325191 0)
(0.00368598 -0.327867 0)
(0.041623 -0.0325187 0)
(0.0381758 -0.0529756 0)
(0.0354303 -0.0730188 0)
(0.0351861 -0.0928064 0)
(0.0359105 -0.113605 0)
(0.037773 -0.133749 0)
(0.0401947 -0.153564 0)
(0.0403474 -0.173363 0)
(0.0387433 -0.191342 0)
(0.0366457 -0.207289 0)
(0.0351468 -0.222578 0)
(0.0339654 -0.238635 0)
(0.0333333 -0.254335 0)
(0.0300209 -0.271549 0)
(0.0274479 -0.284329 0)
(0.0217087 -0.300043 0)
(0.0154366 -0.308348 0)
(0.0101265 -0.31764 0)
(0.00345562 -0.320195 0)
(0.0266797 -0.0290578 0)
(0.0238793 -0.0505373 0)
(0.0229066 -0.0724475 0)
(0.0239671 -0.0937134 0)
(0.0248948 -0.114763 0)
(0.0254699 -0.134565 0)
(0.0254065 -0.153545 0)
(0.024251 -0.172053 0)
(0.0226719 -0.189421 0)
(0.0213868 -0.205747 0)
(0.020697 -0.221657 0)
(0.0201566 -0.237524 0)
(0.0195347 -0.252919 0)
(0.0178252 -0.268552 0)
(0.0162378 -0.281533 0)
(0.0133696 -0.295358 0)
(0.0102209 -0.304165 0)
(0.00699597 -0.312581 0)
(0.00232332 -0.314738 0)
(0.0102087 -0.026236 0)
(0.00914734 -0.0497401 0)
(0.0091935 -0.0727787 0)
(0.00944689 -0.0941676 0)
(0.00925153 -0.114687 0)
(0.00886138 -0.134121 0)
(0.00838175 -0.15295 0)
(0.0079038 -0.171362 0)
(0.00746558 -0.188864 0)
(0.00718471 -0.205506 0)
(0.00702416 -0.221613 0)
(0.00683965 -0.237426 0)
(0.00662451 -0.25283 0)
(0.00614053 -0.268017 0)
(0.00564599 -0.281271 0)
(0.00473752 -0.294321 0)
(0.00367488 -0.30345 0)
(0.00235525 -0.311217 0)
(0.000723882 -0.313657 0)
)
;

boundaryField
{
    leftWall
    {
        type            noSlip;
    }
    rightWall
    {
        type            noSlip;
    }
    lowerWall
    {
        type            noSlip;
    }
    atmosphere
    {
        type            pressureInletOutletVelocity;
        value           nonuniform List<vector> 
46
(
(0.00641394 0.277768 0)
(0.0135476 0.301027 0)
(0.016362 0.273811 0)
(0.019362 0.267081 0)
(0.0216972 0.262369 0)
(0.0254464 0.255197 0)
(0.0282236 0.246662 0)
(0.0310631 0.237028 0)
(0.0334354 0.226401 0)
(0.0354249 0.214913 0)
(0.0369742 0.202669 0)
(0.038039 0.189796 0)
(0.0386115 0.176408 0)
(0.0386808 0.162603 0)
(0.0382435 0.148463 0)
(0.0373048 0.134062 0)
(0.0358708 0.11947 0)
(0.0339582 0.104727 0)
(0.0315987 0.089844 0)
(0.0288094 0.0747952 0)
(0.0256631 0.0595286 0)
(0.0221968 0.043893 0)
(0.0184768 0.0277695 0)
(0.015765 0.0157682 0)
(0.014167 0.00770873 0)
(0 -0.000878483 0)
(0 -0.0100097 0)
(0 -0.026236 0)
(0 -0.0497401 0)
(0 -0.0727787 0)
(0 -0.0941676 0)
(0 -0.114687 0)
(0 -0.134121 0)
(0 -0.15295 0)
(0 -0.171362 0)
(0 -0.188864 0)
(0 -0.205506 0)
(0 -0.221613 0)
(0 -0.237426 0)
(0 -0.25283 0)
(0 -0.268017 0)
(0 -0.281271 0)
(0 -0.294321 0)
(0 -0.30345 0)
(0 -0.311217 0)
(0 -0.313657 0)
)
;
    }
    defaultFaces
    {
        type            empty;
    }
}


// ************************************************************************* //
