/*--------------------------------*- C++ -*----------------------------------*\
  =========                 |
  \\      /  F ield         | OpenFOAM: The Open Source CFD Toolbox
   \\    /   O peration     | Website:  https://openfoam.org
    \\  /    A nd           | Version:  13
     \\/     M anipulation  |
\*---------------------------------------------------------------------------*/
FoamFile
{
    format      ascii;
    class       surfaceScalarField;
    location    "0.95";
    object      phi;
}
// * * * * * * * * * * * * * * * * * * * * * * * * * * * * * * * * * * * * * //

dimensions      [0 3 -1 0 0 0 0];

internalField   nonuniform List<scalar> 
4432
(
2.79167e-06
-2.79167e-06
2.55146e-06
2.40208e-07
-9.13038e-07
3.4645e-06
-4.79741e-06
3.88437e-06
-5.34424e-06
5.46829e-07
-2.99215e-06
-2.35209e-06
-1.21227e-06
-1.77989e-06
-1.47735e-06
2.65088e-07
-3.02585e-06
1.5485e-06
-5.22809e-06
2.20224e-06
-7.65762e-06
2.42954e-06
-9.69615e-06
2.03851e-06
-1.0317e-05
6.20845e-07
-9.16461e-06
-1.15236e-06
-9.14924e-06
-1.53721e-08
-1.37947e-05
4.6455e-06
-2.13369e-05
7.54214e-06
-2.54415e-05
4.10465e-06
-2.34333e-05
-2.00816e-06
-1.87817e-05
-4.65167e-06
-1.34631e-05
-5.31853e-06
-6.58523e-06
-6.87793e-06
-6.58522e-06
-2.50437e-06
-2.87299e-07
-5.69793e-06
3.43376e-06
-8.56641e-06
6.33298e-06
-9.18286e-06
4.50081e-06
-7.03516e-06
-1.60088e-06
-3.76032e-06
-5.62692e-06
-1.66417e-06
-3.87604e-06
-1.7581e-06
3.59017e-07
-3.37564e-06
3.16604e-06
-5.63205e-06
4.45863e-06
-7.95093e-06
4.74842e-06
-1.00198e-05
4.10742e-06
-1.2005e-05
2.60601e-06
-1.4473e-05
1.31565e-06
-1.76401e-05
3.15174e-06
-2.06183e-05
7.62372e-06
-2.10579e-05
7.98173e-06
-1.79741e-05
1.0208e-06
-1.41142e-05
-5.86801e-06
-1.16022e-05
-7.16374e-06
-8.77296e-06
-8.14774e-06
-4.50078e-06
-1.11501e-05
-1.1086e-05
-4.62653e-06
4.33923e-06
-8.50126e-06
7.30848e-06
-1.03171e-05
8.14886e-06
-9.96229e-06
4.14596e-06
-7.72903e-06
-3.83415e-06
-4.41639e-06
-8.93956e-06
-2.19581e-06
-6.09662e-06
-2.25415e-06
4.17355e-07
-3.67951e-06
4.59141e-06
-5.57903e-06
6.35813e-06
-7.22991e-06
6.39932e-06
-8.41399e-06
5.2915e-06
-9.5693e-06
3.76133e-06
-1.13486e-05
3.09499e-06
-1.30702e-05
4.87325e-06
-1.277e-05
7.32357e-06
-9.75746e-06
4.9692e-06
-6.90389e-06
-1.83278e-06
-5.94584e-06
-6.82604e-06
-5.78934e-06
-7.32024e-06
-5.07357e-06
-8.8635e-06
-2.88821e-06
-1.33355e-05
-1.39742e-05
-4.26427e-06
8.60351e-06
-7.49596e-06
1.05402e-05
-8.89891e-06
9.55181e-06
-8.74658e-06
3.99364e-06
-6.76695e-06
-5.81378e-06
-3.79705e-06
-1.19094e-05
-2.28457e-06
-7.6091e-06
-2.89922e-06
1.032e-06
-4.56547e-06
6.25767e-06
-6.57772e-06
8.37037e-06
-8.17513e-06
7.99673e-06
-8.9138e-06
6.03017e-06
-8.79043e-06
3.63796e-06
-7.93947e-06
2.24405e-06
-6.18895e-06
3.12273e-06
-3.23226e-06
4.36688e-06
-8.43836e-07
2.58077e-06
-6.17876e-07
-2.05875e-06
-2.99837e-06
-4.44553e-06
-4.95326e-06
-5.36537e-06
-5.28001e-06
-8.53674e-06
-3.19626e-06
-1.54192e-05
-1.71705e-05
-2.7152e-06
1.13187e-05
-4.83983e-06
1.26648e-05
-5.75214e-06
1.04641e-05
-5.47856e-06
3.72006e-06
-3.58105e-06
-7.7113e-06
-1.5965e-06
-1.3894e-05
-1.53008e-06
-7.67551e-06
-3.21857e-06
2.72048e-06
-5.48687e-06
8.52599e-06
-7.86536e-06
1.07489e-05
-9.72707e-06
9.85845e-06
-1.05097e-05
6.81282e-06
-9.88696e-06
3.01522e-06
-7.62406e-06
-1.8837e-08
-4.06168e-06
-4.39662e-07
-4.46501e-07
7.51702e-07
1.37726e-06
7.57026e-07
1.56855e-07
-8.38357e-07
-3.07158e-06
-1.21709e-06
-6.19997e-06
-2.237e-06
-7.05106e-06
-7.68563e-06
-4.26832e-06
-1.8202e-05
-2.14388e-05
-7.03248e-07
1.2022e-05
-1.35443e-06
1.3316e-05
-1.50186e-06
1.06115e-05
-5.91004e-07
2.80921e-06
1.62532e-06
-9.92763e-06
2.14505e-06
-1.44137e-05
2.62836e-07
-5.79329e-06
-2.3423e-06
5.32561e-06
-5.27712e-06
1.14608e-05
-8.2005e-06
1.36722e-05
-1.05823e-05
1.22403e-05
-1.17356e-05
7.96617e-06
-1.11381e-05
2.41766e-06
-8.40342e-06
-2.75351e-06
-4.35535e-06
-4.48773e-06
-5.99032e-07
-3.00463e-06
1.34714e-06
-1.18914e-06
7.48132e-07
-2.39352e-07
-2.30785e-06
1.8389e-06
-6.38845e-06
1.8436e-06
-8.05061e-06
-6.02347e-06
-5.00509e-06
-2.12475e-05
-2.64439e-05
1.57351e-06
1.04484e-05
2.44528e-06
1.24442e-05
3.24033e-06
9.81648e-06
5.53002e-06
5.19531e-07
7.78101e-06
-1.21786e-05
7.02934e-06
-1.36621e-05
4.14209e-06
-2.90604e-06
5.08009e-07
8.9597e-06
-3.15596e-06
1.51248e-05
-6.82691e-06
1.73432e-05
-9.78509e-06
1.51984e-05
-1.14343e-05
9.61535e-06
-1.09605e-05
1.94386e-06
-7.48941e-06
-6.22456e-06
-2.65863e-06
-9.31852e-06
9.44674e-07
-6.60794e-06
2.68993e-06
-2.93439e-06
2.08003e-06
3.70547e-07
-1.26889e-06
5.18783e-06
-6.01464e-06
6.58934e-06
-8.48774e-06
-3.55037e-06
-5.89034e-06
-2.38449e-05
-3.23342e-05
3.83439e-06
6.61405e-06
6.27939e-06
9.99922e-06
8.8661e-06
7.22977e-06
1.21472e-05
-2.7616e-06
1.33397e-05
-1.33711e-05
1.09028e-05
-1.12251e-05
7.62834e-06
3.68401e-07
2.68884e-06
1.38992e-05
-2.06647e-06
1.98801e-05
-6.30487e-06
2.15816e-05
-9.24847e-06
1.8142e-05
-1.06765e-05
1.10434e-05
-9.79233e-06
1.05965e-06
-5.66584e-06
-1.0351e-05
-1.27636e-06
-1.3708e-05
1.07692e-06
-8.96122e-06
2.03224e-06
-3.88969e-06
1.14087e-06
1.26191e-06
-2.94673e-06
9.27544e-06
-7.8139e-06
1.14565e-05
-1.00521e-05
-1.31216e-06
-8.39417e-06
-2.55028e-05
-4.07284e-05
-3.43425e-06
3.43425e-06
-1.79777e-05
1.45434e-05
-1.40189e-05
-3.9588e-06
9.05649e-06
-2.30754e-05
2.77987e-05
-1.87422e-05
2.76726e-05
1.26112e-07
1.6914e-05
1.07586e-05
2.93626e-06
1.39777e-05
-6.20278e-06
9.13903e-06
-1.44553e-05
8.25249e-06
-1.91226e-05
4.66733e-06
-1.4101e-05
-5.0216e-06
2.32186e-06
-1.64229e-05
2.52056e-05
-2.28838e-05
2.86829e-05
-3.47729e-06
5.85376e-06
2.28292e-05
-1.40385e-05
1.98922e-05
-1.15671e-05
-2.47131e-06
-1.15672e-05
-1.2021e-05
1.54553e-05
-1.91179e-05
2.16404e-05
-1.30452e-05
-1.00315e-05
3.82082e-06
-3.99415e-05
1.81677e-05
-3.30891e-05
1.69412e-05
1.35262e-06
6.47769e-06
2.12221e-05
-7.09258e-06
2.7548e-05
-2.11174e-05
2.31638e-05
-3.39798e-05
2.11149e-05
-4.0502e-05
1.11896e-05
-3.82577e-05
-7.26595e-06
-2.5123e-05
-2.95575e-05
-5.45527e-06
-4.25515e-05
1.32877e-05
-2.22202e-05
1.28384e-05
2.32784e-05
-6.25859e-07
3.33565e-05
-4.97415e-06
1.87699e-06
-1.65413e-05
-1.27696e-05
2.82249e-05
-1.67992e-05
2.56699e-05
-1.20283e-05
-1.48024e-05
1.99566e-07
-5.21693e-05
2.38062e-06
-3.52701e-05
-5.16051e-06
8.89376e-06
-1.77349e-05
3.37964e-05
-3.22221e-05
4.20353e-05
-4.82042e-05
3.91458e-05
-5.80466e-05
3.09573e-05
-6.29988e-05
1.61418e-05
-6.28748e-05
-7.38993e-06
-5.26858e-05
-3.97465e-05
-2.98889e-05
-6.53484e-05
-8.01155e-06
-4.40975e-05
6.7561e-06
8.51078e-06
6.26731e-06
3.38453e-05
2.68053e-06
5.46378e-06
-1.38608e-05
-1.02878e-05
3.85127e-05
-1.4542e-05
2.99241e-05
-1.20388e-05
-1.73055e-05
-3.66254e-06
-6.05456e-05
-9.63358e-06
-2.92991e-05
-3.1248e-05
3.05081e-05
-5.17704e-05
5.43188e-05
-6.21454e-05
5.24103e-05
-6.83056e-05
4.5306e-05
-7.53082e-05
3.79599e-05
-8.59847e-05
2.68183e-05
-9.15878e-05
-1.78678e-06
-8.13229e-05
-5.00115e-05
-5.45118e-05
-9.21595e-05
-3.14072e-05
-6.72021e-05
-1.05945e-05
-1.2302e-05
3.10425e-07
2.29403e-05
-8.92623e-07
6.66683e-06
-1.47534e-05
-6.48522e-06
4.49979e-05
-1.13117e-05
3.47505e-05
-1.31214e-05
-1.54958e-05
-1.39546e-05
-5.97124e-05
-3.53419e-05
-7.91186e-06
-6.25829e-05
5.77491e-05
-7.21162e-05
6.38522e-05
-7.09174e-05
5.12115e-05
-7.89555e-05
5.33441e-05
-9.9772e-05
5.87765e-05
-0.000125183
5.22297e-05
-0.000135454
8.48353e-06
-0.000113637
-7.18287e-05
-7.87422e-05
-0.000127054
-5.03164e-05
-9.56279e-05
-2.99735e-05
-3.26449e-05
-1.47936e-05
7.76043e-06
-6.54302e-06
-1.58369e-06
-2.12964e-05
-1.47096e-06
4.64689e-05
-5.8552e-06
3.91347e-05
-1.1461e-05
-9.88994e-06
-2.53629e-05
-4.58105e-05
-5.52774e-05
2.20026e-05
-7.92151e-05
8.16869e-05
-7.64561e-05
6.10931e-05
-7.59326e-05
5.0688e-05
-9.65998e-05
7.40113e-05
-0.000129046
9.12229e-05
-0.000162453
8.56364e-05
-0.00016951
1.55403e-05
-0.000138859
-0.000102479
-0.000103722
-0.000162191
-6.94405e-05
-0.000129909
-4.38481e-05
-5.82373e-05
-2.57188e-05
-1.03689e-05
-9.00682e-06
-1.82957e-05
-3.03033e-05
6.42116e-06
4.00477e-05
4.09816e-06
4.14577e-05
-7.28118e-07
-5.06366e-06
-2.08167e-05
-2.57219e-05
-5.35234e-05
5.47093e-05
-7.82875e-05
0.000106451
-7.71356e-05
5.99412e-05
-8.49118e-05
5.84642e-05
-0.000113941
0.00010304
-0.00015558
0.000132863
-0.000187247
0.000117303
-0.000186121
1.44134e-05
-0.000165795
-0.000122805
-0.00013382
-0.000194166
-9.53686e-05
-0.00016836
-5.44757e-05
-9.91303e-05
-2.67637e-05
-3.80808e-05
-8.95908e-06
-3.61003e-05
-3.92623e-05
1.26235e-05
2.74242e-05
1.60129e-05
3.80684e-05
9.77132e-06
1.1779e-06
-2.52477e-06
-1.34258e-05
-2.99612e-05
8.21457e-05
-5.73582e-05
0.000133848
-5.954e-05
6.2123e-05
-7.66426e-05
7.55668e-05
-0.000123151
0.000149549
-0.000169405
0.000179117
-0.000191675
0.000139574
-0.000188837
1.15749e-05
-0.000184143
-0.000127499
-0.000169303
-0.000209007
-0.000137462
-0.000200201
-9.02334e-05
-0.000146359
-4.8664e-05
-7.96501e-05
-1.93382e-05
-6.54261e-05
-5.86006e-05
1.74941e-05
-1.08801e-05
2.71467e-05
3.46639e-07
3.44061e-05
-2.96914e-08
3.92118e-05
-7.56724e-06
3.33087e-05
-7.46802e-06
2.23908e-05
-3.0717e-07
1.02006e-05
1.25585e-05
-1.51416e-05
3.92414e-05
-3.91565e-05
4.38951e-05
-5.08014e-05
3.32264e-05
-4.87555e-05
1.60962e-05
-4.35655e-05
5.8534e-06
-3.89541e-05
-3.55176e-06
-2.89051e-05
-2.04001e-05
-1.81894e-05
-2.44236e-05
-1.38999e-05
-1.32507e-05
-1.44488e-05
-3.34079e-06
-2.44547e-05
1.12678e-05
-3.74298e-05
2.22505e-05
-4.28221e-05
1.68489e-05
-3.78266e-05
-6.30774e-06
-3.20682e-05
-3.12612e-05
-6.17095e-05
-1.10871e-05
2.76895e-05
-3.85696e-05
4.26422e-05
-1.4606e-05
4.88736e-05
-6.26106e-06
4.58438e-05
-4.53748e-06
2.7697e-05
1.06788e-05
4.70834e-06
2.26815e-05
-1.54579e-05
3.27248e-05
-6.51625e-05
8.8946e-05
-0.000114104
9.28363e-05
-0.000127696
4.68185e-05
-0.000127743
1.61438e-05
-0.000127235
5.34461e-06
-0.000115373
-1.54133e-05
-9.07774e-05
-4.49958e-05
-7.3196e-05
-4.2005e-05
-8.66554e-05
2.08719e-07
-0.000112487
2.24903e-05
-0.000132835
3.16161e-05
-0.000131502
2.0918e-05
-0.000110659
-3.99479e-06
-8.84718e-05
-2.84945e-05
-6.24735e-05
-5.72596e-05
-0.000100633
-2.35502e-05
3.81154e-05
-7.6685e-05
4.75387e-05
-2.40293e-05
4.02168e-05
1.06089e-06
1.80519e-05
1.76273e-05
-8.23272e-07
2.9554e-05
-2.00274e-06
2.3861e-05
-5.74575e-05
8.81796e-05
-0.000160158
0.000191646
-0.000213068
0.000145747
-0.000218764
5.25141e-05
-0.000220509
1.7889e-05
-0.000221567
6.40212e-06
-0.000217299
-1.9681e-05
-0.000199532
-6.2763e-05
-0.000189868
-5.16683e-05
-0.000193359
3.69934e-06
-0.000199462
2.85935e-05
-0.000186626
1.87803e-05
-0.000162829
-2.87962e-06
-0.00014142
-2.54033e-05
-0.000123059
-4.68555e-05
-9.58735e-05
-8.44453e-05
-0.000139855
-5.66516e-05
-3.49925e-06
-7.31858e-05
-2.04714e-05
-7.05718e-06
-2.92176e-05
9.80706e-06
-1.7893e-05
6.30279e-06
-4.87148e-06
1.65324e-05
-2.61005e-05
4.509e-05
-8.40916e-05
0.000146171
-0.000125198
0.000232753
-0.000179533
0.000200082
-0.000236736
0.000109717
-0.000269535
5.06875e-05
-0.000279793
1.66599e-05
-0.000275329
-2.41449e-05
-0.000251849
-8.62429e-05
-0.000230496
-7.30215e-05
-0.000215797
-1.09998e-05
-0.000209091
2.18877e-05
-0.000200997
1.06864e-05
-0.00018426
-1.96164e-05
-0.000155529
-5.41342e-05
-0.000129816
-7.25691e-05
-0.000105357
-0.000108904
-0.000161642
-8.35699e-05
-6.50462e-05
-8.13958e-06
-0.000110796
3.86923e-05
-0.000130594
2.96052e-05
-0.000149922
2.56305e-05
-0.000153054
1.96653e-05
-0.000141718
3.37539e-05
-8.88574e-05
9.33098e-05
-2.93701e-05
0.000173265
-3.24983e-05
0.00020321
-9.46922e-05
0.000171911
-0.000160746
0.000116741
-0.000238402
9.43164e-05
-0.000296262
3.37151e-05
-0.000322335
-6.01705e-05
-0.000313088
-8.22679e-05
-0.000296508
-2.75803e-05
-0.000284622
1.0002e-05
-0.000256942
-1.69937e-05
-0.000210785
-6.57738e-05
-0.000166304
-9.86151e-05
-0.000138987
-9.9886e-05
-0.000128247
-0.000119644
-0.000172566
-0.000117323
-6.89077e-05
6.07681e-05
-0.000162733
0.000132518
-0.000280775
0.000147647
-0.000290555
3.54107e-05
-0.000264862
-6.02819e-06
-0.000223598
-7.50919e-06
-0.000156865
2.65762e-05
-5.90482e-05
7.54487e-05
1.81419e-05
0.00012602
2.68713e-05
0.000163182
-4.50956e-05
0.000188708
-0.000197019
0.00024624
-0.000334597
0.000171292
-0.000417167
2.23998e-05
-0.000440712
-5.87235e-05
-0.000408577
-5.97153e-05
-0.000326461
-7.21135e-05
-0.000247822
-9.56333e-05
-0.000189685
-0.000123911
-0.000159087
-0.000129213
-0.000147815
-0.000111157
-0.000156005
-0.000111454
-0.000179319
-0.000149252
-4.22199e-05
0.000102988
-0.000105025
0.000195323
-0.00021638
0.000259002
-0.000265423
8.44537e-05
-0.000279813
8.36137e-06
-0.000278365
-8.95682e-06
-0.000237977
-1.38118e-05
-0.000177254
1.47254e-05
-0.000106529
5.52955e-05
-6.19813e-05
0.000118634
-7.96682e-05
0.000206395
-0.000164222
0.000330793
-0.000232072
0.000239143
-0.000281404
7.17322e-05
-0.000309992
-3.01361e-05
-0.000294229
-7.54775e-05
-0.000248687
-0.000117656
-0.000204256
-0.000140064
-0.000174718
-0.000153448
-0.000157963
-0.000145968
-0.000165843
-0.000103277
-0.000171097
-0.000106201
-0.000182448
-0.000167968
-3.15684e-05
0.000134557
-7.55426e-05
0.000239297
-0.000143081
0.000326541
-0.000184881
0.000126254
-0.000230098
5.35778e-05
-0.000250021
1.09664e-05
-0.00024581
-1.80225e-05
-0.00022282
-8.26479e-06
-0.000196773
2.9249e-05
-0.000174789
9.66494e-05
-0.000183274
0.00021488
-0.00019319
0.000340708
-0.000205384
0.000251337
-0.000222803
8.9151e-05
-0.000240445
-1.24942e-05
-0.000236852
-7.90709e-05
-0.000226022
-0.000128486
-0.000204657
-0.000161429
-0.000182294
-0.000175812
-0.000175937
-0.000152325
-0.000184699
-9.45154e-05
-0.000168084
-0.000122816
-0.000171981
-0.000178551
-2.63364e-05
0.000160893
-6.00015e-05
0.000272962
-0.000141976
0.000408515
-0.00021857
0.000202847
-0.000279328
0.000114336
-0.000309804
4.14423e-05
-0.000312168
-1.56587e-05
-0.000286998
-3.34353e-05
-0.000261776
4.02712e-06
-0.000264292
9.91658e-05
-0.000274985
0.000225573
-0.000240808
0.000306531
-0.000200964
0.000211493
-0.000181019
6.92057e-05
-0.000174038
-1.94748e-05
-0.000174109
-7.89997e-05
-0.000178235
-0.00012436
-0.000191299
-0.000148364
-0.000207208
-0.000159903
-0.000205795
-0.000153738
-0.000170317
-0.000129993
-0.000156709
-0.000136424
-0.000157023
-0.000171667
-2.10583e-05
0.000181951
-5.61289e-05
0.000308033
-0.00012922
0.000481606
-0.000209351
0.000282978
-0.000272589
0.000177574
-0.000317982
8.68354e-05
-0.000353641
2.00001e-05
-0.000377351
-9.72521e-06
-0.00038334
1.00156e-05
-0.000374226
9.00525e-05
-0.000339951
0.000191298
-0.000259198
0.000225778
-0.000190478
0.000142773
-0.000157723
3.6451e-05
-0.000143164
-3.40338e-05
-0.000140273
-8.18903e-05
-0.000147769
-0.000116864
-0.000159411
-0.000136723
-0.000170692
-0.000148622
-0.00017233
-0.000152101
-0.000154493
-0.000147829
-0.000143733
-0.000147185
-0.000146401
-0.000154355
-1.7813e-05
0.000199764
-6.58276e-05
0.000356047
-0.000115289
0.000531067
-0.000171326
0.000339016
-0.000208554
0.000214803
-0.000239134
0.000117415
-0.000282779
6.36447e-05
-0.000335086
4.25824e-05
-0.000371871
4.68e-05
-0.000366564
8.47461e-05
-0.00031066
0.000135393
-0.000223832
0.00013895
-0.000155774
7.47139e-05
-0.000121913
2.59033e-06
-0.000107765
-4.81826e-05
-0.000103989
-8.56664e-05
-0.000108695
-0.000112158
-0.000116237
-0.00012918
-0.000124666
-0.000140192
-0.000131899
-0.000144868
-0.000134264
-0.000145465
-0.000134714
-0.000146734
-0.000145849
-0.000135267
-1.69502e-05
0.000216714
-7.63468e-05
0.000415444
-0.000109078
0.000563799
-0.000139447
0.000369384
-0.000155277
0.000230633
-0.000176761
0.0001389
-0.000213155
0.000100038
-0.000255356
8.47838e-05
-0.000286215
7.76585e-05
-0.000284539
8.30702e-05
-0.000237828
8.86825e-05
-0.00016861
6.97316e-05
-0.000116955
2.30586e-05
-9.02808e-05
-2.40836e-05
-7.68335e-05
-6.16297e-05
-7.27485e-05
-8.97513e-05
-7.52873e-05
-0.000109619
-8.14412e-05
-0.000123027
-8.85684e-05
-0.000133065
-9.61485e-05
-0.000137288
-0.00010487
-0.000136744
-0.000114154
-0.00013745
-0.000142082
-0.000117921
-1.61875e-05
0.000232902
-8.59817e-05
0.000485238
-0.000103696
0.000581513
-0.000118834
0.000384522
-0.000130118
0.000241916
-0.000158256
0.000167038
-0.00019691
0.000138692
-0.000230198
0.000118072
-0.000247716
9.51767e-05
-0.000240108
7.54621e-05
-0.000206353
5.49273e-05
-0.000162231
2.5609e-05
-0.000127123
-1.2049e-05
-0.000103337
-4.78693e-05
-8.70603e-05
-7.79065e-05
-7.607e-05
-0.000100742
-6.93759e-05
-0.000116313
-6.64954e-05
-0.000125907
-6.81844e-05
-0.000131376
-7.19184e-05
-0.000133554
-7.70333e-05
-0.000131629
-8.39793e-05
-0.000130504
-0.000135333
-9.07277e-05
-2.02413e-05
0.000253143
-8.60469e-05
0.000551043
-9.69865e-05
0.000592453
-0.000108436
0.000395972
-0.000130929
0.000264409
-0.000175364
0.000211473
-0.000222424
0.000185752
-0.000256461
0.000152109
-0.000271456
0.000110171
-0.000264125
6.81314e-05
-0.000238064
2.88659e-05
-0.00020227
-1.01847e-05
-0.000167683
-4.66354e-05
-0.000137828
-7.77248e-05
-0.000113521
-0.000102214
-9.42979e-05
-0.000119965
-7.92892e-05
-0.000131322
-6.81794e-05
-0.000137016
-6.13134e-05
-0.000138242
-5.84767e-05
-0.000136391
-5.72716e-05
-0.000132834
-5.76236e-05
-0.000130152
-0.000130253
-6.27044e-05
-2.24406e-05
0.000275584
-8.01084e-05
0.000608711
-9.02016e-05
0.000602546
-0.000108394
0.000414164
-0.000150784
0.000306799
-0.000213359
0.000274048
-0.000271343
0.000243736
-0.000310731
0.000191496
-0.000325796
0.000125236
-0.000316046
5.83813e-05
-0.000286634
-5.46231e-07
-0.000246439
-5.03792e-05
-0.00020391
-8.91647e-05
-0.000165112
-0.000116523
-0.000132953
-0.000134372
-0.000107622
-0.000145296
-8.80155e-05
-0.000150928
-7.27856e-05
-0.000152246
-6.1076e-05
-0.000149951
-5.2512e-05
-0.000144955
-4.65169e-05
-0.000138829
-4.31747e-05
-0.000133494
-0.00012929
-4.41372e-05
-2.1424e-05
0.000297008
-7.11033e-05
0.00065839
-8.50943e-05
0.000616537
-0.000117817
0.000446887
-0.000183264
0.000372247
-0.000264334
0.000355118
-0.000333723
0.000313125
-0.000376795
0.000234569
-0.000391055
0.000139496
-0.000377955
4.52808e-05
-0.000343405
-3.50955e-05
-0.000294725
-9.90595e-05
-0.000239537
-0.000144353
-0.000187457
-0.000168603
-0.000144787
-0.000177042
-0.000112517
-0.000177565
-8.9036e-05
-0.00017441
-7.20779e-05
-0.000169204
-5.96266e-05
-0.000162403
-5.01064e-05
-0.000154475
-4.29502e-05
-0.000145985
-3.84911e-05
-0.000137954
-0.000130718
-3.70632e-05
-1.60123e-05
0.00031302
-5.96466e-05
0.000702025
-8.1683e-05
0.000638573
-0.00013199
0.000497194
-0.000217102
0.000457359
-0.000309226
0.000447242
-0.000378792
0.000382691
-0.000415888
0.000271665
-0.000425393
0.000149001
-0.00041074
3.06282e-05
-0.000379412
-6.6423e-05
-0.000330612
-0.00014786
-0.00026804
-0.000206924
-0.000204006
-0.000232636
-0.000150034
-0.000231015
-0.000110349
-0.00021725
-8.2926e-05
-0.000201832
-6.44753e-05
-0.000187655
-5.22689e-05
-0.000174609
-4.41853e-05
-0.000162558
-3.87008e-05
-0.00015147
-3.52949e-05
-0.00014136
-0.000132064
-3.39494e-05
-6.73853e-06
0.000319758
-4.19971e-05
0.000737284
-7.72297e-05
0.000673806
-0.000139587
0.000559551
-0.000229395
0.000547167
-0.000313263
0.00053111
-0.000365145
0.000434573
-0.000386123
0.000292642
-0.000390252
0.00015313
-0.000379358
1.97337e-05
-0.000359221
-8.65595e-05
-0.000321158
-0.000185924
-0.000265955
-0.000262127
-0.000201825
-0.000296766
-0.000142389
-0.000290452
-9.82896e-05
-0.000261349
-6.91713e-05
-0.000230951
-5.08294e-05
-0.000205997
-3.96097e-05
-0.000185829
-3.31215e-05
-0.000169047
-2.96753e-05
-0.000154916
-2.82587e-05
-0.000142777
-0.000132015
-2.83076e-05
8.94202e-07
0.000318864
-3.51274e-05
0.000773305
-7.00288e-05
0.000708708
-0.000129663
0.000619185
-0.000204226
0.00062173
-0.000262518
0.000589402
-0.000289916
0.000461972
-0.000297064
0.000299791
-0.000293621
0.000149687
-0.000288483
1.45959e-05
-0.000269093
-0.000105949
-0.000238757
-0.00021626
-0.000203802
-0.000297081
-0.000160047
-0.000340522
-0.000110937
-0.000339561
-7.08678e-05
-0.000301419
-4.5131e-05
-0.000256687
-3.04026e-05
-0.000220725
-2.2399e-05
-0.000193833
-1.85338e-05
-0.000172912
-1.72988e-05
-0.000156151
-1.77453e-05
-0.00014233
-0.000130515
-1.92457e-05
-2.18411e-05
0.000340705
-3.26075e-05
0.000784071
-5.5335e-05
0.000731435
-9.70109e-05
0.000660861
-0.000143549
0.000668268
-0.000174333
0.000620186
-0.000182894
0.000470532
-0.000180279
0.000297176
-0.000171265
0.000140672
-0.000153329
-3.3392e-06
-0.000117904
-0.000141374
-8.67812e-05
-0.000247383
-7.10012e-05
-0.000312861
-6.1452e-05
-0.000350071
-4.50785e-05
-0.000355934
-2.43827e-05
-0.000322114
-1.0121e-05
-0.000270949
-3.412e-06
-0.000227434
-1.34378e-06
-0.000195901
-1.6448e-06
-0.000172611
-3.29058e-06
-0.000154505
-5.68965e-06
-0.000139931
-0.000127674
-8.53044e-06
-3.42206e-05
0.000374926
-1.29493e-05
0.0007628
-2.8686e-05
0.000747172
-4.22009e-05
0.000674376
-5.80842e-05
0.000684151
-6.23155e-05
0.000624418
-5.47079e-05
0.000462925
-3.52382e-05
0.000277706
-6.67397e-06
0.000112108
2.86072e-05
-3.862e-05
6.5486e-05
-0.000178253
9.34045e-05
-0.000275301
9.72742e-05
-0.000316731
7.74121e-05
-0.000330209
5.37853e-05
-0.000332307
4.13514e-05
-0.000309681
3.54987e-05
-0.000265096
2.96239e-05
-0.00022156
2.33459e-05
-0.000189623
1.7332e-05
-0.000166597
1.18192e-05
-0.000148993
6.80966e-06
-0.000134922
-0.000123198
2.33346e-06
-1.01364e-05
0.000385062
2.79477e-05
0.000724716
1.1925e-05
0.000763194
1.66224e-05
0.000669679
2.8522e-05
0.000672252
5.57199e-05
0.00059722
8.674e-05
0.000431905
0.000123437
0.00024101
0.000169988
6.55562e-05
0.000219811
-8.84425e-05
0.000255553
-0.000213995
0.000267365
-0.000287113
0.00025249
-0.000301855
0.000213022
-0.000290741
0.000159835
-0.00027912
0.00011406
-0.000263906
8.32729e-05
-0.000234309
6.25366e-05
-0.000200823
4.72443e-05
-0.000174331
3.54672e-05
-0.00015482
2.6163e-05
-0.000139688
1.86392e-05
-0.000127398
-0.000117034
1.2476e-05
1.64467e-05
0.000368616
4.28935e-05
0.000698269
3.76279e-05
0.00076846
4.42736e-05
0.000663033
7.58683e-05
0.000640657
0.000132938
0.00054015
0.000194505
0.000370339
0.000257272
0.000178242
0.000324249
-1.42023e-06
0.000387346
-0.000151539
0.000421035
-0.000247684
0.000410619
-0.000276697
0.000368618
-0.000259854
0.000308115
-0.000230238
0.000237659
-0.000208664
0.000171711
-0.000197958
0.00012235
-0.000184948
8.95815e-05
-0.000168055
6.71769e-05
-0.000151926
5.09065e-05
-0.000138549
3.85963e-05
-0.000127378
2.90037e-05
-0.000117805
-0.000109411
2.13803e-05
2.59004e-05
0.000342715
4.49465e-05
0.000679223
4.68912e-05
0.000766515
3.32541e-05
0.000676671
7.72534e-05
0.000596658
0.000163895
0.000453508
0.000264399
0.000269835
0.000362443
8.01988e-05
0.000452638
-9.16152e-05
0.000514652
-0.000213553
0.000524816
-0.000257848
0.00048675
-0.00023863
0.000419609
-0.000192713
0.000341227
-0.000151856
0.000262951
-0.000130388
0.000193712
-0.00012872
0.000141364
-0.0001326
0.000105279
-0.000131971
8.02385e-05
-0.000126885
6.19718e-05
-0.000120283
4.81068e-05
-0.000113513
3.72951e-05
-0.000106993
-0.000100822
2.8706e-05
3.15377e-05
0.000311177
6.26956e-05
0.000648065
7.36689e-05
0.000755542
5.68302e-05
0.000693509
0.000118126
0.000535362
0.000226043
0.000345591
0.000339847
0.00015603
0.00044109
-2.1043e-05
0.000518486
-0.000169011
0.000550826
-0.000245893
0.000524061
-0.000231083
0.000459519
-0.000174089
0.000380803
-0.000113997
0.000303797
-7.48503e-05
0.000235815
-6.24058e-05
0.000180983
-7.38877e-05
0.000139727
-9.13434e-05
0.00010907
-0.000101314
8.60157e-05
-0.00010383
6.82913e-05
-0.000102558
5.43752e-05
-9.95969e-05
4.32725e-05
-9.58903e-05
-9.18559e-05
3.43069e-05
4.24386e-05
0.000268739
0.000101841
0.000588663
0.000149123
0.00070826
0.000187792
0.00065484
0.000251907
0.000471247
0.000329453
0.000268045
0.000408267
7.72162e-05
0.000471229
-8.40055e-05
0.000496308
-0.00019409
0.000475214
-0.000224799
0.000413737
-0.000169607
0.000339938
-0.00010029
0.000273612
-4.76709e-05
0.000220437
-2.16758e-05
0.000181232
-2.3201e-05
0.000152494
-4.51496e-05
0.000127564
-6.64131e-05
0.000105308
-7.90575e-05
8.63727e-05
-8.48955e-05
7.06791e-05
-8.68645e-05
5.77406e-05
-8.66585e-05
4.70598e-05
-8.52095e-05
-8.30131e-05
3.8217e-05
4.03068e-05
0.000228432
0.000110157
0.000518813
0.00018217
0.000636248
0.000251051
0.000585958
0.000311538
0.000410761
0.000367818
0.000211765
0.000414121
3.09134e-05
0.000427757
-9.76418e-05
0.000393757
-0.00016009
0.000328632
-0.000159674
0.000262532
-0.000103507
0.000209025
-4.67829e-05
0.000171331
-9.97732e-06
0.000150098
-4.41994e-07
0.000140108
-1.32118e-05
0.000129184
-3.42256e-05
0.00011452
-5.17487e-05
9.86189e-05
-6.31565e-05
8.36411e-05
-6.99177e-05
7.03549e-05
-7.35783e-05
5.88517e-05
-7.51554e-05
4.90042e-05
-7.5362e-05
-7.46317e-05
4.06227e-05
1.69355e-05
0.000211496
9.33665e-05
0.000442382
0.000174068
0.000555546
0.000250996
0.00050903
0.000310942
0.000350815
0.000356622
0.000166085
0.000370223
1.73129e-05
0.000336734
-6.41534e-05
0.00027097
-9.43258e-05
0.0002001
-8.88038e-05
0.000152081
-5.54879e-05
0.000126181
-2.08825e-05
0.000116981
-7.77913e-07
0.000117501
-9.62078e-07
0.000118063
-1.37736e-05
0.000112817
-2.89796e-05
0.000102943
-4.18747e-05
9.12194e-05
-5.14333e-05
7.9421e-05
-5.81193e-05
6.83612e-05
-6.25185e-05
5.83639e-05
-6.5158e-05
4.95132e-05
-6.65113e-05
-6.68968e-05
4.17782e-05
-4.7902e-06
0.000216287
5.89894e-05
0.000378602
0.00014744
0.000467095
0.000234369
0.000422101
0.000297643
0.00028754
0.000323249
0.00014048
0.00030073
3.98315e-05
0.000250565
-1.39883e-05
0.000192516
-3.6277e-05
0.00014153
-3.78174e-05
0.000110857
-2.48154e-05
9.90026e-05
-9.02784e-06
0.000100191
-1.96651e-06
0.000104414
-5.18529e-06
0.000104979
-1.43384e-05
0.000100742
-2.47427e-05
9.31997e-05
-3.43326e-05
8.41337e-05
-4.23673e-05
7.46614e-05
-4.8647e-05
6.54322e-05
-5.32893e-05
5.68088e-05
-5.65345e-05
4.89608e-05
-5.86634e-05
-5.98819e-05
4.19459e-05
-4.30382e-06
0.000220591
3.78248e-05
0.000336474
0.000122877
0.000382043
0.000211088
0.00033389
0.000264372
0.000234257
0.000268165
0.000136686
0.000239392
6.86049e-05
0.000198628
2.67756e-05
0.00015864
3.71126e-06
0.000126069
-5.24661e-06
0.000105926
-4.672e-06
9.84174e-05
-1.51974e-06
9.78161e-05
-1.36524e-06
9.80386e-05
-5.40778e-06
9.59733e-05
-1.22731e-05
9.14579e-05
-2.02275e-05
8.50862e-05
-2.79609e-05
7.76557e-05
-3.49367e-05
6.9808e-05
-4.0799e-05
6.20084e-05
-4.54895e-05
5.4563e-05
-4.90891e-05
4.76497e-05
-5.17501e-05
-5.3596e-05
4.13639e-05
6.15374e-06
0.000214437
4.20432e-05
0.000300584
0.000112384
0.000311702
0.000178927
0.000267348
0.000213579
0.000199604
0.000214432
0.000135833
0.000196179
8.6858e-05
0.000170686
5.22684e-05
0.000144789
2.96081e-05
0.000123016
1.6527e-05
0.000108236
1.01079e-05
0.000100121
6.5946e-06
9.58092e-05
2.94695e-06
9.25009e-05
-2.09952e-06
8.86612e-05
-8.43349e-06
8.38054e-05
-1.53718e-05
7.80787e-05
-2.22341e-05
7.16961e-05
-2.85538e-05
6.50134e-05
-3.41161e-05
5.83305e-05
-3.88065e-05
5.18781e-05
-4.26367e-05
4.58106e-05
-4.56825e-05
-4.80156e-05
4.02302e-05
1.40922e-05
0.000200344
4.82587e-05
0.000266418
0.000100695
0.000259266
0.000146048
0.000221995
0.000170181
0.000175471
0.000174082
0.000131932
0.000165121
9.58191e-05
0.000149845
6.75442e-05
0.000132937
4.6516e-05
0.00011763
3.1835e-05
0.000105731
2.20059e-05
9.73489e-05
1.49771e-05
9.14061e-05
8.88981e-06
8.66017e-05
2.70485e-06
8.19776e-05
-3.80956e-06
7.70564e-05
-1.04506e-05
7.17495e-05
-1.6927e-05
6.61201e-05
-2.29242e-05
6.0313e-05
-2.83089e-05
5.45245e-05
-3.30179e-05
4.89126e-05
-3.70246e-05
4.36015e-05
-4.03712e-05
-4.30953e-05
3.86813e-05
1.59755e-05
0.000184369
4.71454e-05
0.000235248
8.54438e-05
0.000220968
0.000117347
0.000190091
0.000135939
0.00015688
0.000141674
0.000126196
0.000138256
9.92375e-05
0.000129588
7.62127e-05
0.000118779
5.73252e-05
0.000108056
4.25572e-05
9.87591e-05
3.13031e-05
9.12881e-05
2.24481e-05
8.53189e-05
1.4859e-05
8.02316e-05
7.79188e-06
7.54737e-05
9.48234e-07
7.071e-05
-5.68692e-06
6.57936e-05
-1.20105e-05
6.07742e-05
-1.79047e-05
5.56829e-05
-2.32175e-05
5.06406e-05
-2.79755e-05
4.57495e-05
-3.21333e-05
4.11027e-05
-3.57243e-05
-3.87622e-05
3.67697e-05
1.49587e-05
0.00016941
4.14703e-05
0.000208737
7.02978e-05
0.00019214
9.38085e-05
0.000166581
0.000108499
0.000142189
0.000114686
0.000120009
0.000114476
9.94484e-05
0.000110168
8.05205e-05
0.000103689
6.38042e-05
9.65168e-05
4.97293e-05
8.96504e-05
3.81695e-05
8.35526e-05
2.85459e-05
7.82294e-05
2.0182e-05
7.34471e-05
1.25739e-05
6.89373e-05
5.45795e-06
6.45028e-05
-1.25246e-06
6.00468e-05
-7.55445e-06
5.55592e-05
-1.34171e-05
5.10867e-05
-1.87449e-05
4.66758e-05
-2.35645e-05
4.23952e-05
-2.78526e-05
3.83047e-05
-3.16337e-05
-3.49087e-05
3.44512e-05
1.32195e-05
0.000156191
3.50406e-05
0.000186916
5.73005e-05
0.00016988
7.51663e-05
0.000148715
8.68535e-05
0.000130502
9.28206e-05
0.000114042
9.43758e-05
9.78935e-05
9.28253e-05
8.2071e-05
8.92869e-05
6.73424e-05
8.4709e-05
5.43073e-05
7.98234e-05
4.30551e-05
7.50688e-05
3.33003e-05
7.05998e-05
2.46508e-05
6.63869e-05
1.67867e-05
6.23319e-05
9.51289e-06
5.83435e-05
2.73584e-06
5.43698e-05
-3.58085e-06
5.03886e-05
-9.43602e-06
4.64511e-05
-1.48074e-05
4.2568e-05
-1.96813e-05
3.87816e-05
-2.4066e-05
3.51211e-05
-2.7973e-05
-3.14112e-05
3.16235e-05
1.14494e-05
0.000144742
2.92322e-05
0.000169133
4.66621e-05
0.000152451
6.04562e-05
0.000134921
6.98136e-05
0.000121145
7.52983e-05
0.000108557
7.77334e-05
9.54584e-05
7.78087e-05
8.19958e-05
7.61422e-05
6.90089e-05
7.3345e-05
5.71046e-05
6.99574e-05
4.64424e-05
6.63598e-05
3.68977e-05
6.27497e-05
2.82608e-05
5.9189e-05
2.03474e-05
5.56714e-05
1.30304e-05
5.21721e-05
6.23493e-06
4.86696e-05
-7.84306e-08
4.51642e-05
-5.93055e-06
4.16719e-05
-1.13149e-05
3.82133e-05
-1.62226e-05
3.48029e-05
-2.06555e-05
3.14657e-05
-2.46358e-05
-2.81758e-05
2.82303e-05
9.79508e-06
0.000134947
2.42219e-05
0.000154706
3.7914e-05
0.000138759
4.86264e-05
0.000124209
5.61524e-05
0.000113619
6.10596e-05
0.00010365
6.38319e-05
9.2686e-05
6.47869e-05
8.10409e-05
6.42576e-05
6.95382e-05
6.26503e-05
5.87118e-05
6.03654e-05
4.87271e-05
5.77099e-05
3.9553e-05
5.48715e-05
3.10992e-05
5.19428e-05
2.3276e-05
4.89604e-05
1.60126e-05
4.59354e-05
9.2598e-06
4.28699e-05
2.98711e-06
3.97668e-05
-2.82743e-06
3.66471e-05
-8.19506e-06
3.35203e-05
-1.30956e-05
3.04129e-05
-1.75481e-05
2.73413e-05
-2.15641e-05
-2.51906e-05
2.43561e-05
8.27079e-06
0.000126676
1.9898e-05
0.000143079
3.05997e-05
0.000128057
3.88959e-05
0.000115912
4.49375e-05
0.000107578
4.92228e-05
9.93649e-05
5.19934e-05
8.99155e-05
5.33525e-05
7.96818e-05
5.34783e-05
6.94124e-05
5.26494e-05
5.95405e-05
5.11582e-05
5.02182e-05
4.92382e-05
4.14731e-05
4.70459e-05
3.32915e-05
4.46744e-05
2.56474e-05
4.21752e-05
1.85117e-05
3.9576e-05
1.18589e-05
3.68935e-05
5.66961e-06
3.41381e-05
-7.18489e-08
3.133e-05
-5.38691e-06
2.85125e-05
-1.02781e-05
2.56861e-05
-1.47216e-05
2.29102e-05
-1.87882e-05
-2.25197e-05
2.02395e-05
6.86624e-06
0.00011981
1.61476e-05
0.000133797
2.43962e-05
0.000119808
3.0732e-05
0.000109577
3.55204e-05
0.000102789
3.91563e-05
9.5729e-05
4.17109e-05
8.73611e-05
4.31714e-05
7.82214e-05
4.36342e-05
6.89496e-05
4.32934e-05
5.98812e-05
4.23554e-05
5.11563e-05
4.09877e-05
4.28408e-05
3.93102e-05
3.4969e-05
3.7403e-05
2.75544e-05
3.53186e-05
2.05959e-05
3.30926e-05
1.4085e-05
3.07521e-05
8.01015e-06
2.8322e-05
2.35836e-06
2.58311e-05
-2.89603e-06
2.33069e-05
-7.75379e-06
2.08337e-05
-1.22484e-05
1.84341e-05
-1.63885e-05
-2.02545e-05
1.6169e-05
5.54514e-06
0.000114264
1.28062e-05
0.000126536
1.8983e-05
0.000113631
2.36699e-05
0.00010489
2.7348e-05
9.91108e-05
3.03008e-05
9.27764e-05
3.24891e-05
8.51729e-05
3.38464e-05
7.68642e-05
3.44274e-05
6.83687e-05
3.43645e-05
5.99442e-05
3.37944e-05
5.17265e-05
3.28292e-05
4.3806e-05
3.15542e-05
3.62439e-05
3.00332e-05
2.90753e-05
2.83148e-05
2.23143e-05
2.64389e-05
1.59609e-05
2.44422e-05
1.00069e-05
2.23623e-05
4.43826e-06
2.02395e-05
-7.73257e-07
1.81451e-05
-5.65929e-06
1.60955e-05
-1.01987e-05
1.41692e-05
-1.44621e-05
-1.84575e-05
1.23722e-05
4.35727e-06
0.000109907
9.95994e-06
0.000120934
1.43873e-05
0.000109204
1.76669e-05
0.00010161
2.03711e-05
9.64067e-05
2.26737e-05
9.0474e-05
2.44544e-05
8.33924e-05
2.56244e-05
7.56943e-05
2.62187e-05
6.77745e-05
2.63201e-05
5.98429e-05
2.6009e-05
5.20375e-05
2.53529e-05
4.44619e-05
2.44083e-05
3.71884e-05
2.32239e-05
3.02596e-05
2.1844e-05
2.36941e-05
2.0311e-05
1.74939e-05
1.86672e-05
1.16507e-05
1.69588e-05
6.14654e-06
1.52332e-05
9.52414e-07
1.35034e-05
-3.92942e-06
1.18191e-05
-8.51435e-06
1.02125e-05
-1.28555e-05
-1.69341e-05
8.68915e-06
2.96046e-06
6.2913e-06
8.70704e-06
1.04472e-05
1.19662e-05
1.3334e-05
1.44206e-05
1.5162e-05
1.55709e-05
1.56792e-05
1.55188e-05
1.51198e-05
1.45129e-05
1.37298e-05
1.28027e-05
1.17629e-05
1.06384e-05
9.45035e-06
8.20922e-06
6.9633e-06
5.74634e-06
4.58013e-06
3.54732e-06
1.59175e-05
-2.70045e-05
3.43865e-05
-1.8469e-05
4.43106e-05
-9.92413e-06
-2.13231e-06
4.64429e-05
-2.56726e-07
-5.0298e-05
1.83494e-05
-3.70751e-05
3.16879e-05
-2.32626e-05
-9.29028e-06
3.88459e-05
-4.30631e-05
-6.38865e-05
-3.34689e-05
-4.66694e-05
-2.41517e-05
-3.25798e-05
-2.05993e-05
-1.28427e-05
-8.03315e-05
-6.71249e-05
-7.86208e-05
-4.83801e-05
-7.70081e-05
-3.41925e-05
-2.27895e-05
-7.48179e-05
-0.000115627
-6.88208e-05
-0.000115984
-4.80224e-05
-0.000119184
-3.09929e-05
-1.71925e-05
-0.000124781
-0.000144963
-7.311e-05
-0.000142274
-5.07109e-05
-0.000143994
-2.9273e-05
-1.14362e-05
-0.00014975
-0.000162415
-7.86623e-05
-0.000154106
-5.90204e-05
-0.000147676
-3.57033e-05
-1.38614e-05
-0.000145251
-0.000173677
-8.35359e-05
-0.000163595
-6.91022e-05
-0.000149953
-4.93459e-05
-2.76166e-05
-0.000136197
-0.000180795
-7.44078e-05
-0.000174346
-7.55516e-05
-0.000160118
-6.35737e-05
-4.59254e-05
-0.000141809
-0.000161612
-6.71512e-05
-0.000172036
-6.51272e-05
-0.000172276
-6.33333e-05
-6.12207e-05
-0.000156981
-0.000138868
-6.35493e-05
-0.000145174
-5.88214e-05
-0.00015122
-5.72875e-05
-5.41988e-05
-0.000158242
-0.000117187
-6.42837e-05
-0.00011804
-5.79681e-05
-0.000122721
-5.26076e-05
-5.08163e-05
-0.000126103
-9.13875e-05
-6.36237e-05
-8.94386e-05
-5.99169e-05
-8.7311e-05
-5.47354e-05
-4.92907e-05
-8.88367e-05
-6.53064e-05
-6.10218e-05
-6.57644e-05
-5.9459e-05
-6.39359e-05
-5.65639e-05
-5.23203e-05
-6.09062e-05
-4.58398e-05
-5.93194e-05
-4.73783e-05
-5.79206e-05
-4.78857e-05
-5.60566e-05
-5.36816e-05
-4.65245e-05
-3.71204e-05
-5.92623e-05
-3.75558e-05
-5.74852e-05
-3.80392e-05
-5.55732e-05
-5.33445e-05
-3.83763e-05
-3.38366e-05
-5.93752e-05
-3.39389e-05
-5.73829e-05
-3.4201e-05
-5.53112e-05
-5.30109e-05
-3.45346e-05
-2.87124e-05
-5.89705e-05
-2.92781e-05
-5.68173e-05
-2.99198e-05
-5.46695e-05
-5.24231e-05
-3.05076e-05
-2.0178e-05
-5.80382e-05
-2.11979e-05
-5.57975e-05
-2.22515e-05
-5.36159e-05
-5.14722e-05
-2.32023e-05
-9.9332e-06
-5.66356e-05
-1.13157e-05
-5.4415e-05
-1.26373e-05
-5.22943e-05
-5.02734e-05
-1.38362e-05
3.9447e-07
-5.46966e-05
-1.40698e-06
-5.26135e-05
-3.05871e-06
-5.06426e-05
-4.87887e-05
-4.54345e-06
9.9492e-06
-5.21697e-05
7.6554e-06
-5.03197e-05
5.582e-06
-4.85693e-05
-4.69295e-05
3.7227e-06
1.83198e-05
-4.91091e-05
1.55632e-05
-4.75631e-05
1.30817e-05
-4.60878e-05
-4.47012e-05
1.08533e-05
2.52651e-05
-4.56681e-05
2.21631e-05
-4.44612e-05
1.93656e-05
-4.32903e-05
-4.21795e-05
1.6844e-05
3.06819e-05
-4.20431e-05
2.73922e-05
-4.11715e-05
2.44049e-05
-4.03031e-05
-3.94678e-05
2.16932e-05
3.45871e-05
-3.84133e-05
3.12629e-05
-3.78473e-05
2.82182e-05
-3.72584e-05
-3.66798e-05
2.54302e-05
3.71208e-05
-3.49115e-05
3.38805e-05
-3.46071e-05
3.08841e-05
-3.4262e-05
-3.3911e-05
2.81153e-05
3.84891e-05
-3.16224e-05
3.54154e-05
-3.15336e-05
3.25475e-05
-3.13941e-05
-3.12386e-05
2.9875e-05
3.89164e-05
-2.8593e-05
3.60616e-05
-2.86788e-05
3.33783e-05
-2.87108e-05
-2.87219e-05
3.08617e-05
3.86166e-05
-2.58456e-05
3.60118e-05
-2.6074e-05
3.35514e-05
-2.62504e-05
-2.64044e-05
3.12338e-05
3.77707e-05
-2.3386e-05
3.54295e-05
-2.37327e-05
3.32112e-05
-2.40321e-05
-2.43088e-05
3.11155e-05
3.64993e-05
-2.12038e-05
3.44156e-05
-2.1649e-05
3.24349e-05
-2.20514e-05
-2.243e-05
3.05562e-05
3.4834e-05
-1.9268e-05
3.29769e-05
-1.97919e-05
3.12011e-05
-2.02757e-05
-2.07322e-05
2.95033e-05
3.27115e-05
-1.75283e-05
3.10291e-05
-1.81096e-05
2.94051e-05
-1.86517e-05
-1.9161e-05
2.78338e-05
3.00246e-05
-1.59295e-05
2.84649e-05
-1.65499e-05
2.69444e-05
-1.71312e-05
-1.76731e-05
2.54566e-05
2.67396e-05
-1.44387e-05
2.5278e-05
-1.50883e-05
2.38463e-05
-1.56995e-05
-1.62649e-05
2.24381e-05
2.29817e-05
-1.30643e-05
2.16376e-05
-1.37442e-05
2.03237e-05
-1.43856e-05
-1.49776e-05
1.90365e-05
1.90227e-05
-1.18474e-05
1.78418e-05
-1.25633e-05
1.66965e-05
-1.32403e-05
-1.38725e-05
1.55914e-05
1.51536e-05
-1.08319e-05
1.41749e-05
-1.15845e-05
1.32368e-05
-1.23023e-05
-1.29913e-05
1.23555e-05
1.15602e-05
-1.00199e-05
1.07776e-05
-1.0802e-05
1.00398e-05
-1.15644e-05
-1.23209e-05
9.36934e-06
7.99837e-06
-9.3291e-06
7.35371e-06
-1.01574e-05
6.77673e-06
-1.09875e-05
-1.18258e-05
6.28156e-06
3.14616e-06
2.81152e-06
2.54659e-06
2.34717e-06
5.18278e-05
2.20393e-05
5.5929e-05
3.39672e-05
4.57679e-05
1.1339e-05
2.84356e-05
3.9064e-06
1.21442e-05
9.84372e-05
-4.57408e-05
0.000191733
-6.51839e-05
8.1566e-05
-0.000101761
0.000112144
-0.000207233
0.000255021
-0.000316258
0.000288141
-0.00033434
0.000157655
-0.0003315
8.73496e-06
-0.000363117
-9.58814e-05
-0.000416117
-0.000156007
-0.000431084
-0.000185233
-0.000381805
-0.000195638
-0.000266791
-0.000194665
-0.0001224
-0.000209817
-0.000181001
5.1714e-05
9.17118e-06
6.0918e-05
2.47632e-05
5.80732e-05
1.41838e-05
2.7092e-05
3.48876e-05
6.94408e-06
0.000118585
-1.17386e-05
0.000210416
-2.84223e-05
9.82498e-05
-7.17989e-05
0.00015552
-0.000178287
0.00036151
-0.000227133
0.000336986
-0.000201092
0.000131614
-0.000162882
-2.94751e-05
-0.000169942
-8.88205e-05
-0.000215178
-0.000110771
-0.000261178
-0.000139234
-0.000268755
-0.00018806
-0.000237259
-0.000226161
-0.000145772
-0.000301303
-0.000326773
9.60147e-06
-1.32729e-05
1.56955e-05
1.86693e-05
-5.90748e-06
3.57868e-05
-4.19138e-05
7.08939e-05
-5.71385e-05
0.00013381
-3.02994e-05
0.000183577
-5.49409e-05
0.000122891
-0.000120516
0.000221096
-0.000167103
0.000408097
-0.00016402
0.000333903
-0.000120208
8.78019e-05
-7.59096e-05
-7.37731e-05
-4.86081e-05
-0.000116122
-3.61777e-05
-0.000123202
-4.20498e-05
-0.000133362
-4.73165e-05
-0.000182793
-2.5782e-05
-0.000247696
7.20762e-07
-0.000327806
-0.000326052
-7.31799e-05
-1.49109e-05
-8.51272e-05
3.06165e-05
-9.81281e-05
4.87877e-05
-9.554e-05
6.83058e-05
-0.000105204
0.000143473
-8.49574e-05
0.00016333
-0.000103011
0.000140945
-0.00016105
0.000279134
-0.000148954
0.000396001
-0.000100263
0.000285212
-3.89407e-05
2.648e-05
-1.51871e-05
-9.75267e-05
-8.92007e-06
-0.000122389
1.19397e-05
-0.000144062
4.58774e-05
-0.000167299
6.43577e-05
-0.000201274
7.84101e-05
-0.000261748
5.86234e-05
-0.000308019
-0.000267429
-0.000145717
6.02467e-06
-0.000163629
4.8529e-05
-0.000149426
3.45843e-05
-0.000157158
7.60383e-05
-0.000149047
0.000135362
-0.000122702
0.000136986
-0.000127024
0.000145267
-0.000147332
0.000299442
-9.78556e-05
0.000346525
-4.16434e-06
0.00019152
6.2237e-05
-3.99214e-05
6.72953e-05
-0.000102585
7.2319e-05
-0.000127413
9.55795e-05
-0.000167322
0.000132512
-0.000204232
0.00013742
-0.000206182
0.000133833
-0.000258161
9.30044e-05
-0.00026719
-0.000174424
-0.000173241
2.95152e-05
-0.000201145
7.64337e-05
-0.000189866
2.33043e-05
-0.000181427
6.75997e-05
-0.000157745
0.00011168
-0.000136011
0.000115252
-0.000145993
0.00015525
-0.00010727
0.000260718
-2.29319e-05
0.000262187
7.65007e-05
9.20876e-05
0.000101041
-6.44621e-05
0.000113862
-0.000115406
0.000135305
-0.000148856
0.000158538
-0.000190555
0.000170192
-0.000215887
0.000174597
-0.000210586
0.000155336
-0.0002389
0.000112291
-0.000224146
-6.21328e-05
-0.000151432
3.56965e-05
-0.000175019
0.000100021
-0.000184355
3.26408e-05
-0.000167511
5.07556e-05
-0.000144306
8.84748e-05
-0.0001418
0.000112746
-0.000133288
0.000146738
-6.54795e-05
0.000192909
3.58783e-05
0.000160829
0.0001072
2.07652e-05
0.000131321
-8.8583e-05
0.000162051
-0.000146135
0.000180782
-0.000167587
0.000177038
-0.000186811
0.000160882
-0.000199731
0.000163914
-0.000213619
0.000148858
-0.000223844
0.00012177
-0.000197058
5.96369e-05
-0.000109969
9.46798e-06
-9.75187e-05
8.75706e-05
-0.000120783
5.59054e-05
-0.00012373
5.37027e-05
-0.000119477
8.42215e-05
-0.000118583
0.000111852
-0.000104089
0.000132244
-4.89355e-05
0.000137756
1.95698e-05
9.23239e-05
6.97978e-05
-2.94627e-05
0.000110597
-0.000129382
0.000137237
-0.000172775
0.000148907
-0.000179257
0.000144391
-0.000182295
0.000136853
-0.000192194
0.000132291
-0.000209056
0.00011658
-0.000208134
8.96801e-05
-0.000170158
0.000149317
-9.11559e-05
-4.11851e-05
-3.93383e-05
3.5753e-05
-1.64363e-05
3.30037e-05
-1.96159e-05
5.68822e-05
-4.38717e-05
0.000108477
-7.82848e-05
0.000146265
-7.74755e-05
0.000131435
-5.01391e-05
0.00011042
1.03229e-05
3.1862e-05
6.83923e-05
-8.75321e-05
0.000108124
-0.000169114
0.000118217
-0.000182868
0.000121567
-0.000182607
0.000118639
-0.000179367
0.000114336
-0.000187891
0.000101995
-0.000196714
6.8369e-05
-0.000174507
-1.31612e-05
-8.86278e-05
0.000136156
-0.000106117
-9.20493e-05
-3.98344e-05
-3.05295e-05
-2.95417e-05
2.27111e-05
3.80167e-06
2.35389e-05
1.67491e-05
9.55299e-05
3.11178e-07
0.000162703
-1.8521e-05
0.000150267
-9.11343e-08
9.19898e-05
4.58867e-05
-1.41158e-05
8.61108e-05
-0.000127756
8.42033e-05
-0.000167206
8.59212e-05
-0.000184586
8.86593e-05
-0.000185345
9.18199e-05
-0.000182528
8.66737e-05
-0.000182744
6.34827e-05
-0.000173523
-4.9659e-05
-6.13655e-05
-0.000121771
-1.65157e-05
1.43849e-05
-0.000126398
-0.000123893
-7.07453e-05
-8.61824e-05
-1.02371e-05
-3.77971e-05
-9.47608e-06
2.27778e-05
2.90766e-05
5.69772e-05
6.19482e-05
0.000129831
5.21595e-05
0.000160056
4.91286e-05
9.50206e-05
8.4532e-05
-4.95194e-05
6.77274e-05
-0.000110952
5.28365e-05
-0.000152315
4.73758e-05
-0.000179125
5.1542e-05
-0.000189511
5.07548e-05
-0.000181741
2.67054e-05
-0.000158695
-7.50168e-05
-7.18013e-05
-0.000129274
-7.10825e-06
-0.000101132
-4.4657e-05
-8.67475e-05
-0.000137491
-0.000112505
-0.000104737
-0.000118936
-5.04232e-05
-9.21107e-05
4.48442e-06
-3.21298e-05
1.57294e-05
4.57322e-05
6.37684e-05
8.1792e-05
7.37373e-05
0.000150087
9.21769e-05
7.6581e-05
8.40373e-05
-4.13797e-05
6.27674e-05
-8.96817e-05
4.39315e-05
-0.000133479
1.11187e-05
-0.000146313
-1.43095e-05
-0.000164083
-4.59585e-05
-0.000150092
-9.58106e-05
-0.000108843
-0.000119584
-4.80279e-05
-0.000103665
-2.30269e-05
-6.67113e-05
-8.16105e-05
-0.000153459
-9.56857e-05
-0.000105656
-0.00011049
-0.000104131
-8.43033e-05
-0.000118298
-3.15887e-05
-8.48444e-05
1.71119e-05
-2.96838e-06
2.85647e-05
7.03392e-05
7.87209e-05
9.99307e-05
0.000106463
4.88391e-05
8.64286e-05
-2.13456e-05
8.41294e-05
-8.73824e-05
5.54693e-05
-0.000104819
2.15123e-05
-0.000112356
-2.60309e-05
-0.00011654
-6.52282e-05
-0.000110894
-8.24692e-05
-9.16016e-05
-7.03472e-05
-6.01498e-05
-4.94511e-05
-4.39229e-05
-4.02564e-05
-9.0805e-05
-0.000193715
-6.18929e-05
-0.000104669
-7.16461e-05
-9.43782e-05
-9.41235e-05
-9.58206e-05
-6.94418e-05
-0.000109526
-1.69872e-05
-5.5423e-05
2.70659e-05
2.62861e-05
5.13256e-05
7.56709e-05
6.79157e-05
3.22491e-05
8.34729e-05
-3.69029e-05
7.55869e-05
-7.94964e-05
5.00449e-05
-7.92772e-05
1.44942e-05
-7.68049e-05
-1.48926e-05
-8.71531e-05
-3.42364e-05
-9.15503e-05
-4.30497e-05
-8.27883e-05
-4.06098e-05
-6.25897e-05
-2.56834e-05
-5.88492e-05
-2.14402e-05
-9.5048e-05
-0.000215155
-3.84895e-05
-0.000112704
-3.9743e-05
-9.31248e-05
-5.07586e-05
-8.48051e-05
-8.00135e-05
-8.02713e-05
-5.39141e-05
-8.15224e-05
-1.63572e-06
-2.59923e-05
3.49668e-05
3.90684e-05
6.70741e-05
1.41705e-07
8.77398e-05
-5.75686e-05
5.46156e-05
-4.63722e-05
3.16201e-05
-5.62816e-05
1.54828e-05
-6.06675e-05
1.37087e-06
-7.30412e-05
-1.22362e-05
-7.79433e-05
-2.47686e-05
-7.02558e-05
-2.97114e-05
-5.76468e-05
-2.00415e-05
-6.85189e-05
-1.28577e-05
-0.000102232
-0.000228013
-3.67964e-05
-0.000114284
-3.07934e-05
-9.91279e-05
-2.9389e-05
-8.62097e-05
-3.61967e-05
-7.34636e-05
-5.13029e-05
-6.64161e-05
-3.3935e-05
-4.33601e-05
4.07439e-05
-3.56105e-05
7.57658e-05
-3.48802e-05
4.2477e-05
-2.42798e-05
2.91314e-05
-3.30266e-05
1.97828e-05
-4.69329e-05
1.53779e-05
-5.62627e-05
5.60455e-06
-6.32679e-05
-5.31916e-06
-6.70196e-05
-1.34837e-05
-6.20912e-05
-1.98201e-05
-5.13104e-05
-1.84887e-05
-6.98501e-05
-9.34882e-06
-0.000111371
-0.000237361
-3.45912e-05
-0.000114228
-3.33546e-05
-0.000100365
-3.15498e-05
-8.80145e-05
-2.84562e-05
-7.65571e-05
-3.09263e-05
-6.39458e-05
-2.51551e-05
-4.91312e-05
-7.11608e-06
-5.36495e-05
-3.7724e-07
-4.1619e-05
1.07498e-05
-3.54067e-05
1.73719e-05
-3.96488e-05
1.76337e-05
-4.71948e-05
1.51951e-05
-5.3824e-05
1.02488e-05
-5.83216e-05
4.38585e-06
-6.11566e-05
-1.62417e-06
-5.60812e-05
-9.57779e-06
-4.33568e-05
-1.75256e-05
-6.19022e-05
-7.28067e-06
-0.000121616
-0.000244642
-3.11385e-05
-0.000113597
-3.07682e-05
-0.000100735
-2.94764e-05
-8.93063e-05
-2.66823e-05
-7.9351e-05
-2.12846e-05
-6.93433e-05
-1.21244e-05
-5.82914e-05
-1.0326e-05
-5.54478e-05
-4.44762e-06
-4.74973e-05
6.12533e-06
-4.59796e-05
1.3816e-05
-4.73394e-05
1.75091e-05
-5.08878e-05
1.87429e-05
-5.50577e-05
1.80057e-05
-5.75844e-05
1.38113e-05
-5.69623e-05
8.00946e-06
-5.02794e-05
-1.0092e-06
-3.43381e-05
-1.51658e-05
-4.77456e-05
-3.97516e-06
-0.000132807
-0.000248617
-2.45683e-05
-0.000112231
-2.4747e-05
-0.000100556
-2.38211e-05
-9.02322e-05
-2.18845e-05
-8.12875e-05
-1.85395e-05
-7.26883e-05
-1.21059e-05
-6.4725e-05
-6.58799e-06
-6.09657e-05
8.77649e-07
-5.49629e-05
8.16723e-06
-5.32692e-05
1.4861e-05
-5.40332e-05
2.06494e-05
-5.66762e-05
2.49283e-05
-5.93366e-05
2.63142e-05
-5.89703e-05
2.31925e-05
-5.38405e-05
1.66236e-05
-4.37106e-05
6.54399e-06
-2.42585e-05
-1.05545e-05
-3.06471e-05
2.91927e-07
-0.000143653
-0.000248325
-1.58583e-05
-0.000110209
-1.66114e-05
-9.9803e-05
-1.62582e-05
-9.05855e-05
-1.49462e-05
-8.25994e-05
-1.21493e-05
-7.54852e-05
-7.43231e-06
-6.9442e-05
-3.13156e-06
-6.52665e-05
2.94567e-06
-6.10402e-05
9.46306e-06
-5.97866e-05
1.69675e-05
-6.15375e-05
2.52665e-05
-6.49752e-05
3.22492e-05
-6.63193e-05
3.53277e-05
-6.20488e-05
3.27869e-05
-5.12998e-05
2.51567e-05
-3.60804e-05
1.36776e-05
-1.27792e-05
-3.06697e-06
-1.39025e-05
3.5079e-06
-0.000150228
-0.000244817
-7.21888e-06
-0.000107534
-8.7162e-06
-9.83057e-05
-9.13496e-06
-9.01667e-05
-8.50437e-06
-8.323e-05
-6.66672e-06
-7.73229e-05
-3.63597e-06
-7.24727e-05
-1.55232e-07
-6.87473e-05
4.73394e-06
-6.59294e-05
1.11903e-05
-6.62429e-05
2.05396e-05
-7.08868e-05
3.17274e-05
-7.61629e-05
4.08815e-05
-7.54734e-05
4.4534e-05
-6.57012e-05
4.14067e-05
-4.81724e-05
3.25395e-05
-2.72132e-05
2.0245e-05
-4.84674e-07
5.41109e-06
9.31489e-07
4.55823e-06
-0.000149375
-0.000240259
2.61822e-07
-0.000104073
-2.04007e-06
-9.60038e-05
-3.2566e-06
-8.89501e-05
-3.44644e-06
-8.30401e-05
-2.57818e-06
-7.81911e-05
-7.31512e-07
-7.43194e-05
1.8745e-06
-7.13532e-05
5.97547e-06
-7.00303e-05
1.32597e-05
-7.35271e-05
2.49658e-05
-8.25928e-05
3.81718e-05
-8.93689e-05
4.77511e-05
-8.50527e-05
5.05152e-05
-6.84652e-05
4.62776e-05
-4.39348e-05
3.70865e-05
-1.8022e-05
2.58946e-05
1.07073e-05
1.38587e-05
1.29675e-05
6.4149e-06
-0.000141931
-0.000233844
6.60047e-06
-9.98199e-05
3.58688e-06
-9.29902e-05
1.62677e-06
-8.69899e-05
6.24868e-07
-8.20381e-05
5.64554e-07
-7.81307e-05
1.37283e-06
-7.51276e-05
3.08358e-06
-7.3064e-05
6.81875e-06
-7.37655e-05
1.49263e-05
-8.16347e-05
2.75205e-05
-9.5187e-05
4.0114e-05
-0.000101962
4.78615e-05
-9.28002e-05
4.88483e-05
-6.9452e-05
4.39232e-05
-3.90096e-05
3.58111e-05
-9.90991e-06
2.70671e-05
1.94515e-05
2.18658e-05
1.81688e-05
1.11986e-05
-0.000131264
-0.000222646
1.19307e-05
-9.49066e-05
8.25601e-06
-8.93154e-05
5.634e-06
-8.43678e-05
3.91674e-06
-8.03208e-05
3.00465e-06
-7.72186e-05
2.81264e-06
-7.49356e-05
3.58056e-06
-7.38319e-05
6.75253e-06
-7.69374e-05
1.41541e-05
-8.90362e-05
2.43992e-05
-0.000105432
3.30562e-05
-0.000110619
3.71871e-05
-9.69311e-05
3.64972e-05
-6.8762e-05
3.22562e-05
-3.47686e-05
2.6556e-05
-4.20965e-06
2.12139e-05
2.47936e-05
2.5582e-05
1.38008e-05
1.7082e-05
-0.000122764
-0.000205564
1.63125e-05
-8.95258e-05
1.21311e-05
-8.5134e-05
8.94274e-06
-8.11794e-05
6.56496e-06
-7.7943e-05
4.84906e-06
-7.55027e-05
3.69822e-06
-7.37848e-05
3.42036e-06
-7.35541e-05
5.11967e-06
-7.86368e-05
9.18412e-06
-9.31007e-05
1.35903e-05
-0.000109838
1.59696e-05
-0.000112999
1.59134e-05
-9.68749e-05
1.42589e-05
-6.71074e-05
1.2107e-05
-3.26167e-05
1.04486e-05
-2.55111e-06
1.01564e-05
2.50859e-05
2.56585e-05
-1.70135e-06
2.18937e-05
-0.000118999
-0.00018367
1.97924e-05
-8.3888e-05
1.52604e-05
-8.0602e-05
1.16324e-05
-7.75514e-05
8.71601e-06
-7.50266e-05
6.33819e-06
-7.31249e-05
4.38667e-06
-7.18333e-05
2.97631e-06
-7.21438e-05
2.1614e-06
-7.78219e-05
8.4057e-07
-9.17799e-05
-2.72085e-06
-0.000106277
-7.5905e-06
-0.000108129
-1.14837e-05
-9.29817e-05
-1.33211e-05
-6.527e-05
-1.2604e-05
-3.33338e-05
-1.10465e-05
-4.10861e-06
-5.27938e-07
1.45673e-05
2.63931e-05
-2.86224e-05
2.4092e-05
-0.000116698
-0.000159578
2.24192e-05
-7.81919e-05
1.77166e-05
-7.58995e-05
1.38294e-05
-7.36642e-05
1.05825e-05
-7.17798e-05
7.81184e-06
-7.03544e-05
5.38142e-06
-6.9403e-05
3.02293e-06
-6.97854e-05
-3.42913e-07
-7.44561e-05
-7.00421e-06
-8.51186e-05
-1.74317e-05
-9.58494e-05
-2.7973e-05
-9.75879e-05
-3.61387e-05
-8.48161e-05
-4.06445e-05
-6.07642e-05
-3.95623e-05
-3.4416e-05
-3.05005e-05
-1.31705e-05
-2.72212e-06
-1.32111e-05
2.90344e-05
-6.0379e-05
2.3722e-05
-0.000111385
-0.000135856
2.42999e-05
-7.2617e-05
1.96115e-05
-7.12112e-05
1.56761e-05
-6.9729e-05
1.23595e-05
-6.84633e-05
9.53238e-06
-6.75273e-05
7.03791e-06
-6.69086e-05
4.28416e-06
-6.70317e-05
-4.80157e-07
-6.96918e-05
-9.90377e-06
-7.56951e-05
-2.36482e-05
-8.21051e-05
-3.75364e-05
-8.36998e-05
-4.79662e-05
-7.43864e-05
-5.24216e-05
-5.63089e-05
-4.67497e-05
-4.0088e-05
-2.5742e-05
-3.41784e-05
9.33008e-06
-4.82833e-05
2.92725e-05
-8.03216e-05
2.05959e-05
-0.000102709
-0.00011526
2.55623e-05
-6.73177e-05
2.10635e-05
-6.67126e-05
1.7283e-05
-6.59486e-05
1.41327e-05
-6.53131e-05
1.15207e-05
-6.49155e-05
9.29374e-06
-6.46817e-05
6.8095e-06
-6.45475e-05
2.36344e-06
-6.52458e-05
-5.78472e-06
-6.7547e-05
-1.80011e-05
-6.98888e-05
-3.07101e-05
-7.09909e-05
-3.83143e-05
-6.67823e-05
-3.72704e-05
-5.73529e-05
-2.58477e-05
-5.15108e-05
-3.93125e-06
-5.60949e-05
1.89792e-05
-7.11939e-05
2.44341e-05
-8.57765e-05
1.54186e-05
-9.36935e-05
-9.98415e-05
2.63283e-05
-6.24123e-05
2.21503e-05
-6.25347e-05
1.86584e-05
-6.24567e-05
1.57941e-05
-6.24489e-05
1.34818e-05
-6.26031e-05
1.15946e-05
-6.27946e-05
9.70237e-06
-6.26553e-05
6.81627e-06
-6.23598e-05
2.08413e-06
-6.28149e-05
-4.95706e-06
-6.28477e-05
-1.31459e-05
-6.28021e-05
-1.72317e-05
-6.26967e-05
-1.30823e-05
-6.15024e-05
-2.11936e-06
-6.2474e-05
1.01625e-05
-6.8377e-05
1.80526e-05
-7.90842e-05
1.75016e-05
-8.52257e-05
1.06529e-05
-8.6845e-05
-8.91887e-05
2.66629e-05
-5.79596e-05
2.28547e-05
-5.87265e-05
1.96701e-05
-5.92721e-05
1.70553e-05
-5.98341e-05
1.49268e-05
-6.04747e-05
1.3182e-05
-6.10499e-05
1.16346e-05
-6.1108e-05
1.00188e-05
-6.0744e-05
8.16784e-06
-6.0964e-05
6.19551e-06
-6.08754e-05
3.31971e-06
-5.99264e-05
1.59945e-06
-6.09765e-05
4.02507e-06
-6.39282e-05
9.67504e-06
-6.81242e-05
1.404e-05
-7.27422e-05
1.45663e-05
-7.96106e-05
1.20726e-05
-8.27321e-05
7.46526e-06
-8.22376e-05
-8.17234e-05
2.65332e-05
-5.39367e-05
2.3043e-05
-5.52362e-05
2.00727e-05
-5.63018e-05
1.75628e-05
-5.73243e-05
1.54231e-05
-5.8335e-05
1.35601e-05
-5.91869e-05
1.19376e-05
-5.94855e-05
1.07533e-05
-5.95597e-05
1.01691e-05
-6.03799e-05
1.03406e-05
-6.10469e-05
1.08945e-05
-6.04804e-05
1.11866e-05
-6.12687e-05
1.19308e-05
-6.46726e-05
1.29713e-05
-6.91649e-05
1.29169e-05
-7.2688e-05
1.11763e-05
-7.78702e-05
8.50003e-06
-8.00559e-05
5.276e-06
-7.90136e-05
-7.64474e-05
2.58075e-05
-5.02408e-05
2.25155e-05
-5.19441e-05
1.96313e-05
-5.34177e-05
1.70999e-05
-5.47929e-05
1.48412e-05
-5.60764e-05
1.27609e-05
-5.71066e-05
1.09025e-05
-5.76271e-05
9.6771e-06
-5.83343e-05
9.246e-06
-5.99488e-05
9.5181e-06
-6.1319e-05
1.05201e-05
-6.14825e-05
1.15969e-05
-6.23456e-05
1.20062e-05
-6.50821e-05
1.17821e-05
-6.89409e-05
1.07049e-05
-7.1611e-05
8.49877e-06
-7.56642e-05
5.94087e-06
-7.74981e-05
3.40182e-06
-7.64746e-05
-7.30455e-05
2.43363e-05
-4.67433e-05
2.11446e-05
-4.87525e-05
1.82979e-05
-5.0571e-05
1.57512e-05
-5.22461e-05
1.34434e-05
-5.37685e-05
1.12959e-05
-5.49591e-05
9.43262e-06
-5.57639e-05
8.27727e-06
-5.71789e-05
7.79389e-06
-5.94655e-05
7.78945e-06
-6.13146e-05
8.44871e-06
-6.21418e-05
9.45885e-06
-6.33559e-05
9.84162e-06
-6.5465e-05
9.45332e-06
-6.85528e-05
8.34747e-06
-7.05053e-05
6.32698e-06
-7.36438e-05
3.9115e-06
-7.50826e-05
1.80423e-06
-7.43673e-05
-7.12413e-05
2.20921e-05
-4.33788e-05
1.90192e-05
-4.56795e-05
1.63005e-05
-4.78522e-05
1.38816e-05
-4.98272e-05
1.17267e-05
-5.16136e-05
9.82916e-06
-5.30616e-05
8.39406e-06
-5.43288e-05
7.65228e-06
-5.64372e-05
7.3244e-06
-5.91376e-05
7.23984e-06
-6.12301e-05
7.5726e-06
-6.24746e-05
8.14238e-06
-6.39258e-05
8.24374e-06
-6.55665e-05
7.67785e-06
-6.7987e-05
6.56345e-06
-6.9391e-05
4.70844e-06
-7.17888e-05
2.46573e-06
-7.28399e-05
7.66186e-07
-7.26676e-05
-7.0475e-05
1.92695e-05
-4.02102e-05
1.64599e-05
-4.28698e-05
1.40377e-05
-4.543e-05
1.1926e-05
-4.77154e-05
1.01435e-05
-4.98311e-05
8.79175e-06
-5.17099e-05
8.05406e-06
-5.35912e-05
7.81646e-06
-5.61997e-05
7.65666e-06
-5.89779e-05
7.48315e-06
-6.10567e-05
7.42643e-06
-6.2418e-05
7.35297e-06
-6.38524e-05
6.98682e-06
-6.52004e-05
6.19863e-06
-6.71989e-05
5.12922e-06
-6.83216e-05
3.53599e-06
-7.01956e-05
1.68533e-06
-7.09892e-05
4.11851e-07
-7.13941e-05
-7.00632e-05
1.62283e-05
-3.7402e-05
1.38494e-05
-4.04909e-05
1.18512e-05
-4.34318e-05
1.01811e-05
-4.60453e-05
8.92447e-06
-4.85745e-05
8.20229e-06
-5.09879e-05
8.01684e-06
-5.34059e-05
7.96868e-06
-5.61517e-05
7.69353e-06
-5.87029e-05
7.23331e-06
-6.05965e-05
6.7718e-06
-6.19566e-05
6.27209e-06
-6.33527e-05
5.70475e-06
-6.46331e-05
4.88708e-06
-6.63813e-05
3.98315e-06
-6.74177e-05
2.7621e-06
-6.89745e-05
1.4577e-06
-6.96847e-05
5.12569e-07
-7.0449e-05
-6.95506e-05
1.32945e-05
-3.51051e-05
1.14184e-05
-3.86148e-05
9.89354e-06
-4.19069e-05
8.74489e-06
-4.48967e-05
8.02687e-06
-4.78566e-05
7.71913e-06
-5.06803e-05
7.64261e-06
-5.33296e-05
7.39703e-06
-5.59063e-05
6.83824e-06
-5.81443e-05
6.14231e-06
-5.99007e-05
5.52725e-06
-6.13416e-05
4.97109e-06
-6.27966e-05
4.47584e-06
-6.41379e-05
3.80254e-06
-6.5708e-05
3.13914e-06
-6.67544e-05
2.28314e-06
-6.81185e-05
1.43551e-06
-6.88371e-05
6.55033e-07
-6.96685e-05
-6.88956e-05
1.05995e-05
-3.3349e-05
9.20237e-06
-3.72177e-05
8.1623e-06
-4.08669e-05
7.50391e-06
-4.42384e-05
7.12139e-06
-4.74742e-05
6.8573e-06
-5.04165e-05
6.55588e-06
-5.30284e-05
6.04956e-06
-5.54002e-05
5.3824e-06
-5.74772e-05
4.73633e-06
-5.92547e-05
4.2374e-06
-6.08427e-05
3.81078e-06
-6.237e-05
3.43958e-06
-6.37668e-05
2.93834e-06
-6.52068e-05
2.4782e-06
-6.62943e-05
1.87502e-06
-6.75154e-05
1.28581e-06
-6.8248e-05
5.97599e-07
-6.89803e-05
-6.8298e-05
8.06834e-06
-3.20481e-05
7.10639e-06
-3.62558e-05
6.48233e-06
-4.02429e-05
6.09445e-06
-4.38507e-05
5.74856e-06
-4.71285e-05
5.34121e-06
-5.00093e-05
4.87063e-06
-5.2558e-05
4.3479e-06
-5.48776e-05
3.83459e-06
-5.6964e-05
3.40624e-06
-5.88264e-05
3.07755e-06
-6.0514e-05
2.77914e-06
-6.20717e-05
2.50599e-06
-6.34937e-05
2.15727e-06
-6.48581e-05
1.83553e-06
-6.59726e-05
1.39665e-06
-6.70766e-05
9.49965e-07
-6.78013e-05
3.92062e-07
-6.84225e-05
-6.7906e-05
5.38194e-06
-3.11485e-05
4.80346e-06
-3.56774e-05
4.4205e-06
-3.98601e-05
4.08572e-06
-4.3516e-05
3.71075e-06
-4.67537e-05
3.31612e-06
-4.96149e-05
2.95179e-06
-5.21938e-05
2.62667e-06
-5.45526e-05
2.34382e-06
-5.66812e-05
2.10882e-06
-5.85914e-05
1.91042e-06
-6.03157e-05
1.72533e-06
-6.18866e-05
1.5532e-06
-6.33216e-05
1.3422e-06
-6.46472e-05
1.13918e-06
-6.57697e-05
8.51808e-07
-6.67893e-05
5.52022e-07
-6.75016e-05
1.79889e-07
-6.80504e-05
-6.77261e-05
2.02332e-06
1.81853e-06
1.62788e-06
1.43987e-06
1.26165e-06
1.11483e-06
9.99284e-07
8.99153e-07
8.09204e-07
7.29704e-07
6.59936e-07
5.97378e-07
5.38122e-07
4.65256e-07
3.94153e-07
2.89711e-07
1.80883e-07
3.15909e-08
)
;

boundaryField
{
    leftWall
    {
        type            calculated;
        value           uniform 0;
    }
    rightWall
    {
        type            calculated;
        value           uniform 0;
    }
    lowerWall
    {
        type            calculated;
        value           uniform 0;
    }
    atmosphere
    {
        type            calculated;
        value           nonuniform List<scalar> 
46
(
0.000106947
0.000117603
0.000106788
9.98699e-05
9.48878e-05
8.91063e-05
8.2306e-05
7.49529e-05
6.73657e-05
5.97345e-05
5.21979e-05
4.48609e-05
3.77953e-05
3.10427e-05
2.46212e-05
1.85337e-05
1.27752e-05
7.33453e-06
2.19357e-06
-2.68345e-06
-7.29735e-06
-1.16893e-05
-1.59013e-05
-8.92797e-06
-9.8228e-06
-1.07226e-05
-1.16264e-05
-3.08247e-05
-3.54726e-05
-3.96695e-05
-4.33281e-05
-4.65756e-05
-4.94681e-05
-5.20783e-05
-5.44525e-05
-5.65913e-05
-5.8512e-05
-6.02459e-05
-6.18241e-05
-6.32624e-05
-6.45744e-05
-6.56986e-05
-6.66849e-05
-6.73928e-05
-6.79011e-05
-6.76945e-05
)
;
    }
    defaultFaces
    {
        type            empty;
    }
}


// ************************************************************************* //
