/*--------------------------------*- C++ -*----------------------------------*\
  =========                 |
  \\      /  F ield         | OpenFOAM: The Open Source CFD Toolbox
   \\    /   O peration     | Website:  https://openfoam.org
    \\  /    A nd           | Version:  13
     \\/     M anipulation  |
\*---------------------------------------------------------------------------*/
FoamFile
{
    format      ascii;
    class       volVectorField;
    location    "0.95";
    object      U;
}
// * * * * * * * * * * * * * * * * * * * * * * * * * * * * * * * * * * * * * //

dimensions      [0 1 -1 0 0 0 0];

internalField   nonuniform List<vector> 
2268
(
(0.0195964 -0.0162838 0)
(0.0398737 -0.00669279 0)
(0.0171 0.0091701 0)
(-0.0404935 0.0162344 0)
(-0.0709216 0.00700995 0)
(-0.0498575 -0.00468407 0)
(-0.0199801 -0.00430722 0)
(-0.0115452 0.00111364 0)
(-0.0235006 0.00445977 0)
(-0.0454086 0.00640252 0)
(-0.0721579 0.00707808 0)
(-0.100021 0.00497923 0)
(-0.118128 -0.00225829 0)
(-0.113449 -0.0120328 0)
(-0.097645 -0.0107211 0)
(-0.114394 0.0114548 0)
(-0.204922 0.0289488 0)
(-0.290667 0.0178959 0)
(-0.28913 -0.00641259 0)
(-0.237194 -0.0196092 0)
(-0.18409 -0.0221777 0)
(-0.113757 -0.0258635 0)
(-0.0365581 -0.0217646 0)
(-0.0145653 -0.0127669 0)
(-0.0474169 0.00948527 0)
(-0.0868089 0.0289131 0)
(-0.113888 0.0251837 0)
(-0.097115 -0.00119157 0)
(-0.0597584 -0.0206232 0)
(-0.027815 -0.0147845 0)
(-0.014725 0.00193383 0)
(-0.0267835 0.012829 0)
(-0.0500317 0.0182398 0)
(-0.0766299 0.0199916 0)
(-0.102266 0.0172851 0)
(-0.123911 0.00849458 0)
(-0.1475 -0.000126081 0)
(-0.181836 0.011356 0)
(-0.221422 0.0402643 0)
(-0.255714 0.0488587 0)
(-0.237544 0.0195063 0)
(-0.168239 -0.0196319 0)
(-0.142241 -0.0337291 0)
(-0.116644 -0.0396741 0)
(-0.077645 -0.0536599 0)
(-0.0217974 -0.0524689 0)
(-0.0300548 0.0102239 0)
(-0.0807571 0.0292963 0)
(-0.118133 0.0391295 0)
(-0.124182 0.0221041 0)
(-0.102582 -0.0161417 0)
(-0.0682883 -0.040066 0)
(-0.0343588 -0.027782 0)
(-0.0213632 0.00180332 0)
(-0.0316026 0.0210281 0)
(-0.0521745 0.0293948 0)
(-0.0731644 0.0305374 0)
(-0.0889345 0.0264565 0)
(-0.100636 0.0193432 0)
(-0.116162 0.0148169 0)
(-0.139587 0.0242157 0)
(-0.158264 0.0417772 0)
(-0.143891 0.0343836 0)
(-0.0900363 -0.00685278 0)
(-0.0604494 -0.0392705 0)
(-0.0678477 -0.042034 0)
(-0.0580433 -0.0469988 0)
(-0.0536016 -0.0664942 0)
(-0.00998259 -0.0694296 0)
(-0.0291769 0.0351094 0)
(-0.0727153 0.0482164 0)
(-0.103085 0.0470485 0)
(-0.108608 0.0205329 0)
(-0.0903456 -0.0274281 0)
(-0.0562358 -0.0583026 0)
(-0.0317713 -0.0389128 0)
(-0.0269427 0.00287391 0)
(-0.0409076 0.0290529 0)
(-0.063085 0.0397487 0)
(-0.0847252 0.0389213 0)
(-0.0984029 0.0308568 0)
(-0.101971 0.0211315 0)
(-0.0965699 0.0172407 0)
(-0.082327 0.0257417 0)
(-0.0587925 0.0350406 0)
(-0.0232145 0.0217767 0)
(0.00151107 -0.0100645 0)
(-0.0140518 -0.0301432 0)
(-0.0507022 -0.0348073 0)
(-0.0559222 -0.0474097 0)
(-0.0599021 -0.0767048 0)
(-0.0119452 -0.0830476 0)
(-0.019774 0.0544625 0)
(-0.0461617 0.0629632 0)
(-0.0680599 0.0537508 0)
(-0.0727165 0.0199603 0)
(-0.0519145 -0.0381929 0)
(-0.021398 -0.0720012 0)
(-0.0156019 -0.0428196 0)
(-0.0257063 0.00885726 0)
(-0.0491516 0.0391613 0)
(-0.0757908 0.0510984 0)
(-0.100869 0.0476752 0)
(-0.117 0.0341675 0)
(-0.119035 0.0178553 0)
(-0.103334 0.00674179 0)
(-0.0693345 0.00853325 0)
(-0.0253487 0.0145008 0)
(0.0115603 0.00794108 0)
(0.0167806 -0.00756409 0)
(-0.0110151 -0.0137064 0)
(-0.0553783 -0.0201154 0)
(-0.0769616 -0.0438547 0)
(-0.0776295 -0.0904337 0)
(-0.019675 -0.102782 0)
(-0.00669729 0.0654831 0)
(-0.0120313 0.0714394 0)
(-0.0210685 0.0574326 0)
(-0.0198002 0.0170448 0)
(0.00717713 -0.0476729 0)
(0.0345754 -0.078563 0)
(0.0144894 -0.0377011 0)
(-0.0101323 0.0223181 0)
(-0.0436715 0.0559882 0)
(-0.0762446 0.0674548 0)
(-0.10738 0.0602371 0)
(-0.129198 0.0398863 0)
(-0.133862 0.0145125 0)
(-0.115482 -0.00713219 0)
(-0.0757389 -0.0128429 0)
(-0.0277836 -0.00562271 0)
(0.0100236 0.000318236 0)
(0.018973 -0.00139641 0)
(-0.00137683 0.00265309 0)
(-0.047183 -0.00124376 0)
(-0.0875637 -0.0373443 0)
(-0.0886085 -0.106748 0)
(-0.0277994 -0.128143 0)
(0.00850308 0.0616544 0)
(0.0243206 0.0695391 0)
(0.0292459 0.0554458 0)
(0.0385672 0.0137308 0)
(0.0882321 -0.0600612 0)
(0.100461 -0.0759278 0)
(0.0578713 -0.0243185 0)
(0.0273121 0.0382335 0)
(-0.0140555 0.0671137 0)
(-0.0563632 0.078926 0)
(-0.0948671 0.0707921 0)
(-0.12275 0.0448608 0)
(-0.132243 0.00935399 0)
(-0.11103 -0.0250026 0)
(-0.0605422 -0.0394364 0)
(-0.00717455 -0.0309343 0)
(0.0273599 -0.0164058 0)
(0.0323212 -0.00153916 0)
(0.0112325 0.0182491 0)
(-0.0366527 0.0212731 0)
(-0.0881007 -0.0295769 0)
(-0.0975047 -0.125331 0)
(-0.0446446 -0.163283 0)
(0.0234417 0.0571439 0)
(0.0592177 0.0702801 0)
(0.0805747 0.0513834 0)
(0.11244 -0.00917526 0)
(0.169043 -0.075074 0)
(0.147362 -0.07174 0)
(0.0978062 -0.00541726 0)
(0.0619656 0.0609642 0)
(0.0040579 0.100582 0)
(-0.048768 0.112571 0)
(-0.0898454 0.0964905 0)
(-0.115115 0.0619337 0)
(-0.121116 0.0140326 0)
(-0.0926657 -0.0425609 0)
(-0.0399066 -0.0626656 0)
(0.0021895 -0.0427386 0)
(0.0231671 -0.0215062 0)
(0.0225978 0.00169868 0)
(-0.00322113 0.030632 0)
(-0.0590992 0.0468385 0)
(-0.101327 -0.00882812 0)
(-0.118293 -0.13522 0)
(-0.0861291 -0.195161 0)
(0.0818569 -0.00937985 0)
(-0.178748 0.0450448 0)
(-0.24546 -0.00728043 0)
(-0.0236729 -0.0782454 0)
(0.212266 -0.0682764 0)
(0.355934 -0.000353743 0)
(0.324473 0.0113701 0)
(0.0967021 0.0381394 0)
(-0.0414364 0.0217306 0)
(-0.102442 0.011572 0)
(-0.215717 0.00988282 0)
(-0.208185 -0.0104318 0)
(-0.0746984 -0.0343912 0)
(0.131971 -0.0655404 0)
(0.364573 -0.000584597 0)
(0.288529 0.0708214 0)
(-0.111163 0.0404825 0)
(-0.229446 -0.0410337 0)
(-0.042605 -0.0446694 0)
(-0.0525465 0.048135 0)
(-0.256234 0.0887801 0)
(-0.194607 -0.0392807 0)
(-0.0509286 -0.16257 0)
(0.123056 -0.137629 0)
(0.232725 -0.00600798 0)
(0.202513 0.0785318 0)
(-0.0406472 0.102186 0)
(-0.15237 0.0699669 0)
(-0.324378 0.075762 0)
(-0.447124 0.0445471 0)
(-0.467637 -0.027773 0)
(-0.36885 -0.109838 0)
(-0.191919 -0.154483 0)
(0.0265061 -0.0502425 0)
(0.288431 0.120831 0)
(0.0611274 0.137224 0)
(-0.0815378 0.00419094 0)
(-0.0327058 -0.0808876 0)
(-0.0988315 0.106254 0)
(-0.232398 0.11335 0)
(-0.165245 -0.0642189 0)
(-0.0488018 -0.231487 0)
(0.040288 -0.183424 0)
(-0.00011736 0.0217303 0)
(-0.0809629 0.132104 0)
(-0.297495 0.173968 0)
(-0.472046 0.163323 0)
(-0.624946 0.129908 0)
(-0.705611 0.0619348 0)
(-0.728716 -0.0331718 0)
(-0.682065 -0.159216 0)
(-0.505413 -0.253619 0)
(-0.243679 -0.162383 0)
(0.0693444 0.0916986 0)
(0.123564 0.173974 0)
(0.0323059 0.0294673 0)
(0.0139317 -0.0693614 0)
(-0.0930622 0.161052 0)
(-0.180384 0.133664 0)
(-0.160444 -0.0798945 0)
(-0.0523642 -0.292154 0)
(-0.066844 -0.190128 0)
(-0.186735 0.0746065 0)
(-0.480823 0.216734 0)
(-0.690049 0.234806 0)
(-0.747718 0.205022 0)
(-0.806641 0.168558 0)
(-0.918546 0.0977935 0)
(-1.05124 -0.0584567 0)
(-1.03146 -0.265238 0)
(-0.798651 -0.38406 0)
(-0.496033 -0.263209 0)
(-0.229761 -0.0100798 0)
(0.0283344 0.158056 0)
(-0.0141681 0.0321241 0)
(-0.0169516 -0.0617231 0)
(-0.0614339 0.204311 0)
(-0.118713 0.156149 0)
(-0.154496 -0.0889496 0)
(-0.0794168 -0.305281 0)
(-0.278626 -0.0987618 0)
(-0.580666 0.231162 0)
(-0.81882 0.310799 0)
(-0.816815 0.264963 0)
(-0.812743 0.23147 0)
(-0.989283 0.194136 0)
(-1.30625 0.113569 0)
(-1.58481 -0.02158 0)
(-1.47991 -0.332814 0)
(-1.09642 -0.546075 0)
(-0.731351 -0.388678 0)
(-0.428473 -0.0993681 0)
(-0.202258 0.0784225 0)
(-0.10524 0.0265983 0)
(-0.0771247 -0.0777038 0)
(-0.0150034 0.230387 0)
(-0.0353806 0.171955 0)
(-0.120536 -0.0732284 0)
(-0.0765972 -0.245499 0)
(-0.482909 0.046857 0)
(-0.871645 0.35085 0)
(-0.913668 0.308033 0)
(-0.79975 0.227125 0)
(-0.947495 0.277761 0)
(-1.28164 0.328943 0)
(-1.7227 0.317232 0)
(-1.99425 0.107496 0)
(-1.77659 -0.410729 0)
(-1.40526 -0.712412 0)
(-0.993788 -0.533123 0)
(-0.588944 -0.202201 0)
(-0.364864 -0.00217543 0)
(-0.188402 -0.0469588 0)
(-0.053307 -0.135747 0)
(0.0379914 0.223584 0)
(0.0760753 0.202602 0)
(-0.01066 -0.0320547 0)
(0.0181699 -0.163998 0)
(-0.445114 0.200524 0)
(-0.914001 0.432935 0)
(-0.834537 0.258071 0)
(-0.864149 0.24964 0)
(-1.12027 0.415308 0)
(-1.53435 0.530024 0)
(-2.03256 0.522082 0)
(-2.17444 0.0747437 0)
(-2.01541 -0.551531 0)
(-1.77043 -0.871007 0)
(-1.33459 -0.697392 0)
(-0.831109 -0.361364 0)
(-0.367753 -0.0915811 0)
(-0.213175 -0.128294 0)
(-0.0238528 -0.172942 0)
(0.075784 0.171435 0)
(0.174843 0.206192 0)
(0.152033 -0.00898131 0)
(0.133271 -0.102387 0)
(-0.172674 0.345835 0)
(-0.664383 0.575503 0)
(-0.555203 0.291011 0)
(-0.701642 0.330429 0)
(-1.14626 0.62144 0)
(-1.73449 0.7619 0)
(-2.11891 0.650178 0)
(-2.15233 0.0590126 0)
(-2.1142 -0.619653 0)
(-2.09616 -1.01071 0)
(-1.81396 -0.905607 0)
(-1.31278 -0.569587 0)
(-0.704923 -0.266335 0)
(-0.371168 -0.192278 0)
(-0.097749 -0.171675 0)
(0.0561586 -0.0205041 0)
(0.121525 0.000971182 0)
(0.161817 0.00219641 0)
(0.20887 -0.0236935 0)
(0.220127 -0.0510292 0)
(0.14183 -0.0504407 0)
(0.095522 0.0161551 0)
(0.00185066 0.0999593 0)
(-0.155537 0.115821 0)
(-0.258188 0.126261 0)
(-0.273334 0.106161 0)
(-0.246355 0.0562351 0)
(-0.213695 -0.0156879 0)
(-0.185493 -0.0708265 0)
(-0.136356 -0.0822127 0)
(-0.0834996 -0.0665564 0)
(-0.0654934 -0.0398449 0)
(-0.091601 0.0101168 0)
(-0.177783 0.0752277 0)
(-0.231952 0.0791878 0)
(-0.183605 0.000902606 0)
(-0.202169 -0.118248 0)
(-0.163515 -0.233452 0)
(0.084952 -0.0723811 0)
(0.200497 0.0113645 0)
(0.25045 0.00192908 0)
(0.267098 -0.0583728 0)
(0.225376 -0.0298239 0)
(0.0971694 0.0493466 0)
(-0.055001 0.113204 0)
(-0.144117 0.272155 0)
(-0.512647 0.321894 0)
(-0.670228 0.223356 0)
(-0.695165 0.0597969 0)
(-0.690667 0.0240525 0)
(-0.653737 -0.0109807 0)
(-0.578134 -0.134007 0)
(-0.451137 -0.191227 0)
(-0.380622 -0.0865345 0)
(-0.500967 0.0121604 0)
(-0.657161 0.139095 0)
(-0.740543 0.185676 0)
(-0.686118 0.0597967 0)
(-0.503512 -0.0738859 0)
(-0.38715 -0.20336 0)
(-0.244208 -0.402242 0)
(0.0855205 -0.407742 0)
(0.26357 -0.202902 0)
(0.280369 -0.0837399 0)
(0.170524 0.0140987 0)
(0.00859871 0.15629 0)
(-0.0245039 0.16625 0)
(-0.00802668 0.212985 0)
(-0.57385 0.724391 0)
(-1.12474 0.58247 0)
(-1.17228 0.210852 0)
(-1.19557 0.0873941 0)
(-1.19132 0.00259748 0)
(-1.17716 -0.197543 0)
(-1.1331 -0.367221 0)
(-1.04712 -0.237355 0)
(-0.999679 0.126223 0)
(-1.06419 0.225355 0)
(-1.06395 0.157729 0)
(-0.926635 0.0156086 0)
(-0.807786 -0.0882515 0)
(-0.717017 -0.208783 0)
(-0.590237 -0.41345 0)
(-0.378434 -0.700882 0)
(-0.0675763 -0.502372 0)
(0.00155805 -0.110831 0)
(-0.168973 0.0852539 0)
(-0.172992 0.142859 0)
(-0.0471625 0.113323 0)
(-0.027344 0.126271 0)
(-0.266112 0.76963 0)
(-0.49141 1.21891 0)
(-0.884599 0.871787 0)
(-1.17078 0.295971 0)
(-1.38336 0.0753088 0)
(-1.52429 0.0308553 0)
(-1.47203 -0.0910737 0)
(-1.42604 -0.406459 0)
(-1.31809 -0.394492 0)
(-1.17126 -0.110757 0)
(-1.13216 0.0782283 0)
(-1.10248 0.0776875 0)
(-1.04098 -0.0305503 0)
(-0.941941 -0.171506 0)
(-0.763694 -0.310606 0)
(-0.59014 -0.53581 0)
(-0.478248 -0.844245 0)
(-0.261355 -0.185378 0)
(-0.518098 0.0687929 0)
(-0.684502 0.0833111 0)
(-0.708819 0.0160221 0)
(-0.883436 0.143389 0)
(-0.854441 0.328229 0)
(-0.601574 0.756505 0)
(-0.22131 1.33709 0)
(-0.204186 1.34829 0)
(-0.227561 0.86211 0)
(-0.605818 0.472419 0)
(-1.03516 0.237092 0)
(-1.45283 -0.0439766 0)
(-1.73094 -0.405761 0)
(-1.77389 -0.30424 0)
(-1.61562 0.0418374 0)
(-1.53442 0.192668 0)
(-1.48412 0.0716096 0)
(-1.28208 -0.190001 0)
(-0.994426 -0.424261 0)
(-0.789893 -0.469902 0)
(-0.680431 -0.626274 0)
(-0.661385 -0.898103 0)
(-0.204351 0.131264 0)
(-0.657856 0.398387 0)
(-1.28919 0.267237 0)
(-1.54101 0.093091 0)
(-1.50436 -0.0125523 0)
(-1.34138 0.0570576 0)
(-1.04018 0.30425 0)
(-0.584075 0.634268 0)
(-0.0981955 0.963262 0)
(0.271427 1.07587 0)
(0.0763932 0.909522 0)
(-0.545634 0.922341 0)
(-1.4379 0.434402 0)
(-2.18439 -0.217928 0)
(-2.46447 -0.441098 0)
(-2.30061 -0.245781 0)
(-1.88581 -0.143323 0)
(-1.53082 -0.276662 0)
(-1.13523 -0.549625 0)
(-0.886271 -0.655255 0)
(-0.806084 -0.596857 0)
(-0.809548 -0.666704 0)
(-0.82655 -0.93449 0)
(-0.132579 0.437622 0)
(-0.462515 0.903669 0)
(-0.890253 0.973809 0)
(-1.29782 0.190928 0)
(-1.41891 -0.0559926 0)
(-1.51272 -0.112771 0)
(-1.37317 -0.0223743 0)
(-1.13096 0.13895 0)
(-0.762361 0.389325 0)
(-0.399007 0.703472 0)
(-0.266282 1.04348 0)
(-0.54797 1.55165 0)
(-1.13759 1.16611 0)
(-1.48858 0.317591 0)
(-1.71485 -0.314057 0)
(-1.5985 -0.520967 0)
(-1.38393 -0.605959 0)
(-1.17581 -0.689265 0)
(-0.99467 -0.756078 0)
(-0.878063 -0.747483 0)
(-0.845788 -0.666501 0)
(-0.904581 -0.5853 0)
(-0.919687 -0.972196 0)
(-0.101868 0.644274 0)
(-0.347497 1.2179 0)
(-0.570094 1.78686 0)
(-0.857271 0.663341 0)
(-1.07821 0.184606 0)
(-1.32266 0.0308233 0)
(-1.35295 -0.079839 0)
(-1.25074 0.037147 0)
(-1.16262 0.227786 0)
(-1.00809 0.580364 0)
(-0.855839 1.1735 0)
(-0.973748 1.93207 0)
(-1.12908 1.43698 0)
(-1.19813 0.52049 0)
(-1.32946 -0.0700437 0)
(-1.31408 -0.401471 0)
(-1.18315 -0.724708 0)
(-1.14027 -0.825984 0)
(-1.02618 -0.880514 0)
(-0.945449 -0.830991 0)
(-0.971622 -0.471608 0)
(-0.92095 -0.662371 0)
(-0.949483 -0.984432 0)
(-0.0986628 0.804944 0)
(-0.263614 1.41395 0)
(-0.436086 2.12928 0)
(-0.963452 0.929132 0)
(-1.39348 0.394747 0)
(-1.62335 0.0735786 0)
(-1.65806 -0.147714 0)
(-1.63951 -0.161289 0)
(-1.51951 0.108758 0)
(-1.40082 0.582266 0)
(-1.37939 1.21196 0)
(-1.43388 1.85653 0)
(-1.20028 1.36093 0)
(-1.0347 0.518403 0)
(-0.970437 -0.0198024 0)
(-0.930172 -0.353076 0)
(-0.916235 -0.658599 0)
(-0.974668 -0.899721 0)
(-1.09243 -0.96464 0)
(-1.14464 -0.79808 0)
(-1.00165 -0.536225 0)
(-0.823653 -0.613191 0)
(-0.889069 -0.902687 0)
(-0.119973 0.934633 0)
(-0.173037 1.57153 0)
(-0.37859 2.40262 0)
(-0.960186 1.30458 0)
(-1.34499 0.775169 0)
(-1.58503 0.317041 0)
(-1.78591 -0.0519594 0)
(-1.98678 -0.200919 0)
(-2.11807 -0.0342075 0)
(-2.07963 0.522471 0)
(-1.88471 1.24306 0)
(-1.6381 1.49565 0)
(-1.19345 0.981357 0)
(-0.914388 0.27775 0)
(-0.800828 -0.187135 0)
(-0.748501 -0.46383 0)
(-0.760308 -0.628957 0)
(-0.817967 -0.721452 0)
(-0.889588 -0.81167 0)
(-0.929311 -0.849971 0)
(-0.882982 -0.795458 0)
(-0.789622 -0.749201 0)
(-0.78112 -0.789074 0)
(-0.160282 1.03723 0)
(-0.111113 1.77058 0)
(-0.454091 2.73361 0)
(-0.841659 1.69317 0)
(-1.05694 1.09562 0)
(-1.17913 0.591801 0)
(-1.35362 0.261997 0)
(-1.67029 0.106023 0)
(-1.96925 0.137339 0)
(-2.04564 0.418644 0)
(-1.84152 0.840561 0)
(-1.44083 0.955801 0)
(-0.994933 0.554742 0)
(-0.720988 0.0935217 0)
(-0.602016 -0.213822 0)
(-0.555453 -0.457225 0)
(-0.562325 -0.634278 0)
(-0.597838 -0.735846 0)
(-0.644464 -0.783579 0)
(-0.685242 -0.8011 0)
(-0.710046 -0.805125 0)
(-0.732838 -0.809417 0)
(-0.734471 -0.778098 0)
(-0.205774 1.12911 0)
(-0.0697779 2.03499 0)
(-0.575696 2.98784 0)
(-0.699442 1.948 0)
(-0.803826 1.23898 0)
(-0.856287 0.716647 0)
(-1.02046 0.462795 0)
(-1.27395 0.366039 0)
(-1.50041 0.3429 0)
(-1.58369 0.43366 0)
(-1.4278 0.555661 0)
(-1.08528 0.514818 0)
(-0.743885 0.248821 0)
(-0.540255 -0.0429234 0)
(-0.440792 -0.268443 0)
(-0.393813 -0.440284 0)
(-0.390649 -0.568682 0)
(-0.417028 -0.662057 0)
(-0.453319 -0.731162 0)
(-0.489211 -0.760521 0)
(-0.528397 -0.758739 0)
(-0.599459 -0.768655 0)
(-0.636127 -0.787711 0)
(-0.252194 1.21703 0)
(-0.0397698 2.43862 0)
(-0.672502 3.11949 0)
(-0.568868 2.06217 0)
(-0.662903 1.28511 0)
(-0.733066 0.819852 0)
(-0.956176 0.646376 0)
(-1.17658 0.563119 0)
(-1.32201 0.487389 0)
(-1.34126 0.441494 0)
(-1.20596 0.386793 0)
(-0.9751 0.247961 0)
(-0.762891 0.0297953 0)
(-0.615402 -0.186221 0)
(-0.509161 -0.363249 0)
(-0.435044 -0.499047 0)
(-0.385595 -0.59277 0)
(-0.35871 -0.653654 0)
(-0.35746 -0.696716 0)
(-0.36996 -0.716613 0)
(-0.389844 -0.712166 0)
(-0.436793 -0.712981 0)
(-0.473276 -0.751449 0)
(-0.29945 1.29538 0)
(-0.0327677 2.81471 0)
(-0.701032 3.17675 0)
(-0.464383 2.11175 0)
(-0.627107 1.35226 0)
(-0.788353 1.00699 0)
(-1.09158 0.875076 0)
(-1.32045 0.736617 0)
(-1.45309 0.565015 0)
(-1.46072 0.39637 0)
(-1.3515 0.228369 0)
(-1.17632 0.0445367 0)
(-0.988322 -0.151756 0)
(-0.816509 -0.332739 0)
(-0.671395 -0.480229 0)
(-0.554335 -0.589472 0)
(-0.461921 -0.661726 0)
(-0.390501 -0.701731 0)
(-0.341394 -0.718342 0)
(-0.315582 -0.71944 0)
(-0.306123 -0.705278 0)
(-0.305352 -0.695467 0)
(-0.320036 -0.710415 0)
(-0.353392 1.4207 0)
(0.000815973 3.14044 0)
(-0.678291 3.22017 0)
(-0.402702 2.1749 0)
(-0.677427 1.5169 0)
(-0.958414 1.29393 0)
(-1.33652 1.15197 0)
(-1.60314 0.931533 0)
(-1.74785 0.656552 0)
(-1.74636 0.372483 0)
(-1.62585 0.106939 0)
(-1.43043 -0.132237 0)
(-1.20404 -0.339329 0)
(-0.984107 -0.505081 0)
(-0.793214 -0.627871 0)
(-0.639297 -0.711225 0)
(-0.519748 -0.76058 0)
(-0.427244 -0.780578 0)
(-0.355154 -0.776367 0)
(-0.299773 -0.755415 0)
(-0.261655 -0.729673 0)
(-0.236085 -0.708599 0)
(-0.230115 -0.694903 0)
(-0.402503 1.55315 0)
(0.0601586 3.42244 0)
(-0.637549 3.28142 0)
(-0.384843 2.30237 0)
(-0.792388 1.80442 0)
(-1.19757 1.6805 0)
(-1.65216 1.50177 0)
(-1.9579 1.16684 0)
(-2.10376 0.72896 0)
(-2.08832 0.286305 0)
(-1.94913 -0.0907631 0)
(-1.71632 -0.39182 0)
(-1.42931 -0.609272 0)
(-1.13607 -0.747485 0)
(-0.880606 -0.825086 0)
(-0.680132 -0.863204 0)
(-0.532784 -0.875038 0)
(-0.426401 -0.868073 0)
(-0.349535 -0.845773 0)
(-0.29176 -0.81152 0)
(-0.24651 -0.770466 0)
(-0.214372 -0.732631 0)
(-0.199831 -0.700515 0)
(-0.441576 1.65797 0)
(0.16184 3.67354 0)
(-0.602751 3.37329 0)
(-0.390177 2.5218 0)
(-0.932393 2.2146 0)
(-1.42918 2.15593 0)
(-1.91034 1.88637 0)
(-2.18977 1.37298 0)
(-2.29242 0.777449 0)
(-2.25982 0.214499 0)
(-2.13089 -0.292431 0)
(-1.91695 -0.686979 0)
(-1.60582 -0.95597 0)
(-1.25699 -1.07713 0)
(-0.936269 -1.09178 0)
(-0.685478 -1.06066 0)
(-0.508193 -1.0145 0)
(-0.388234 -0.964109 0)
(-0.30824 -0.911546 0)
(-0.255721 -0.858559 0)
(-0.220401 -0.80635 0)
(-0.196052 -0.756573 0)
(-0.183816 -0.710489 0)
(-0.469951 1.72657 0)
(0.311151 3.90544 0)
(-0.57213 3.52216 0)
(-0.382767 2.83113 0)
(-1.0096 2.70182 0)
(-1.49518 2.64183 0)
(-1.89941 2.1993 0)
(-2.06747 1.48328 0)
(-2.10074 0.743705 0)
(-2.0575 0.0807752 0)
(-1.98142 -0.469107 0)
(-1.84125 -0.937201 0)
(-1.57908 -1.307 0)
(-1.25249 -1.45749 0)
(-0.91244 -1.41802 0)
(-0.633013 -1.29618 0)
(-0.438203 -1.17266 0)
(-0.314956 -1.06693 0)
(-0.238024 -0.97646 0)
(-0.191986 -0.897766 0)
(-0.166494 -0.829222 0)
(-0.154008 -0.768738 0)
(-0.150717 -0.713936 0)
(-0.486551 1.73774 0)
(0.376753 4.01969 0)
(-0.53885 3.72273 0)
(-0.337275 3.17733 0)
(-0.942301 3.16554 0)
(-1.30755 3.03577 0)
(-1.56643 2.41522 0)
(-1.60643 1.57572 0)
(-1.58978 0.781311 0)
(-1.55656 0.0641793 0)
(-1.48244 -0.592986 0)
(-1.33941 -1.14556 0)
(-1.17737 -1.56663 0)
(-0.982607 -1.78153 0)
(-0.731058 -1.74313 0)
(-0.481672 -1.53995 0)
(-0.303092 -1.32831 0)
(-0.197497 -1.16042 0)
(-0.138804 -1.03086 0)
(-0.108093 -0.927063 0)
(-0.0950334 -0.84217 0)
(-0.0933158 -0.771013 0)
(-0.0989097 -0.709283 0)
(-0.49947 1.70661 0)
(0.256983 4.25723 0)
(-0.488396 3.89905 0)
(-0.21779 3.47431 0)
(-0.710251 3.50805 0)
(-0.906663 3.2771 0)
(-1.04108 2.51355 0)
(-0.986986 1.60262 0)
(-0.941259 0.776396 0)
(-0.90602 0.0564726 0)
(-0.712261 -0.66595 0)
(-0.474547 -1.27879 0)
(-0.370073 -1.68762 0)
(-0.331073 -1.92154 0)
(-0.319878 -1.93826 0)
(-0.196582 -1.72196 0)
(-0.0905891 -1.44455 0)
(-0.0327393 -1.22186 0)
(-0.0104847 -1.05986 0)
(-0.00646813 -0.937637 0)
(-0.0123895 -0.841553 0)
(-0.0240188 -0.763621 0)
(-0.0384741 -0.697692 0)
(-0.551095 1.91088 0)
(0.213921 4.25423 0)
(-0.354395 3.99761 0)
(0.00260379 3.6425 0)
(-0.357916 3.69089 0)
(-0.343869 3.39803 0)
(-0.387399 2.54767 0)
(-0.248434 1.58622 0)
(-0.124863 0.724599 0)
(0.0656617 -0.0742617 0)
(0.281326 -0.840856 0)
(0.480744 -1.40529 0)
(0.596455 -1.70598 0)
(0.530397 -1.85737 0)
(0.324291 -1.90086 0)
(0.21658 -1.74927 0)
(0.18906 -1.47408 0)
(0.167276 -1.22662 0)
(0.137129 -1.0492 0)
(0.105559 -0.920857 0)
(0.0757656 -0.82242 0)
(0.0481871 -0.743778 0)
(0.0234057 -0.678183 0)
(-0.526639 2.13334 0)
(0.395832 4.03546 0)
(-0.0563613 4.07861 0)
(0.222424 3.66284 0)
(0.0175486 3.70981 0)
(0.227555 3.36999 0)
(0.316772 2.50068 0)
(0.530666 1.49278 0)
(0.779091 0.574194 0)
(1.05904 -0.25533 0)
(1.33104 -1.00052 0)
(1.45152 -1.51106 0)
(1.46923 -1.68142 0)
(1.30663 -1.68525 0)
(1.00301 -1.66411 0)
(0.689909 -1.57355 0)
(0.493916 -1.37116 0)
(0.374995 -1.1537 0)
(0.285129 -0.989714 0)
(0.215823 -0.871888 0)
(0.16134 -0.781881 0)
(0.117337 -0.709702 0)
(0.0817751 -0.649435 0)
(-0.428847 2.05143 0)
(0.402256 3.78878 0)
(0.241939 4.12407 0)
(0.265526 3.57745 0)
(0.225733 3.56685 0)
(0.562465 3.12305 0)
(0.837291 2.23047 0)
(1.1791 1.18792 0)
(1.55019 0.213791 0)
(1.93957 -0.621563 0)
(2.23794 -1.24348 0)
(2.3074 -1.54135 0)
(2.153 -1.53183 0)
(1.84885 -1.41388 0)
(1.46896 -1.31469 0)
(1.06344 -1.24956 0)
(0.746017 -1.13936 0)
(0.546133 -1.00206 0)
(0.408189 -0.884352 0)
(0.309208 -0.794121 0)
(0.235211 -0.722358 0)
(0.177872 -0.662842 0)
(0.133133 -0.611863 0)
(-0.302699 1.92143 0)
(0.388669 3.69498 0)
(0.288685 4.11477 0)
(0.172393 3.52717 0)
(0.20715 3.31027 0)
(0.626515 2.68592 0)
(1.11502 1.74945 0)
(1.67351 0.733559 0)
(2.20368 -0.196643 0)
(2.64433 -0.967896 0)
(2.87106 -1.39767 0)
(2.79853 -1.40801 0)
(2.47855 -1.22814 0)
(2.05361 -1.03073 0)
(1.60952 -0.902875 0)
(1.18926 -0.868767 0)
(0.863783 -0.848581 0)
(0.640656 -0.806262 0)
(0.485444 -0.751566 0)
(0.373986 -0.698492 0)
(0.290353 -0.650334 0)
(0.225518 -0.606943 0)
(0.174959 -0.567596 0)
(-0.177153 1.77422 0)
(0.420387 3.6434 0)
(0.381113 4.1794 0)
(0.286389 3.79349 0)
(0.380002 3.10073 0)
(0.89671 2.1653 0)
(1.52294 1.14268 0)
(2.11141 0.14208 0)
(2.61482 -0.756045 0)
(2.9286 -1.31558 0)
(2.96737 -1.37205 0)
(2.70039 -1.14589 0)
(2.27437 -0.844992 0)
(1.83435 -0.607124 0)
(1.4218 -0.50427 0)
(1.08281 -0.524877 0)
(0.83873 -0.587025 0)
(0.65411 -0.620597 0)
(0.51427 -0.618712 0)
(0.407817 -0.599589 0)
(0.324752 -0.574238 0)
(0.258674 -0.547068 0)
(0.206158 -0.51973 0)
(-0.0781031 1.58091 0)
(0.445472 3.39131 0)
(0.66795 4.00625 0)
(0.894606 3.70116 0)
(1.15562 2.72476 0)
(1.5543 1.63135 0)
(1.9732 0.602607 0)
(2.39616 -0.330006 0)
(2.64875 -1.04803 0)
(2.65788 -1.32895 0)
(2.42543 -1.12635 0)
(2.05151 -0.758347 0)
(1.6524 -0.406629 0)
(1.30493 -0.216197 0)
(1.04013 -0.196235 0)
(0.879179 -0.296038 0)
(0.745451 -0.411203 0)
(0.61884 -0.478946 0)
(0.508774 -0.504917 0)
(0.416978 -0.508628 0)
(0.341127 -0.501108 0)
(0.278404 -0.487778 0)
(0.227071 -0.471296 0)
(-0.0142645 1.23041 0)
(0.417695 3.00215 0)
(0.749617 3.67587 0)
(1.14982 3.38755 0)
(1.56404 2.39046 0)
(1.8317 1.29399 0)
(2.10514 0.279337 0)
(2.30905 -0.543052 0)
(2.25558 -1.02547 0)
(1.95469 -1.07184 0)
(1.5745 -0.676453 0)
(1.28069 -0.306273 0)
(1.01698 -0.0982695 0)
(0.827982 -0.0273512 0)
(0.765278 -0.0773877 0)
(0.723866 -0.202781 0)
(0.654788 -0.311874 0)
(0.569799 -0.378441 0)
(0.485988 -0.413886 0)
(0.4103 -0.430337 0)
(0.344176 -0.434909 0)
(0.287205 -0.43212 0)
(0.239052 -0.424581 0)
(-0.113713 1.2224 0)
(0.325147 2.59333 0)
(0.697126 3.2601 0)
(1.11253 3.0518 0)
(1.54309 2.14774 0)
(1.82424 1.05257 0)
(2.00738 0.0807939 0)
(1.94046 -0.495113 0)
(1.6409 -0.695937 0)
(1.25042 -0.64625 0)
(0.928205 -0.413626 0)
(0.742626 -0.177117 0)
(0.641098 -0.0187896 0)
(0.623712 0.0115832 0)
(0.636131 -0.0663012 0)
(0.62424 -0.167585 0)
(0.580966 -0.24888 0)
(0.520548 -0.305368 0)
(0.45634 -0.342367 0)
(0.394752 -0.364903 0)
(0.3383 -0.376907 0)
(0.287817 -0.381578 0)
(0.243818 -0.380972 0)
(-0.149355 1.16999 0)
(0.130143 2.15869 0)
(0.553126 2.73239 0)
(1.00234 2.49437 0)
(1.45095 1.70528 0)
(1.73537 0.763647 0)
(1.73182 0.0993108 0)
(1.49095 -0.216501 0)
(1.17758 -0.336296 0)
(0.88073 -0.323732 0)
(0.663101 -0.208037 0)
(0.554089 -0.0725627 0)
(0.533282 -0.00167589 0)
(0.55458 -0.017223 0)
(0.56851 -0.0774839 0)
(0.556149 -0.144173 0)
(0.522102 -0.203218 0)
(0.476042 -0.250431 0)
(0.42545 -0.285708 0)
(0.374879 -0.310522 0)
(0.326851 -0.326804 0)
(0.282615 -0.336542 0)
(0.243045 -0.341134 0)
(-0.0757845 1.17443 0)
(0.0380951 1.89741 0)
(0.423521 2.24139 0)
(0.894954 1.94542 0)
(1.3188 1.30157 0)
(1.48576 0.692228 0)
(1.38676 0.282903 0)
(1.17474 0.0475292 0)
(0.9496 -0.0748684 0)
(0.752535 -0.106635 0)
(0.612664 -0.0731291 0)
(0.544201 -0.0300011 0)
(0.528912 -0.0149338 0)
(0.530955 -0.0337981 0)
(0.525319 -0.0736063 0)
(0.505656 -0.120597 0)
(0.475013 -0.166464 0)
(0.437103 -0.2067 0)
(0.395497 -0.23953 0)
(0.353139 -0.264921 0)
(0.312044 -0.283637 0)
(0.273413 -0.296795 0)
(0.238172 -0.305258 0)
(-0.0032266 1.17832 0)
(0.0878345 1.71176 0)
(0.403608 1.84574 0)
(0.79809 1.58584 0)
(1.09036 1.14535 0)
(1.17751 0.731799 0)
(1.1129 0.426609 0)
(0.984603 0.221427 0)
(0.841763 0.0963138 0)
(0.712225 0.0336719 0)
(0.61565 0.0133779 0)
(0.557855 0.00916305 0)
(0.527686 -0.000220225 0)
(0.508417 -0.0227807 0)
(0.488864 -0.0565969 0)
(0.464607 -0.0953834 0)
(0.435382 -0.134223 0)
(0.402308 -0.169918 0)
(0.366856 -0.20074 0)
(0.330683 -0.22615 0)
(0.295243 -0.246328 0)
(0.261524 -0.261872 0)
(0.230354 -0.273283 0)
(0.0254864 1.12197 0)
(0.144318 1.52665 0)
(0.397 1.51762 0)
(0.678139 1.29869 0)
(0.869711 1.00123 0)
(0.939344 0.721977 0)
(0.918001 0.497654 0)
(0.846894 0.329218 0)
(0.756995 0.210069 0)
(0.669475 0.132725 0)
(0.597287 0.0864297 0)
(0.544553 0.0566992 0)
(0.507538 0.0303897 0)
(0.479352 0.000673425 0)
(0.454046 -0.0332452 0)
(0.428033 -0.0692546 0)
(0.40009 -0.104683 0)
(0.370328 -0.137779 0)
(0.339351 -0.167325 0)
(0.308018 -0.192728 0)
(0.277254 -0.213939 0)
(0.247815 -0.231281 0)
(0.220392 -0.245028 0)
(0.0301543 1.03615 0)
(0.158692 1.34624 0)
(0.357969 1.27985 0)
(0.554683 1.09691 0)
(0.691714 0.888283 0)
(0.754722 0.694407 0)
(0.756954 0.528165 0)
(0.720791 0.391135 0)
(0.666279 0.28315 0)
(0.607731 0.202572 0)
(0.554243 0.144468 0)
(0.509954 0.100769 0)
(0.47459 0.0635709 0)
(0.445322 0.0279771 0)
(0.418957 -0.00769901 0)
(0.393213 -0.0431651 0)
(0.366933 -0.0773151 0)
(0.339967 -0.109178 0)
(0.31261 -0.138106 0)
(0.28525 -0.163673 0)
(0.258463 -0.185759 0)
(0.232765 -0.204545 0)
(0.208666 -0.220174 0)
(0.0290682 0.951797 0)
(0.145927 1.19075 0)
(0.303118 1.10458 0)
(0.447327 0.953532 0)
(0.550477 0.801532 0)
(0.60527 0.66242 0)
(0.618971 0.536633 0)
(0.604707 0.424543 0)
(0.57446 0.328542 0)
(0.537284 0.250209 0)
(0.499589 0.187995 0)
(0.465068 0.137644 0)
(0.434743 0.0944138 0)
(0.407823 0.0548852 0)
(0.382907 0.0174094 0)
(0.358792 -0.0183846 0)
(0.33474 -0.0522551 0)
(0.31053 -0.0836919 0)
(0.286303 -0.112473 0)
(0.262332 -0.138321 0)
(0.238918 -0.161172 0)
(0.216379 -0.181121 0)
(0.19504 -0.19823 0)
(0.0270262 0.876203 0)
(0.126131 1.06172 0)
(0.250789 0.969962 0)
(0.360423 0.844869 0)
(0.439843 0.732037 0)
(0.486284 0.629978 0)
(0.505073 0.532485 0)
(0.503951 0.439448 0)
(0.489599 0.354704 0)
(0.467456 0.281331 0)
(0.441943 0.219474 0)
(0.416125 0.166962 0)
(0.391485 0.12097 0)
(0.368258 0.0792633 0)
(0.346058 0.0405492 0)
(0.324388 0.00429086 0)
(0.302898 -0.0296219 0)
(0.281403 -0.0610817 0)
(0.260016 -0.0899357 0)
(0.238933 -0.116105 0)
(0.218286 -0.139572 0)
(0.198259 -0.160372 0)
(0.179008 -0.178546 0)
(0.0244685 0.810022 0)
(0.106967 0.956062 0)
(0.206262 0.864587 0)
(0.291116 0.761024 0)
(0.353027 0.676233 0)
(0.3921 0.599317 0)
(0.412549 0.521364 0)
(0.418742 0.442801 0)
(0.414117 0.368144 0)
(0.401885 0.300815 0)
(0.385142 0.241596 0)
(0.366354 0.189449 0)
(0.347023 0.142787 0)
(0.327788 0.100255 0)
(0.308763 0.0609622 0)
(0.289863 0.0244249 0)
(0.270989 -0.0095678 0)
(0.252085 -0.0410859 0)
(0.233211 -0.0700481 0)
(0.214488 -0.0964527 0)
(0.196003 -0.120309 0)
(0.177866 -0.141636 0)
(0.160158 -0.160496 0)
(0.0216586 0.753004 0)
(0.0899362 0.870121 0)
(0.168965 0.781826 0)
(0.234959 0.695979 0)
(0.283524 0.631344 0)
(0.316307 0.571435 0)
(0.336505 0.50709 0)
(0.346289 0.439641 0)
(0.347243 0.373707 0)
(0.34132 0.31244 0)
(0.330735 0.256751 0)
(0.317407 0.206251 0)
(0.302637 0.160155 0)
(0.287142 0.117734 0)
(0.271244 0.0784479 0)
(0.255069 0.0419445 0)
(0.238662 0.00802855 0)
(0.222047 -0.0233923 0)
(0.20528 -0.0523406 0)
(0.188461 -0.0788131 0)
(0.171678 -0.102817 0)
(0.155056 -0.124421 0)
(0.138713 -0.143756 0)
(0.0188381 0.704467 0)
(0.0749221 0.800516 0)
(0.137378 0.716825 0)
(0.18851 0.645404 0)
(0.226547 0.595158 0)
(0.25385 0.546718 0)
(0.272637 0.491993 0)
(0.283664 0.433168 0)
(0.287536 0.374572 0)
(0.285503 0.318833 0)
(0.279161 0.266808 0)
(0.269939 0.218501 0)
(0.258869 0.173653 0)
(0.246595 0.131958 0)
(0.233491 0.0931476 0)
(0.219767 0.0570119 0)
(0.205543 0.0234133 0)
(0.190903 -0.00772741 0)
(0.175919 -0.0364586 0)
(0.160761 -0.0628011 0)
(0.145554 -0.0868509 0)
(0.130461 -0.10866 0)
(0.115745 -0.128457 0)
(0.0160642 0.66394 0)
(0.0616367 0.744835 0)
(0.110351 0.666406 0)
(0.149421 0.606488 0)
(0.178815 0.566283 0)
(0.201177 0.525482 0)
(0.217813 0.477632 0)
(0.228599 0.425515 0)
(0.23368 0.37293 0)
(0.233899 0.321939 0)
(0.230379 0.273321 0)
(0.224139 0.227337 0)
(0.215936 0.18406 0)
(0.206289 0.143462 0)
(0.195546 0.105464 0)
(0.18394 0.0699741 0)
(0.171638 0.036908 0)
(0.158785 0.0061996 0)
(0.14553 -0.0222118 0)
(0.132006 -0.0483946 0)
(0.118508 -0.0724512 0)
(0.10536 -0.0945654 0)
(0.0927739 -0.115051 0)
(0.0132698 0.630009 0)
(0.0495478 0.700018 0)
(0.0865982 0.627532 0)
(0.115546 0.576824 0)
(0.137526 0.543354 0)
(0.155233 0.507459 0)
(0.16915 0.464526 0)
(0.17869 0.417606 0)
(0.18383 0.369831 0)
(0.185143 0.322774 0)
(0.183384 0.277168 0)
(0.179227 0.233444 0)
(0.173188 0.191871 0)
(0.165657 0.152586 0)
(0.15693 0.115626 0)
(0.147241 0.0809696 0)
(0.136797 0.0485643 0)
(0.1258 0.018343 0)
(0.114454 -0.00977027 0)
(0.103065 -0.0358789 0)
(0.0918841 -0.0601661 0)
(0.0811812 -0.0829069 0)
(0.0711605 -0.104312 0)
(0.0105169 0.605723 0)
(0.0390314 0.668271 0)
(0.0665166 0.600977 0)
(0.0868139 0.556787 0)
(0.102377 0.527464 0)
(0.115882 0.494565 0)
(0.127016 0.454968 0)
(0.134946 0.41176 0)
(0.139636 0.367457 0)
(0.141451 0.323293 0)
(0.140849 0.280004 0)
(0.138228 0.238128 0)
(0.133905 0.198038 0)
(0.128158 0.159953 0)
(0.121235 0.123966 0)
(0.113369 0.0900817 0)
(0.104789 0.058252 0)
(0.0957369 0.028386 0)
(0.0864744 0.000336782 0)
(0.0771443 -0.0260911 0)
(0.0679854 -0.0509396 0)
(0.0591787 -0.0741117 0)
(0.0507155 -0.0958435 0)
(0.00737501 0.577469 0)
(0.0257875 0.634805 0)
(0.0411956 0.57635 0)
(0.0518187 0.538935 0)
(0.0601256 0.511967 0)
(0.0681602 0.480671 0)
(0.0748592 0.443865 0)
(0.0797622 0.404084 0)
(0.0828324 0.363058 0)
(0.0841925 0.321816 0)
(0.0840325 0.281108 0)
(0.0825087 0.2415 0)
(0.07978 0.203379 0)
(0.0760156 0.166963 0)
(0.0713878 0.132348 0)
(0.0660694 0.0995445 0)
(0.0602236 0.0685185 0)
(0.0539844 0.0392016 0)
(0.0474652 0.0114755 0)
(0.0408918 -0.0148156 0)
(0.0342239 -0.0396279 0)
(0.027677 -0.0632176 0)
(0.0216269 -0.0858428 0)
(0.0123791 -0.140662 0)
(0.134487 -0.0983173 0)
(0.216636 -0.0432177 0)
(0.257975 0.00191204 0)
(-0.0639047 -0.469101 0)
(0.052998 -0.352945 0)
(0.135053 -0.219514 0)
(0.201461 -0.0724143 0)
(-0.283308 -0.700689 0)
(-0.205935 -0.512511 0)
(-0.160164 -0.340694 0)
(-0.0982288 -0.17706 0)
(-0.462307 -0.756999 0)
(-0.423517 -0.552611 0)
(-0.420264 -0.398921 0)
(-0.406222 -0.278954 0)
(-0.641522 -0.768455 0)
(-0.617136 -0.544171 0)
(-0.628889 -0.37091 0)
(-0.647273 -0.225012 0)
(-0.800828 -0.797654 0)
(-0.767467 -0.544003 0)
(-0.763653 -0.325652 0)
(-0.775331 -0.151867 0)
(-0.900507 -0.856999 0)
(-0.854038 -0.608098 0)
(-0.804989 -0.337698 0)
(-0.767979 -0.10406 0)
(-0.952353 -0.908647 0)
(-0.917647 -0.72435 0)
(-0.844726 -0.472473 0)
(-0.752594 -0.209421 0)
(-0.9605 -0.928032 0)
(-0.954986 -0.808545 0)
(-0.906704 -0.636446 0)
(-0.80804 -0.413752 0)
(-0.843155 -0.833453 0)
(-0.915595 -0.850622 0)
(-0.934432 -0.746974 0)
(-0.88275 -0.621995 0)
(-0.730502 -0.711496 0)
(-0.755952 -0.704161 0)
(-0.810895 -0.721418 0)
(-0.843547 -0.690115 0)
(-0.633197 -0.731701 0)
(-0.627313 -0.650063 0)
(-0.638613 -0.61242 0)
(-0.68397 -0.623036 0)
(-0.490435 -0.74116 0)
(-0.488307 -0.677075 0)
(-0.474331 -0.597628 0)
(-0.468163 -0.537173 0)
(-0.343106 -0.714639 0)
(-0.354093 -0.693389 0)
(-0.352262 -0.648611 0)
(-0.333983 -0.581653 0)
(-0.240228 -0.680644 0)
(-0.249413 -0.667674 0)
(-0.257029 -0.64727 0)
(-0.256831 -0.61803 0)
(-0.198091 -0.675014 0)
(-0.199835 -0.656375 0)
(-0.202283 -0.635776 0)
(-0.205594 -0.61116 0)
(-0.181239 -0.678413 0)
(-0.181587 -0.656546 0)
(-0.18243 -0.632985 0)
(-0.184325 -0.606622 0)
(-0.152563 -0.67643 0)
(-0.155495 -0.652523 0)
(-0.158797 -0.628304 0)
(-0.16227 -0.601938 0)
(-0.105624 -0.668561 0)
(-0.11101 -0.643092 0)
(-0.116617 -0.61801 0)
(-0.122314 -0.59288 0)
(-0.0496406 -0.655231 0)
(-0.057137 -0.629475 0)
(-0.0644294 -0.60469 0)
(-0.0714161 -0.580836 0)
(0.00695268 -0.636473 0)
(-0.00293875 -0.611693 0)
(-0.0122293 -0.588192 0)
(-0.0208164 -0.566005 0)
(0.0595903 -0.611088 0)
(0.0469439 -0.588475 0)
(0.0352399 -0.567116 0)
(0.0244901 -0.547101 0)
(0.1058 -0.578979 0)
(0.0905747 -0.559475 0)
(0.0765676 -0.540963 0)
(0.0637251 -0.523621 0)
(0.144032 -0.541516 0)
(0.126894 -0.525774 0)
(0.111134 -0.510646 0)
(0.0966578 -0.496368 0)
(0.173612 -0.500781 0)
(0.15547 -0.488946 0)
(0.138702 -0.477327 0)
(0.123208 -0.466237 0)
(0.194651 -0.459028 0)
(0.176367 -0.450898 0)
(0.159346 -0.442641 0)
(0.143511 -0.434619 0)
(0.208004 -0.418068 0)
(0.190236 -0.4132 0)
(0.173556 -0.407949 0)
(0.157925 -0.40271 0)
(0.214882 -0.379141 0)
(0.198076 -0.376998 0)
(0.182171 -0.374314 0)
(0.167171 -0.371491 0)
(0.216578 -0.342976 0)
(0.201001 -0.343049 0)
(0.186164 -0.342509 0)
(0.172104 -0.341747 0)
(0.214296 -0.309953 0)
(0.200098 -0.31182 0)
(0.186519 -0.313072 0)
(0.173614 -0.314069 0)
(0.209052 -0.280225 0)
(0.196292 -0.283567 0)
(0.184064 -0.286338 0)
(0.172425 -0.28885 0)
(0.20154 -0.253777 0)
(0.190185 -0.258353 0)
(0.179282 -0.262414 0)
(0.168884 -0.266214 0)
(0.191996 -0.230376 0)
(0.181881 -0.235963 0)
(0.172135 -0.241083 0)
(0.162796 -0.245917 0)
(0.180135 -0.209543 0)
(0.170986 -0.215906 0)
(0.162113 -0.22182 0)
(0.153545 -0.227397 0)
(0.165386 -0.190626 0)
(0.156916 -0.197524 0)
(0.148649 -0.203977 0)
(0.140598 -0.21002 0)
(0.147496 -0.173064 0)
(0.139557 -0.180324 0)
(0.131793 -0.187142 0)
(0.124192 -0.193475 0)
(0.127016 -0.156699 0)
(0.1197 -0.164275 0)
(0.112574 -0.171416 0)
(0.105585 -0.177999 0)
(0.105328 -0.141836 0)
(0.0988833 -0.149787 0)
(0.0926509 -0.157295 0)
(0.0865579 -0.164231 0)
(0.0840093 -0.129043 0)
(0.0786611 -0.137437 0)
(0.0735172 -0.145379 0)
(0.0685587 -0.152874 0)
(0.0641966 -0.118911 0)
(0.0599135 -0.127675 0)
(0.0558088 -0.136075 0)
(0.0519781 -0.144272 0)
(0.0447593 -0.11068 0)
(0.041145 -0.119749 0)
(0.0378378 -0.128752 0)
(0.0349424 -0.137836 0)
(0.017871 -0.101903 0)
(0.0159138 -0.112082 0)
(0.0143088 -0.122326 0)
(0.0130608 -0.132623 0)
(0.246483 0.0989076 0)
(0.282662 0.173484 0)
(0.303948 0.0440087 0)
(0.243811 -0.0198353 0)
(0.113036 0.380865 0)
(-0.0764593 0.812943 0)
(-0.271543 0.397535 0)
(-0.364965 0.46955 0)
(-0.880376 0.948018 0)
(-1.4991 1.15635 0)
(-1.7532 0.790996 0)
(-1.7277 0.105099 0)
(-1.78028 -0.500033 0)
(-2.09974 -0.96107 0)
(-2.39977 -1.15833 0)
(-2.3687 -1.01865 0)
(-1.75203 -0.807451 0)
(-0.911793 -0.723726 0)
(-0.373747 -0.559514 0)
(0.261331 0.0777384 0)
(0.302853 0.144972 0)
(0.382398 0.0578033 0)
(0.223342 0.0411714 0)
(0.0522487 0.498359 0)
(0.0239353 1.05863 0)
(-0.122654 0.457499 0)
(-0.264908 0.610981 0)
(-0.669024 1.46365 0)
(-1.17638 1.60273 0)
(-1.20496 0.779484 0)
(-0.895699 0.0473855 0)
(-0.805829 -0.321703 0)
(-0.979511 -0.540578 0)
(-1.37709 -0.764805 0)
(-1.67869 -0.932029 0)
(-1.4983 -1.03098 0)
(-0.738208 -1.35394 0)
(-0.443998 -1.37879 0)
(0.00265672 -0.0152028 0)
(0.123535 0.0617869 0)
(0.0777915 0.0529065 0)
(-0.175993 0.282518 0)
(-0.265914 0.735616 0)
(-0.202699 0.998155 0)
(-0.226922 0.470082 0)
(-0.465972 0.8673 0)
(-0.761327 1.96855 0)
(-1.05146 1.70701 0)
(-0.79959 0.540037 0)
(-0.413164 -0.2821 0)
(-0.341361 -0.476982 0)
(-0.189443 -0.480507 0)
(-0.201827 -0.543927 0)
(-0.405222 -0.89632 0)
(-0.280398 -1.1815 0)
(0.143986 -1.53711 0)
(0.0293862 -1.63805 0)
(-0.375392 -0.115958 0)
(-0.387085 0.103305 0)
(-0.498576 0.311295 0)
(-0.555086 0.505996 0)
(-0.516703 0.731625 0)
(-0.497266 0.779531 0)
(-0.529454 0.690792 0)
(-0.661465 1.30971 0)
(-0.900602 2.07443 0)
(-0.829451 1.54527 0)
(-0.353994 0.282856 0)
(0.0354388 -0.498877 0)
(-0.149943 -0.607304 0)
(0.0060732 -0.68655 0)
(0.150883 -0.729858 0)
(0.227866 -0.937898 0)
(0.448833 -1.21431 0)
(0.473428 -1.51061 0)
(0.29652 -1.44855 0)
(-0.702981 -0.00581365 0)
(-0.838103 0.233379 0)
(-0.862879 0.275909 0)
(-0.80408 0.348657 0)
(-0.866709 0.641865 0)
(-0.702798 0.727097 0)
(-0.695316 0.747677 0)
(-0.711198 1.48094 0)
(-0.770309 1.86664 0)
(-0.412866 1.2389 0)
(0.346583 -0.102729 0)
(0.480086 -0.457428 0)
(0.26592 -0.577879 0)
(0.43026 -0.773212 0)
(0.624347 -0.955476 0)
(0.732934 -0.972112 0)
(0.783516 -1.26423 0)
(0.660314 -1.38131 0)
(0.450863 -1.03357 0)
(-0.835983 0.0851724 0)
(-1.02364 0.284407 0)
(-1.0996 0.0865492 0)
(-0.983144 0.293813 0)
(-0.925146 0.580697 0)
(-0.768998 0.618965 0)
(-0.765336 0.724556 0)
(-0.698626 1.37279 0)
(-0.46402 1.5094 0)
(0.140898 0.722696 0)
(0.595163 -0.194794 0)
(0.617142 -0.447318 0)
(0.586835 -0.638598 0)
(0.789758 -0.896502 0)
(0.919658 -1.06948 0)
(0.940891 -1.03294 0)
(0.909898 -1.21251 0)
(0.74435 -1.18268 0)
(0.549665 -0.572575 0)
(-0.777031 0.19313 0)
(-0.901497 0.4255 0)
(-0.994464 0.053888 0)
(-0.919644 0.253502 0)
(-0.819423 0.481653 0)
(-0.762129 0.55703 0)
(-0.777532 0.729307 0)
(-0.585018 1.12421 0)
(-0.129283 1.0251 0)
(0.460207 0.193657 0)
(0.666292 -0.371629 0)
(0.789415 -0.64231 0)
(0.930018 -0.7827 0)
(1.0029 -0.928075 0)
(0.915923 -1.00305 0)
(0.840697 -1.04185 0)
(0.852868 -1.11386 0)
(0.730223 -1.03006 0)
(0.600066 -0.242301 0)
(-0.650856 0.151894 0)
(-0.590581 0.502149 0)
(-0.52379 0.18403 0)
(-0.634758 0.282938 0)
(-0.658281 0.377538 0)
(-0.648282 0.543457 0)
(-0.645563 0.67917 0)
(-0.440899 0.761126 0)
(-0.0595336 0.587836 0)
(0.25079 0.0463331 0)
(0.521054 -0.51059 0)
(0.67585 -0.805696 0)
(0.777749 -0.875041 0)
(0.804608 -0.884466 0)
(0.74933 -0.928135 0)
(0.718202 -1.01719 0)
(0.688135 -1.05535 0)
(0.528969 -0.899482 0)
(0.472007 0.682149 0)
(-0.610425 -0.0476711 0)
(-0.378777 0.381601 0)
(-0.100004 0.185616 0)
(-0.0475209 0.204586 0)
(-0.110852 0.479045 0)
(-0.410304 0.582494 0)
(-0.471408 0.592184 0)
(-0.369026 0.532876 0)
(-0.120182 0.268101 0)
(0.268927 -0.387169 0)
(0.505837 -0.799526 0)
(0.588655 -0.89214 0)
(0.656739 -0.87645 0)
(0.65685 -0.858915 0)
(0.62448 -0.903423 0)
(0.597346 -0.977538 0)
(0.478559 -0.9388 0)
(0.121228 -0.716345 0)
(-0.0949206 1.02699 0)
(-0.700486 -0.358195 0)
(-0.380039 0.00511278 0)
(-0.110809 0.32158 0)
(-0.0522276 0.107333 0)
(0.00606189 0.473691 0)
(0.0916831 0.778787 0)
(-0.100061 0.657299 0)
(-0.131048 0.456015 0)
(0.157118 -0.0409359 0)
(0.417589 -0.559155 0)
(0.43739 -0.807848 0)
(0.445718 -0.878954 0)
(0.471991 -0.87906 0)
(0.492138 -0.863862 0)
(0.497395 -0.886438 0)
(0.424255 -0.895937 0)
(0.150122 -0.680753 0)
(-0.638506 -0.0832344 0)
(-0.436706 0.496794 0)
(-0.759545 -0.515112 0)
(-0.532286 -0.30421 0)
(-0.201422 -0.0403147 0)
(0.0576823 0.295715 0)
(-0.0691824 0.321664 0)
(0.289972 0.718372 0)
(0.303846 0.79412 0)
(0.207579 0.479592 0)
(0.450671 -0.141598 0)
(0.394176 -0.564848 0)
(0.307039 -0.768356 0)
(0.250383 -0.874828 0)
(0.263912 -0.877107 0)
(0.308665 -0.852337 0)
(0.21739 -0.845892 0)
(-0.023233 -0.69106 0)
(-0.661753 -0.037428 0)
(-0.72476 -0.125087 0)
(-0.203476 -0.306068 0)
(-0.733685 -0.630835 0)
(-0.636743 -0.513674 0)
(-0.430625 -0.324705 0)
(-0.109168 -0.0252127 0)
(0.144709 0.375306 0)
(0.144988 0.459229 0)
(0.391669 0.760183 0)
(0.478632 0.378056 0)
(0.494695 -0.256229 0)
(0.354533 -0.482708 0)
(0.30002 -0.688215 0)
(0.170678 -0.821175 0)
(-0.0471561 -0.902883 0)
(-0.115676 -0.88114 0)
(-0.344771 -0.683519 0)
(-0.623427 -0.13826 0)
(-0.673772 -0.0287013 0)
(-0.483814 -0.385337 0)
(-0.112808 -0.628863 0)
(-0.509372 -0.534008 0)
(-0.577087 -0.612155 0)
(-0.532334 -0.529202 0)
(-0.353857 -0.277504 0)
(-0.0096614 0.096611 0)
(0.202553 0.458028 0)
(0.209806 0.584593 0)
(0.618368 0.306828 0)
(0.445899 -0.0882479 0)
(0.410922 -0.387739 0)
(0.462069 -0.532881 0)
(0.233267 -0.62031 0)
(-0.0639149 -0.735638 0)
(-0.269345 -0.624666 0)
(-0.424817 -0.420975 0)
(-0.419078 -0.259678 0)
(-0.32814 -0.162169 0)
(-0.277076 -0.421442 0)
(-0.0585846 -0.868942 0)
(-0.314669 -0.477038 0)
(-0.356557 -0.458001 0)
(-0.482257 -0.58044 0)
(-0.454617 -0.455048 0)
(-0.272315 -0.116875 0)
(0.0748604 0.262926 0)
(0.229615 0.490215 0)
(0.332893 0.258489 0)
(0.360419 -0.0980121 0)
(0.45246 -0.342024 0)
(0.402423 -0.495716 0)
(0.145118 -0.490293 0)
(-0.00403343 -0.467211 0)
(-0.157609 -0.472216 0)
(-0.20142 -0.450343 0)
(-0.244551 -0.326633 0)
(-0.168484 -0.259024 0)
(-0.164607 -0.43199 0)
(-0.0030178 -1.00311 0)
(-0.23503 -0.540948 0)
(-0.184284 -0.420389 0)
(-0.237303 -0.422645 0)
(-0.415551 -0.526723 0)
(-0.354783 -0.30752 0)
(-0.150607 0.0531363 0)
(0.13288 0.326063 0)
(0.231155 0.119953 0)
(0.377646 -0.160245 0)
(0.488482 -0.377908 0)
(0.2353 -0.369277 0)
(0.103873 -0.310886 0)
(0.0508145 -0.379842 0)
(-0.0378769 -0.423728 0)
(-0.0891893 -0.37499 0)
(-0.174743 -0.29673 0)
(-0.124943 -0.319056 0)
(-0.128741 -0.471351 0)
(0.0280951 -1.0775 0)
(-0.206167 -0.556563 0)
(-0.190818 -0.476914 0)
(-0.158024 -0.392789 0)
(-0.129698 -0.380597 0)
(-0.345256 -0.474747 0)
(-0.265088 -0.18901 0)
(0.0360416 0.119747 0)
(0.289361 -0.0840929 0)
(0.43093 -0.307429 0)
(0.175643 -0.203257 0)
(0.125301 -0.218231 0)
(0.093844 -0.284101 0)
(0.0645536 -0.339859 0)
(-0.00932703 -0.350113 0)
(-0.0397444 -0.317397 0)
(-0.112339 -0.268676 0)
(-0.0923115 -0.347633 0)
(-0.124809 -0.513092 0)
(0.0464134 -1.1306 0)
(-0.18762 -0.55438 0)
(-0.187041 -0.485318 0)
(-0.176314 -0.427905 0)
(-0.164945 -0.359382 0)
(-0.165949 -0.294892 0)
(-0.148487 -0.344275 0)
(-0.0911309 -0.444908 0)
(-0.0168493 -0.30017 0)
(0.0397787 -0.076258 0)
(0.0812373 -0.152752 0)
(0.0929143 -0.230733 0)
(0.0875811 -0.26633 0)
(0.0731961 -0.286413 0)
(0.030696 -0.306172 0)
(0.0198398 -0.288212 0)
(-0.0414037 -0.230988 0)
(-0.0660708 -0.327635 0)
(-0.12387 -0.567295 0)
(0.0575606 -1.17249 0)
(-0.167194 -0.552657 0)
(-0.169733 -0.487404 0)
(-0.164685 -0.429297 0)
(-0.155927 -0.379616 0)
(-0.138975 -0.330237 0)
(-0.0802389 -0.241529 0)
(-0.054801 -0.175623 0)
(-0.0521939 -0.199077 0)
(0.0102555 -0.209443 0)
(0.0559357 -0.217268 0)
(0.0855094 -0.233715 0)
(0.0974416 -0.258569 0)
(0.102819 -0.280218 0)
(0.0867429 -0.288162 0)
(0.0675441 -0.260685 0)
(0.0244316 -0.187997 0)
(-0.0457639 -0.269667 0)
(-0.101225 -0.620596 0)
(0.0584201 -1.20209 0)
(-0.13027 -0.547987 0)
(-0.135416 -0.488305 0)
(-0.133255 -0.435871 0)
(-0.126385 -0.390556 0)
(-0.111856 -0.346683 0)
(-0.0822845 -0.302421 0)
(-0.0518907 -0.305295 0)
(-0.017596 -0.255074 0)
(0.026975 -0.239339 0)
(0.062742 -0.242352 0)
(0.0949223 -0.257686 0)
(0.123016 -0.274673 0)
(0.143023 -0.280119 0)
(0.139736 -0.266764 0)
(0.111948 -0.228033 0)
(0.0842796 -0.143046 0)
(-0.0352594 -0.190457 0)
(-0.0476201 -0.67324 0)
(0.0450868 -1.21229 0)
(-0.081661 -0.540215 0)
(-0.0899925 -0.486954 0)
(-0.090828 -0.439806 0)
(-0.0863896 -0.399176 0)
(-0.0752652 -0.362329 0)
(-0.05357 -0.329354 0)
(-0.0297015 -0.307065 0)
(-0.00174213 -0.284023 0)
(0.0334584 -0.275503 0)
(0.0692733 -0.278908 0)
(0.111986 -0.29118 0)
(0.156356 -0.300465 0)
(0.188377 -0.290859 0)
(0.193259 -0.25435 0)
(0.159096 -0.194214 0)
(0.136287 -0.0907944 0)
(-0.0233326 -0.109261 0)
(0.0105836 -0.718956 0)
(0.0161983 -1.19908 0)
(-0.0333434 -0.529169 0)
(-0.0450705 -0.48174 0)
(-0.0499855 -0.439959 0)
(-0.0493185 -0.40413 0)
(-0.0426136 -0.37297 0)
(-0.0290792 -0.3466 0)
(-0.0109761 -0.327787 0)
(0.0115599 -0.309781 0)
(0.0403098 -0.305013 0)
(0.081039 -0.317593 0)
(0.138972 -0.337958 0)
(0.198905 -0.34101 0)
(0.237979 -0.308934 0)
(0.243249 -0.241484 0)
(0.20143 -0.153995 0)
(0.177302 -0.0322487 0)
(0.00470802 -0.0309693 0)
(0.0592123 -0.737587 0)
(-0.0107775 -1.1786 0)
(0.00900078 -0.514441 0)
(-0.00664386 -0.472517 0)
(-0.01582 -0.435796 0)
(-0.0195529 -0.404846 0)
(-0.0177143 -0.378978 0)
(-0.0101775 -0.358012 0)
(0.00217507 -0.341733 0)
(0.0190254 -0.330851 0)
(0.0466381 -0.33796 0)
(0.0978146 -0.369664 0)
(0.169804 -0.399905 0)
(0.236341 -0.389921 0)
(0.27302 -0.327515 0)
(0.272778 -0.225804 0)
(0.225525 -0.111501 0)
(0.202443 0.0249085 0)
(0.0459124 0.0385279 0)
(0.0925613 -0.716062 0)
(-0.00644984 -1.15729 0)
(0.0452273 -0.495553 0)
(0.0254251 -0.459438 0)
(0.0121689 -0.427831 0)
(0.0044362 -0.401624 0)
(0.00181457 -0.380617 0)
(0.0041176 -0.364177 0)
(0.0108656 -0.351979 0)
(0.0229662 -0.349686 0)
(0.0525865 -0.376334 0)
(0.111071 -0.432268 0)
(0.18351 -0.467861 0)
(0.241347 -0.437004 0)
(0.267219 -0.340227 0)
(0.261095 -0.205759 0)
(0.214231 -0.0698544 0)
(0.196822 0.0727718 0)
(0.0803649 0.0840551 0)
(0.119297 -0.664228 0)
(0.0284261 -1.11669 0)
(0.0757011 -0.473124 0)
(0.0524399 -0.443003 0)
(0.0356856 -0.416543 0)
(0.0243009 -0.394881 0)
(0.0175001 -0.378103 0)
(0.0147906 -0.365531 0)
(0.0158146 -0.35793 0)
(0.0234396 -0.367191 0)
(0.0526852 -0.417202 0)
(0.103834 -0.493514 0)
(0.155765 -0.525494 0)
(0.190312 -0.469751 0)
(0.201709 -0.342305 0)
(0.195103 -0.183069 0)
(0.156815 -0.0340206 0)
(0.149993 0.108645 0)
(0.0858928 0.0923687 0)
(0.144656 -0.608643 0)
(0.0702962 -1.04536 0)
(0.100574 -0.447954 0)
(0.0747963 -0.423812 0)
(0.0552202 -0.402311 0)
(0.0405587 -0.384775 0)
(0.0298645 -0.371511 0)
(0.0223619 -0.362009 0)
(0.0178164 -0.359071 0)
(0.0199956 -0.380218 0)
(0.0396857 -0.448328 0)
(0.0639653 -0.533161 0)
(0.0778719 -0.554569 0)
(0.0822183 -0.480315 0)
(0.0802788 -0.336231 0)
(0.0790921 -0.165227 0)
(0.0575901 -0.00867881 0)
(0.0678391 0.126464 0)
(0.0635038 0.0455006 0)
(0.167901 -0.580262 0)
(0.0960422 -0.946321 0)
(0.120082 -0.421003 0)
(0.0927427 -0.402458 0)
(0.0710634 -0.38555 0)
(0.0537651 -0.371668 0)
(0.0398782 -0.361234 0)
(0.0283815 -0.354047 0)
(0.0191479 -0.354747 0)
(0.0139428 -0.382915 0)
(0.0138107 -0.455657 0)
(-0.000696945 -0.534114 0)
(-0.0310632 -0.545001 0)
(-0.0566162 -0.467052 0)
(-0.0712645 -0.325764 0)
(-0.0681585 -0.161755 0)
(-0.0655684 -0.0186538 0)
(-0.047026 0.118378 0)
(0.0483943 -0.0572276 0)
(0.186294 -0.569897 0)
(0.100738 -0.831792 0)
(0.134479 -0.393334 0)
(0.106574 -0.379889 0)
(0.0837211 -0.36712 0)
(0.0647911 -0.356443 0)
(0.0489425 -0.34835 0)
(0.0350877 -0.342892 0)
(0.0230223 -0.345011 0)
(0.00996432 -0.371755 0)
(-0.0113795 -0.433547 0)
(-0.0612601 -0.494894 0)
(-0.129667 -0.501163 0)
(-0.18192 -0.430123 0)
(-0.213719 -0.301347 0)
(-0.219446 -0.153942 0)
(-0.193062 -0.0138859 0)
(-0.11707 0.0374538 0)
(0.0934218 -0.226214 0)
(0.18562 -0.557073 0)
(0.0908381 -0.713319 0)
(0.144378 -0.365824 0)
(0.116853 -0.35692 0)
(0.0938539 -0.347923 0)
(0.0745347 -0.340253 0)
(0.0582709 -0.33444 0)
(0.0441257 -0.330526 0)
(0.0315799 -0.331829 0)
(0.0144022 -0.349917 0)
(-0.0185423 -0.390132 0)
(-0.0850525 -0.430718 0)
(-0.172473 -0.436914 0)
(-0.239925 -0.377254 0)
(-0.280037 -0.266503 0)
(-0.28064 -0.157979 0)
(-0.20651 -0.102578 0)
(-0.0505089 -0.158083 0)
(0.139323 -0.358587 0)
(0.162986 -0.523041 0)
(0.073493 -0.604659 0)
(0.150521 -0.339315 0)
(0.124236 -0.334494 0)
(0.102094 -0.329057 0)
(0.0835699 -0.324417 0)
(0.0682472 -0.321121 0)
(0.0554179 -0.318959 0)
(0.0443383 -0.318675 0)
(0.0289535 -0.325965 0)
(-0.00145078 -0.344309 0)
(-0.0584385 -0.364049 0)
(-0.137824 -0.370885 0)
(-0.197942 -0.33684 0)
(-0.21414 -0.269765 0)
(-0.182558 -0.223989 0)
(-0.0906865 -0.237037 0)
(0.0551051 -0.322787 0)
(0.137329 -0.417545 0)
(0.120883 -0.477657 0)
(0.0554826 -0.518121 0)
(0.153667 -0.314473 0)
(0.129285 -0.313365 0)
(0.108727 -0.311359 0)
(0.0917179 -0.309825 0)
(0.0779322 -0.309271 0)
(0.0667979 -0.309185 0)
(0.0577047 -0.308251 0)
(0.0467589 -0.30811 0)
(0.0274892 -0.312839 0)
(-0.00360794 -0.316495 0)
(-0.051782 -0.320466 0)
(-0.0925502 -0.316066 0)
(-0.091408 -0.29568 0)
(-0.0471523 -0.287665 0)
(0.0256026 -0.317709 0)
(0.0862259 -0.379336 0)
(0.104437 -0.421332 0)
(0.0805419 -0.437653 0)
(0.0413886 -0.456468 0)
(0.154346 -0.291751 0)
(0.132173 -0.294 0)
(0.113409 -0.295219 0)
(0.0979128 -0.296659 0)
(0.0852994 -0.29871 0)
(0.0750073 -0.300697 0)
(0.0666199 -0.30043 0)
(0.0586159 -0.298097 0)
(0.0495334 -0.298446 0)
(0.0396061 -0.297141 0)
(0.0261908 -0.294055 0)
(0.00831002 -0.300483 0)
(0.00934325 -0.312167 0)
(0.0338685 -0.32895 0)
(0.0698472 -0.353021 0)
(0.0821638 -0.390362 0)
(0.0735603 -0.409309 0)
(0.054256 -0.409657 0)
(0.0311429 -0.413247 0)
(0.152625 -0.271245 0)
(0.132477 -0.276381 0)
(0.115137 -0.280402 0)
(0.100523 -0.284367 0)
(0.0881713 -0.288504 0)
(0.0775208 -0.292116 0)
(0.0681768 -0.293046 0)
(0.0602935 -0.29201 0)
(0.0556105 -0.293981 0)
(0.0542185 -0.295263 0)
(0.056797 -0.291209 0)
(0.0577457 -0.295163 0)
(0.0622362 -0.312221 0)
(0.0671265 -0.336079 0)
(0.0727678 -0.355623 0)
(0.0668977 -0.38336 0)
(0.0522318 -0.395378 0)
(0.0382422 -0.391122 0)
(0.0220133 -0.382349 0)
(0.148012 -0.252619 0)
(0.129281 -0.260022 0)
(0.112685 -0.266266 0)
(0.098242 -0.272163 0)
(0.0855098 -0.277799 0)
(0.0739493 -0.28245 0)
(0.0631172 -0.284444 0)
(0.0542264 -0.28617 0)
(0.0500557 -0.292054 0)
(0.0492439 -0.297225 0)
(0.0531908 -0.296364 0)
(0.0583617 -0.299893 0)
(0.0654177 -0.314668 0)
(0.0645109 -0.335162 0)
(0.0630914 -0.35033 0)
(0.0526308 -0.372644 0)
(0.037675 -0.382549 0)
(0.0258766 -0.377351 0)
(0.0129927 -0.361209 0)
(0.139735 -0.235258 0)
(0.121766 -0.244315 0)
(0.105496 -0.25231 0)
(0.0911043 -0.25973 0)
(0.0781877 -0.266544 0)
(0.0662289 -0.2719 0)
(0.0550635 -0.274947 0)
(0.0465215 -0.280015 0)
(0.0426286 -0.289745 0)
(0.04076 -0.29782 0)
(0.0430113 -0.300466 0)
(0.0470503 -0.305636 0)
(0.0541924 -0.3174 0)
(0.0519901 -0.334316 0)
(0.0502066 -0.345399 0)
(0.0403302 -0.362563 0)
(0.0267578 -0.370493 0)
(0.0152929 -0.365952 0)
(0.00542799 -0.348793 0)
(0.127403 -0.218625 0)
(0.110031 -0.229031 0)
(0.0944004 -0.238674 0)
(0.0807296 -0.247533 0)
(0.0685045 -0.255525 0)
(0.0574074 -0.26176 0)
(0.0481368 -0.266523 0)
(0.0423057 -0.275189 0)
(0.0399827 -0.287688 0)
(0.0383029 -0.297532 0)
(0.0395912 -0.302989 0)
(0.0413711 -0.310031 0)
(0.0461592 -0.319009 0)
(0.0425173 -0.331963 0)
(0.0403234 -0.339707 0)
(0.0310545 -0.352915 0)
(0.018819 -0.358871 0)
(0.00783552 -0.356467 0)
(0.00105872 -0.343166 0)
(0.111676 -0.202691 0)
(0.0954979 -0.21462 0)
(0.0814038 -0.226098 0)
(0.0694069 -0.236441 0)
(0.0588376 -0.245814 0)
(0.0499898 -0.253664 0)
(0.0444526 -0.261206 0)
(0.0423017 -0.273036 0)
(0.0416244 -0.286751 0)
(0.0403001 -0.297159 0)
(0.0402534 -0.303812 0)
(0.0392307 -0.311081 0)
(0.0400734 -0.318093 0)
(0.0348914 -0.328506 0)
(0.0319629 -0.334277 0)
(0.0238183 -0.344365 0)
(0.0136503 -0.348605 0)
(0.00466148 -0.34926 0)
(8.73057e-05 -0.34108 0)
(0.0942616 -0.188059 0)
(0.0802882 -0.201958 0)
(0.0685026 -0.215352 0)
(0.058812 -0.227187 0)
(0.0506809 -0.238338 0)
(0.0449924 -0.248716 0)
(0.0431628 -0.259404 0)
(0.0431433 -0.272857 0)
(0.0423682 -0.286032 0)
(0.0400487 -0.29574 0)
(0.0378169 -0.302341 0)
(0.0346913 -0.309112 0)
(0.0330684 -0.315268 0)
(0.0280044 -0.32426 0)
(0.0247916 -0.329341 0)
(0.018393 -0.337507 0)
(0.010978 -0.340967 0)
(0.00483768 -0.344171 0)
(0.000890973 -0.339225 0)
(0.0770813 -0.175601 0)
(0.065954 -0.191672 0)
(0.0566592 -0.206785 0)
(0.0496043 -0.22027 0)
(0.0444139 -0.233622 0)
(0.0416121 -0.246601 0)
(0.0413888 -0.259291 0)
(0.0408613 -0.272389 0)
(0.0384976 -0.28391 0)
(0.0348056 -0.292587 0)
(0.0312936 -0.29927 0)
(0.0279146 -0.306145 0)
(0.0258232 -0.312517 0)
(0.0220129 -0.320534 0)
(0.0191638 -0.325513 0)
(0.0146615 -0.332512 0)
(0.00978524 -0.335907 0)
(0.0056838 -0.340071 0)
(0.0015631 -0.3361 0)
(0.061233 -0.16585 0)
(0.0528043 -0.183785 0)
(0.0459621 -0.200524 0)
(0.0416619 -0.215968 0)
(0.0389642 -0.231238 0)
(0.0373939 -0.245515 0)
(0.0363681 -0.258417 0)
(0.0341588 -0.270272 0)
(0.0307156 -0.280492 0)
(0.0269958 -0.288934 0)
(0.0239433 -0.296325 0)
(0.0214846 -0.303631 0)
(0.0196874 -0.310335 0)
(0.0170521 -0.317544 0)
(0.0147947 -0.322699 0)
(0.0117182 -0.328897 0)
(0.00850863 -0.332408 0)
(0.00523311 -0.336247 0)
(0.00141021 -0.332521 0)
(0.0464918 -0.158656 0)
(0.0402885 -0.1782 0)
(0.0359048 -0.196808 0)
(0.0336335 -0.213982 0)
(0.0318152 -0.229975 0)
(0.0298679 -0.244129 0)
(0.0275856 -0.256553 0)
(0.0247658 -0.267772 0)
(0.0218328 -0.277778 0)
(0.0192863 -0.286646 0)
(0.0173251 -0.294692 0)
(0.0157033 -0.302196 0)
(0.0142752 -0.309023 0)
(0.0124989 -0.315703 0)
(0.010852 -0.321037 0)
(0.00870669 -0.326555 0)
(0.00643267 -0.330074 0)
(0.00361864 -0.333253 0)
(0.000813892 -0.330227 0)
(0.0309305 -0.153565 0)
(0.0269004 -0.174994 0)
(0.0245107 -0.195134 0)
(0.0228796 -0.212956 0)
(0.0209603 -0.228757 0)
(0.0188602 -0.242623 0)
(0.0167838 -0.255022 0)
(0.0148909 -0.26635 0)
(0.0132476 -0.276586 0)
(0.0118937 -0.285772 0)
(0.0107667 -0.294059 0)
(0.00975069 -0.301608 0)
(0.00881741 -0.308495 0)
(0.00776582 -0.314911 0)
(0.00671854 -0.320308 0)
(0.00536702 -0.325301 0)
(0.00387423 -0.328749 0)
(0.0018658 -0.331452 0)
(0.000269972 -0.329546 0)
(0.011492 -0.149562 0)
(0.0101585 -0.172118 0)
(0.00921263 -0.192484 0)
(0.00821144 -0.21023 0)
(0.00720357 -0.225982 0)
(0.00633011 -0.240016 0)
(0.00563682 -0.252685 0)
(0.00507325 -0.264214 0)
(0.00456985 -0.274603 0)
(0.00411964 -0.283932 0)
(0.00372019 -0.292355 0)
(0.00336573 -0.300024 0)
(0.00304674 -0.307015 0)
(0.00269061 -0.313397 0)
(0.00231416 -0.318864 0)
(0.00183987 -0.323668 0)
(0.00129563 -0.327114 0)
(0.000496747 -0.329598 0)
(-2.1891e-05 -0.32856 0)
)
;

boundaryField
{
    leftWall
    {
        type            noSlip;
    }
    rightWall
    {
        type            noSlip;
    }
    lowerWall
    {
        type            noSlip;
    }
    atmosphere
    {
        type            pressureInletOutletVelocity;
        value           nonuniform List<vector> 
46
(
(0.00737501 0.577469 0)
(0.0257875 0.634805 0)
(0.0411956 0.57635 0)
(0.0518187 0.538935 0)
(0.0601256 0.511967 0)
(0.0681602 0.480671 0)
(0.0748592 0.443865 0)
(0.0797622 0.404084 0)
(0.0828324 0.363058 0)
(0.0841925 0.321816 0)
(0.0840325 0.281108 0)
(0.0825087 0.2415 0)
(0.07978 0.203379 0)
(0.0760156 0.166963 0)
(0.0713878 0.132348 0)
(0.0660694 0.0995445 0)
(0.0602236 0.0685185 0)
(0.0539844 0.0392016 0)
(0.0474652 0.0114755 0)
(0 -0.0148156 0)
(0 -0.0396279 0)
(0 -0.0632176 0)
(0 -0.0858428 0)
(0 -0.101903 0)
(0 -0.112082 0)
(0 -0.122326 0)
(0 -0.132623 0)
(0 -0.149562 0)
(0 -0.172118 0)
(0 -0.192484 0)
(0 -0.21023 0)
(0 -0.225982 0)
(0 -0.240016 0)
(0 -0.252685 0)
(0 -0.264214 0)
(0 -0.274603 0)
(0 -0.283932 0)
(0 -0.292355 0)
(0 -0.300024 0)
(0 -0.307015 0)
(0 -0.313397 0)
(0 -0.318864 0)
(0 -0.323668 0)
(0 -0.327114 0)
(0 -0.329598 0)
(0 -0.32856 0)
)
;
    }
    defaultFaces
    {
        type            empty;
    }
}


// ************************************************************************* //
