/*--------------------------------*- C++ -*----------------------------------*\
  =========                 |
  \\      /  F ield         | OpenFOAM: The Open Source CFD Toolbox
   \\    /   O peration     | Website:  https://openfoam.org
    \\  /    A nd           | Version:  13
     \\/     M anipulation  |
\*---------------------------------------------------------------------------*/
FoamFile
{
    format      ascii;
    class       surfaceScalarField;
    location    "0.55";
    object      phi;
}
// * * * * * * * * * * * * * * * * * * * * * * * * * * * * * * * * * * * * * //

dimensions      [0 3 -1 0 0 0 0];

internalField   nonuniform List<scalar> 
4432
(
-3.4524e-06
3.4524e-06
-5.5318e-06
2.07941e-06
-4.82137e-06
-7.10429e-07
-2.24899e-06
-2.57237e-06
1.77669e-06
-4.02568e-06
6.60567e-06
-4.82898e-06
1.12503e-05
-4.64463e-06
1.49148e-05
-3.6645e-06
1.73195e-05
-2.40466e-06
1.85784e-05
-1.25895e-06
1.89116e-05
-3.33171e-07
1.84755e-05
4.36111e-07
1.73556e-05
1.11988e-06
1.55941e-05
1.76147e-06
1.30532e-05
2.54096e-06
9.39478e-06
3.65839e-06
4.32505e-06
5.06973e-06
-1.70109e-06
6.02614e-06
-6.33218e-06
4.63109e-06
-1.11758e-05
4.84365e-06
-1.80372e-05
6.86142e-06
-1.57431e-05
-2.29409e-06
-1.57432e-05
-3.85355e-06
7.30595e-06
-5.21077e-06
3.43662e-06
-4.21724e-06
-1.70396e-06
-1.73532e-06
-5.0543e-06
2.10361e-06
-7.86461e-06
6.85375e-06
-9.57912e-06
1.14732e-05
-9.26408e-06
1.50966e-05
-7.28791e-06
1.74451e-05
-4.75313e-06
1.86793e-05
-2.49315e-06
1.91162e-05
-7.7005e-07
1.90535e-05
4.98731e-07
1.871e-05
1.46345e-06
1.81666e-05
2.30486e-06
1.7438e-05
3.26958e-06
1.63062e-05
4.79019e-06
1.40954e-05
7.28053e-06
9.57643e-06
1.05451e-05
2.19756e-06
1.201e-05
-6.91612e-06
1.39573e-05
-1.26656e-05
1.26109e-05
-9.90901e-06
-5.0507e-06
-2.56522e-05
-3.04747e-06
1.03534e-05
-3.96353e-06
4.35269e-06
-3.11879e-06
-2.5487e-06
-1.09699e-06
-7.07609e-06
2.2674e-06
-1.1229e-05
6.81772e-06
-1.41294e-05
1.1392e-05
-1.38384e-05
1.49467e-05
-1.08426e-05
1.71693e-05
-6.97578e-06
1.82801e-05
-3.60395e-06
1.86135e-05
-1.10337e-06
1.84328e-05
6.79445e-07
1.79107e-05
1.98547e-06
1.72041e-05
3.0115e-06
1.64798e-05
3.99391e-06
1.59771e-05
5.29285e-06
1.58505e-05
7.40716e-06
1.51906e-05
1.1205e-05
1.17801e-05
1.54205e-05
5.58497e-06
2.01524e-05
-1.80688e-06
2.00028e-05
-2.20053e-06
-4.65703e-06
-2.78527e-05
-1.86709e-06
1.22205e-05
-2.1691e-06
4.65471e-06
-1.48129e-06
-3.23651e-06
3.21765e-08
-8.58956e-06
2.84923e-06
-1.40461e-05
7.00548e-06
-1.82857e-05
1.13036e-05
-1.81365e-05
1.46272e-05
-1.41662e-05
1.66613e-05
-9.00991e-06
1.76494e-05
-4.59205e-06
1.79433e-05
-1.39724e-06
1.77936e-05
8.2916e-07
1.73579e-05
2.42116e-06
1.67421e-05
3.62731e-06
1.60486e-05
4.68741e-06
1.54435e-05
5.89797e-06
1.53183e-05
7.53232e-06
1.60849e-05
1.04385e-05
1.67435e-05
1.47618e-05
1.5981e-05
2.0915e-05
1.33034e-05
2.26803e-05
7.47281e-06
1.1736e-06
-2.03799e-05
-3.06471e-07
1.2527e-05
4.83748e-07
3.86449e-06
1.42514e-06
-4.17791e-06
2.92372e-06
-1.00881e-05
5.51343e-06
-1.66358e-05
8.85658e-06
-2.16288e-05
1.21285e-05
-2.14084e-05
1.45793e-05
-1.66169e-05
1.6065e-05
-1.04957e-05
1.68247e-05
-5.35173e-06
1.71066e-05
-1.67911e-06
1.70526e-05
8.83129e-07
1.67758e-05
2.69803e-06
1.63643e-05
4.03876e-06
1.59039e-05
5.14787e-06
1.54869e-05
6.31497e-06
1.53018e-05
7.71741e-06
1.59178e-05
9.8224e-06
1.7774e-05
1.29057e-05
2.04558e-05
1.82332e-05
2.09873e-05
2.21487e-05
1.39251e-05
8.2359e-06
-6.45484e-06
1.91749e-06
1.06095e-05
4.41476e-06
1.36722e-06
6.6375e-06
-6.40064e-06
9.0961e-06
-1.25467e-05
1.15868e-05
-1.91265e-05
1.34384e-05
-2.34804e-05
1.46917e-05
-2.26618e-05
1.54554e-05
-1.73806e-05
1.58421e-05
-1.08823e-05
1.60561e-05
-5.56575e-06
1.62166e-05
-1.83958e-06
1.62712e-05
8.28538e-07
1.61918e-05
2.77742e-06
1.60074e-05
4.22312e-06
1.57899e-05
5.36544e-06
1.56201e-05
6.48472e-06
1.56612e-05
7.67636e-06
1.61724e-05
9.31121e-06
1.76161e-05
1.14619e-05
2.0785e-05
1.50644e-05
2.29729e-05
1.99608e-05
1.66467e-05
1.45621e-05
1.01919e-05
4.40663e-06
6.20286e-06
9.54342e-06
-3.76957e-06
1.44005e-05
-1.12577e-05
1.83705e-05
-1.65168e-05
2.02223e-05
-2.09782e-05
1.97443e-05
-2.30024e-05
1.84277e-05
-2.13452e-05
1.72889e-05
-1.62419e-05
1.64563e-05
-1.00498e-05
1.5932e-05
-5.04144e-06
1.56528e-05
-1.56035e-06
1.56596e-05
8.21764e-07
1.56771e-05
2.75994e-06
1.56937e-05
4.20646e-06
1.57183e-05
5.34085e-06
1.57678e-05
6.43529e-06
1.60417e-05
7.40239e-06
1.67193e-05
8.63361e-06
1.77911e-05
1.03901e-05
2.01279e-05
1.27276e-05
2.2557e-05
1.75317e-05
1.87835e-05
1.83355e-05
2.89754e-05
6.79117e-06
-5.8831e-07
1.55966e-05
-1.2575e-05
2.35596e-05
-1.92207e-05
2.77924e-05
-2.07496e-05
2.74237e-05
-2.06095e-05
2.42103e-05
-1.97891e-05
2.09694e-05
-1.81043e-05
1.88171e-05
-1.40896e-05
1.75213e-05
-8.7539e-06
1.67593e-05
-4.27942e-06
1.63203e-05
-1.12139e-06
1.58926e-05
1.24945e-06
1.5624e-05
3.02854e-06
1.55126e-05
4.31786e-06
1.55783e-05
5.2752e-06
1.57602e-05
6.25333e-06
1.62851e-05
6.87752e-06
1.7261e-05
7.65774e-06
1.84633e-05
9.18774e-06
2.01977e-05
1.09932e-05
2.21091e-05
1.56203e-05
1.92882e-05
2.11565e-05
4.82636e-05
2.75355e-05
-2.75355e-05
7.47433e-05
-4.72077e-05
0.000143746
-6.90027e-05
0.000159844
-1.60976e-05
0.000157401
2.44234e-06
4.94418e-05
0.000107959
-0.000131451
0.000180893
-0.000209828
7.83765e-05
-0.000229425
1.95975e-05
-0.000215242
-1.4183e-05
-0.000200596
-1.46455e-05
-0.000188191
-1.24051e-05
-0.000178372
-9.81977e-06
-0.00016895
-9.4219e-06
-0.000155347
-1.36024e-05
-0.000136064
-1.92836e-05
-0.000100307
-3.57571e-05
-2.91361e-05
-7.11706e-05
-2.9136e-05
5.13043e-07
-2.80486e-05
2.01793e-05
-6.6874e-05
9.14557e-05
-0.000140279
0.00011743
-4.20722e-05
6.72546e-05
5.26181e-05
-0.000131629
0.000306843
-0.000282968
0.000332232
-0.000338785
0.000134193
-0.000342172
2.29851e-05
-0.000318945
-3.741e-05
-0.00029754
-3.60514e-05
-0.000270854
-3.90901e-05
-0.00024734
-3.33345e-05
-0.000223382
-3.33791e-05
-0.000193469
-4.35155e-05
-0.000158569
-5.41839e-05
-0.000112075
-8.22515e-05
-3.77283e-05
-0.000145517
-6.68643e-05
-1.70608e-05
-1.09878e-05
-1.86544e-06
-8.20693e-05
2.54275e-05
-0.000167572
5.37163e-05
-7.0361e-05
1.06134e-06
0.000105273
-0.000206456
0.000514361
-0.000290264
0.00041604
-0.000266142
0.000110071
-0.000286789
4.36321e-05
-0.000351436
2.72367e-05
-0.000400979
1.34916e-05
-0.000420406
-1.96634e-05
-0.000397516
-5.62246e-05
-0.000345654
-8.5241e-05
-0.000284895
-0.000104274
-0.000224193
-0.000114887
-0.000141286
-0.000165158
-4.81101e-05
-0.000238693
-0.000114974
-1.08053e-05
-1.82496e-07
4.1699e-06
-9.70445e-05
7.39976e-06
-0.000170802
4.81031e-05
-0.000111064
4.36423e-05
0.000109734
-7.70127e-05
0.000635016
-0.00016608
0.000505107
-0.000172718
0.000116709
-0.000219884
9.07981e-05
-0.000293195
0.000100548
-0.000349657
6.99537e-05
-0.000384407
1.5086e-05
-0.000382233
-5.83987e-05
-0.00034145
-0.000126024
-0.000285675
-0.00016005
-0.000230439
-0.000170122
-0.000154711
-0.000240886
-5.1001e-05
-0.000342403
-0.000165975
5.69904e-07
-7.52395e-07
1.50389e-05
-0.000111514
9.53915e-06
-0.000165302
5.93527e-05
-0.000160878
9.33112e-05
7.57752e-05
-5.40111e-06
0.000733728
-6.55183e-05
0.000565225
-0.000132454
0.000183645
-0.000204322
0.000162666
-0.00026832
0.000164545
-0.000320158
0.000121792
-0.000350709
4.56369e-05
-0.000341907
-6.7201e-05
-0.000289511
-0.000178421
-0.000221049
-0.000228512
-0.00017482
-0.00021635
-0.000119337
-0.000296369
-4.69921e-05
-0.000414748
-0.000212968
1.29259e-05
-1.36783e-05
2.61789e-05
-0.000124767
2.36764e-05
-0.0001628
4.12311e-05
-0.000178433
4.3624e-05
7.33824e-05
-7.89042e-06
0.000785243
-2.76662e-05
0.000585001
-0.000131579
0.000287559
-0.000217549
0.000248636
-0.000287373
0.00023437
-0.000346304
0.000180723
-0.000378405
7.77376e-05
-0.0003622
-8.3406e-05
-0.000289606
-0.000251014
-0.000191842
-0.000326276
-0.000123147
-0.000285045
-8.2192e-05
-0.000337324
-4.06896e-05
-0.000456251
-0.000253657
2.72557e-05
-4.09341e-05
3.69132e-05
-0.000134424
3.41099e-05
-0.000159996
3.77466e-05
-0.000182069
4.66387e-05
6.44903e-05
7.52131e-06
0.00082436
-2.09324e-05
0.000613454
-0.000134302
0.000400928
-0.00023175
0.000346084
-0.000310174
0.000312793
-0.000373519
0.000244068
-0.000406222
0.000110441
-0.000389427
-0.000100201
-0.000312122
-0.000328319
-0.000193932
-0.000444465
-8.43443e-05
-0.000394633
-4.6678e-05
-0.00037499
-3.29175e-05
-0.000470011
-0.000286575
4.20904e-05
-8.30245e-05
4.49449e-05
-0.000137278
3.82945e-05
-0.000153346
3.72102e-05
-0.000180985
5.70167e-05
4.46838e-05
2.84356e-05
0.000852941
-1.17328e-05
0.000653623
-0.000133903
0.000523098
-0.00023385
0.00044603
-0.000309743
0.000388687
-0.000365058
0.000299382
-0.000388218
0.000133601
-0.000372601
-0.000115817
-0.000311413
-0.000389507
-0.000202658
-0.000553219
-6.63156e-05
-0.000530976
-8.5973e-06
-0.000432709
-2.24463e-05
-0.000456162
-0.000309021
2.1734e-05
-2.23223e-05
4.91314e-05
-3.99724e-05
6.37421e-05
-3.38314e-05
6.11134e-05
-1.81209e-05
5.15481e-05
-1.10442e-05
4.2113e-05
-1.0354e-05
3.54765e-05
-1.14678e-05
3.25347e-05
-1.11478e-05
3.2691e-05
-8.91016e-06
3.41441e-05
-5.73253e-06
3.56575e-05
-2.63482e-06
3.68623e-05
4.45957e-08
3.7018e-05
2.87286e-06
3.65049e-05
4.83094e-06
3.57704e-05
6.00974e-06
3.49211e-05
7.10261e-06
3.53648e-05
6.43386e-06
3.74678e-05
5.55468e-06
4.07638e-05
5.89177e-06
4.57792e-05
5.97781e-06
5.49928e-05
6.40666e-06
7.01805e-05
5.96882e-06
1.45211e-05
0.000103923
3.03351e-05
-5.26574e-05
4.85666e-05
-5.82039e-05
2.47024e-05
-9.96712e-06
-2.12181e-06
8.70325e-06
-6.98752e-06
-6.17847e-06
-7.71458e-06
-9.62697e-06
-1.03182e-05
-8.8641e-06
-9.59123e-06
-1.18748e-05
-3.07285e-06
-1.54285e-05
5.67359e-06
-1.4479e-05
1.61481e-05
-1.31094e-05
2.82983e-05
-1.21055e-05
3.63662e-05
-5.19506e-06
3.94253e-05
1.77184e-06
3.93009e-05
6.13419e-06
3.71649e-05
9.23862e-06
3.73082e-05
6.29054e-06
3.93902e-05
3.47264e-06
4.20672e-05
3.21474e-06
4.63876e-05
1.65747e-06
5.38936e-05
-1.09935e-06
6.31661e-05
-3.30367e-06
-5.00568e-06
8.26929e-05
2.42549e-06
-5.50829e-05
-2.50728e-05
-3.07056e-05
-5.41457e-05
1.91058e-05
-6.6277e-05
2.08346e-05
-7.18224e-05
-6.32999e-07
-9.06763e-05
9.22709e-06
-0.000112802
1.32614e-05
-0.00012916
4.48356e-06
-0.000139959
-4.62934e-06
-0.000138517
-1.59207e-05
-0.000116404
-3.52231e-05
-7.02879e-05
-5.82214e-05
-2.23401e-05
-5.31428e-05
1.46858e-06
-2.20369e-05
1.37208e-05
-6.11799e-06
2.54246e-05
-2.4652e-06
3.78972e-05
-6.18211e-06
4.42196e-05
-2.84971e-06
4.57744e-05
1.6599e-06
4.82022e-05
-7.70343e-07
5.34396e-05
-6.33666e-06
6.03769e-05
-1.0241e-05
-1.49802e-05
7.03514e-05
-2.64027e-05
-2.86801e-05
-4.45797e-05
-1.25285e-05
-4.22399e-05
1.67661e-05
-2.7531e-05
6.12598e-06
-2.76341e-05
-5.29768e-07
-3.18993e-05
1.34925e-05
-3.50409e-05
1.64031e-05
-4.0476e-05
9.91874e-06
-5.10087e-05
5.90334e-06
-6.85131e-05
1.58364e-06
-9.80854e-05
-5.65081e-06
-0.000135131
-2.1176e-05
-0.000157128
-3.11456e-05
-0.000150497
-2.86679e-05
-0.00012555
-3.10651e-05
-7.67225e-05
-5.12926e-05
-3.80808e-05
-4.48238e-05
-3.72872e-06
-3.72018e-05
1.48387e-05
-1.69075e-05
3.29265e-05
-1.88581e-05
4.87525e-05
-2.21627e-05
5.79361e-05
-1.94247e-05
-2.12541e-05
6.421e-05
-2.19547e-05
-6.72533e-06
-2.01399e-05
-1.43433e-05
-8.18726e-06
4.81362e-06
-4.60611e-06
2.54495e-06
-7.65264e-06
2.51691e-06
-5.04844e-06
1.08884e-05
3.12963e-07
1.10418e-05
3.86095e-06
6.37079e-06
6.86178e-06
2.90251e-06
7.47167e-06
9.73726e-07
-1.6062e-06
3.42706e-06
-3.01584e-05
7.37626e-06
-6.25957e-05
1.2918e-06
-8.4178e-05
-7.08552e-06
-8.70638e-05
-2.81792e-05
-8.89916e-05
-4.93648e-05
-9.06937e-05
-4.31216e-05
-9.60947e-05
-3.18009e-05
-8.71283e-05
-2.5874e-05
-5.94019e-05
-4.65845e-05
-2.09722e-05
-6.05924e-05
2.59702e-06
-4.29939e-05
-3.50152e-05
1.63581e-05
-8.33002e-06
1.60472e-06
-1.03405e-05
-1.23328e-05
-7.78029e-06
2.25343e-06
-8.35393e-06
3.11868e-06
-1.01586e-05
4.32176e-06
-7.68115e-06
8.41106e-06
-6.35636e-06
9.71709e-06
-7.43324e-06
7.44772e-06
-6.88224e-06
2.35152e-06
-2.2866e-06
-3.6219e-06
8.42392e-06
-7.28344e-06
2.08648e-05
-5.06462e-06
1.79616e-05
4.1951e-06
3.51529e-08
1.0841e-05
-1.23573e-05
-1.57868e-05
-1.89478e-05
-4.27743e-05
-2.03482e-05
-4.17212e-05
-2.00777e-05
-3.20715e-05
-1.70846e-05
-2.88672e-05
-2.66931e-05
-3.69761e-05
-4.26502e-05
-4.46353e-05
-5.08786e-05
-3.47656e-05
-1.22011e-05
-7.36927e-05
-6.20848e-06
7.81319e-06
-8.13319e-06
-1.04081e-05
-6.12988e-06
2.50144e-07
-6.00818e-06
2.99705e-06
-6.50737e-06
4.82106e-06
-5.01411e-06
6.91791e-06
-3.12585e-06
7.82891e-06
-2.38263e-06
6.70454e-06
-3.60483e-06
3.57375e-06
-5.89316e-06
-1.33355e-06
-6.67079e-06
-6.50579e-06
-2.95814e-06
-8.77724e-06
6.13782e-06
-4.90084e-06
1.3749e-05
3.22979e-06
1.06951e-05
-1.2733e-05
2.5184e-06
-3.45976e-05
-9.22169e-07
-3.82807e-05
3.94671e-06
-3.69405e-05
1.42439e-05
-3.91645e-05
1.84409e-05
-4.11732e-05
1.74229e-05
-4.36173e-05
3.17186e-05
-4.90614e-05
-3.07318e-05
5.02494e-05
-4.66686e-06
1.248e-05
-5.71774e-06
-9.35733e-06
-5.25649e-06
-2.11114e-07
-5.23484e-06
2.97547e-06
-4.75025e-06
4.33655e-06
-3.52154e-06
5.6893e-06
-2.37887e-06
6.68632e-06
-2.09984e-06
6.42555e-06
-2.65807e-06
4.13201e-06
-3.74999e-06
-2.41615e-07
-5.59904e-06
-4.65673e-06
-6.27464e-06
-8.10165e-06
-2.48497e-06
-8.69055e-06
6.26455e-06
-5.51977e-06
8.14563e-06
-1.46141e-05
2.56094e-06
-2.90129e-05
-2.0693e-06
-3.36505e-05
-2.88818e-06
-3.61217e-05
-1.42603e-06
-4.06267e-05
1.47063e-06
-4.40699e-05
6.92207e-06
-4.90689e-05
2.09077e-05
-6.3047e-05
-6.25494e-05
5.27254e-05
-3.64496e-06
1.61249e-05
-4.44761e-06
-8.55476e-06
-3.97037e-06
-6.8837e-07
-3.8801e-06
2.88523e-06
-3.48873e-06
3.94524e-06
-2.46853e-06
4.66916e-06
-1.10933e-06
5.32716e-06
-4.13001e-08
5.35755e-06
3.88394e-08
4.05188e-06
-1.33239e-06
1.12961e-06
-2.99261e-06
-2.99654e-06
-4.26594e-06
-6.82836e-06
-3.20863e-06
-9.74792e-06
2.66634e-06
-1.13948e-05
5.76816e-06
-1.7716e-05
2.41276e-06
-2.56575e-05
-1.18495e-06
-3.00529e-05
-3.80564e-06
-3.3501e-05
-5.51532e-06
-3.8917e-05
-3.72398e-06
-4.58612e-05
1.69041e-06
-5.44832e-05
6.48095e-06
-6.78374e-05
-7.4987e-05
1.89187e-05
-2.62148e-06
1.87463e-05
-3.3067e-06
-7.86963e-06
-3.1823e-06
-8.128e-07
-3.1087e-06
2.81165e-06
-2.77313e-06
3.6097e-06
-2.01059e-06
3.90664e-06
-8.3818e-07
4.15477e-06
4.62552e-07
4.05683e-06
1.43663e-06
3.07779e-06
1.69345e-06
8.72741e-07
1.07539e-06
-2.37853e-06
1.95007e-07
-5.94804e-06
-1.03557e-07
-9.44943e-06
1.01863e-06
-1.25171e-05
5.81957e-07
-1.72794e-05
-2.45837e-06
-2.26173e-05
-5.93283e-06
-2.65785e-05
-8.83373e-06
-3.06001e-05
-1.10302e-05
-3.67205e-05
-1.16205e-05
-4.5271e-05
-1.07703e-05
-5.53334e-05
-1.23628e-05
-6.62448e-05
-7.48426e-05
-1.25073e-05
-1.82494e-06
2.05712e-05
-2.47816e-06
-7.21651e-06
-2.55248e-06
-7.38522e-07
-2.57123e-06
2.83038e-06
-2.37898e-06
3.41743e-06
-1.90198e-06
3.42963e-06
-1.08673e-06
3.3395e-06
-1.89063e-08
2.98899e-06
9.98093e-07
2.06075e-06
1.55125e-06
3.19534e-07
1.43488e-06
-2.26222e-06
7.72992e-07
-5.28622e-06
-2.18227e-07
-8.45828e-06
-1.17298e-06
-1.15624e-05
-3.09778e-06
-1.53546e-05
-6.26235e-06
-1.94527e-05
-9.70688e-06
-2.31339e-05
-1.30816e-05
-2.72254e-05
-1.67442e-05
-3.30579e-05
-2.11044e-05
-4.09109e-05
-2.59547e-05
-5.0483e-05
-3.15009e-05
-6.06985e-05
-6.77928e-05
-3.85506e-05
-1.25766e-06
2.18288e-05
-1.90388e-06
-6.57039e-06
-2.136e-06
-5.06473e-07
-2.27793e-06
2.97224e-06
-2.2653e-06
3.40475e-06
-2.06746e-06
3.23175e-06
-1.66437e-06
2.93638e-06
-1.09304e-06
2.41762e-06
-5.19682e-07
1.48735e-06
-2.21348e-07
2.1154e-08
-4.72369e-07
-2.01124e-06
-1.31875e-06
-4.43988e-06
-2.72397e-06
-7.0531e-06
-4.47206e-06
-9.81429e-06
-6.92562e-06
-1.29011e-05
-1.00763e-05
-1.63021e-05
-1.34808e-05
-1.97295e-05
-1.72387e-05
-2.34675e-05
-2.21268e-05
-2.81698e-05
-2.88151e-05
-3.42226e-05
-3.72996e-05
-4.19984e-05
-4.74859e-05
-5.05121e-05
-5.68083e-05
-5.84704e-05
-8.78733e-07
2.27075e-05
-1.52055e-06
-5.92869e-06
-1.8943e-06
-1.32815e-07
-2.1602e-06
3.23805e-06
-2.31177e-06
3.55624e-06
-2.36091e-06
3.28083e-06
-2.32568e-06
2.90111e-06
-2.22817e-06
2.32008e-06
-2.17516e-06
1.4343e-06
-2.3402e-06
1.86163e-07
-2.92107e-06
-1.43039e-06
-4.01597e-06
-3.34501e-06
-5.59643e-06
-5.47266e-06
-7.62201e-06
-7.78872e-06
-1.01758e-05
-1.03474e-05
-1.33487e-05
-1.31292e-05
-1.70496e-05
-1.60286e-05
-2.13741e-05
-1.9143e-05
-2.69165e-05
-2.26274e-05
-3.44506e-05
-2.66885e-05
-4.48714e-05
-3.15777e-05
-5.86474e-05
-3.67361e-05
-4.04767e-05
-7.49791e-05
-6.5343e-07
2.33608e-05
-1.29062e-06
-5.29163e-06
-1.78171e-06
3.5816e-07
-2.16228e-06
3.61851e-06
-2.46032e-06
3.85418e-06
-2.70797e-06
3.52842e-06
-2.94404e-06
3.13714e-06
-3.2015e-06
2.5775e-06
-3.55653e-06
1.78929e-06
-4.11229e-06
7.41917e-07
-4.98563e-06
-5.57058e-07
-6.25136e-06
-2.07929e-06
-7.9346e-06
-3.78942e-06
-1.00567e-05
-5.66661e-06
-1.27029e-05
-7.70125e-06
-1.59834e-05
-9.84882e-06
-1.99465e-05
-1.20655e-05
-2.47017e-05
-1.43879e-05
-3.05093e-05
-1.68199e-05
-3.79086e-05
-1.92892e-05
-4.79342e-05
-2.15521e-05
-6.14984e-05
-2.31719e-05
-2.33003e-05
-7.86748e-05
-5.39417e-07
2.39002e-05
-1.18805e-06
-4.64313e-06
-1.75334e-06
9.23325e-07
-2.24143e-06
4.10649e-06
-2.66635e-06
4.27902e-06
-3.07615e-06
3.93817e-06
-3.50043e-06
3.56138e-06
-3.9937e-06
3.07074e-06
-4.60994e-06
2.40552e-06
-5.41723e-06
1.54921e-06
-6.48688e-06
5.12587e-07
-7.87947e-06
-6.86687e-07
-9.64465e-06
-2.02423e-06
-1.18344e-05
-3.47693e-06
-1.45251e-05
-5.0106e-06
-1.78052e-05
-6.56869e-06
-2.17719e-05
-8.09883e-06
-2.65677e-05
-9.5921e-06
-3.2359e-05
-1.10287e-05
-3.93851e-05
-1.22632e-05
-4.8044e-05
-1.28933e-05
-5.88741e-05
-1.23419e-05
-9.84045e-06
-7.23339e-05
-4.92554e-07
2.43927e-05
-1.15717e-06
-3.97865e-06
-1.7986e-06
1.56463e-06
-2.36083e-06
4.6686e-06
-2.8877e-06
4.80582e-06
-3.42443e-06
4.47484e-06
-3.99973e-06
4.13665e-06
-4.65358e-06
3.72455e-06
-5.4371e-06
3.18902e-06
-6.39788e-06
2.51001e-06
-7.59421e-06
1.70894e-06
-9.07828e-06
7.97422e-07
-1.09025e-05
-2.00035e-07
-1.31229e-05
-1.25654e-06
-1.58004e-05
-2.33313e-06
-1.89984e-05
-3.37065e-06
-2.27891e-05
-4.3081e-06
-2.72846e-05
-5.09669e-06
-3.26402e-05
-5.67316e-06
-3.90134e-05
-5.89002e-06
-4.64531e-05
-5.45367e-06
-5.49036e-05
-3.89143e-06
-4.71083e-07
-6.4273e-05
-4.80709e-07
2.48733e-05
-1.17329e-06
-3.28621e-06
-1.87383e-06
2.26503e-06
-2.49445e-06
5.28912e-06
-3.10155e-06
5.41285e-06
-3.73748e-06
5.11071e-06
-4.42689e-06
4.826e-06
-5.19901e-06
4.49663e-06
-6.09372e-06
4.08371e-06
-7.15926e-06
3.57554e-06
-8.43482e-06
2.9845e-06
-9.97033e-06
2.33294e-06
-1.18128e-05
1.64244e-06
-1.401e-05
9.40671e-07
-1.66159e-05
2.72724e-07
-1.96809e-05
-3.0571e-07
-2.32622e-05
-7.2677e-07
-2.74299e-05
-9.28989e-07
-3.22657e-05
-8.37448e-07
-3.78534e-05
-3.02416e-07
-4.42049e-05
8.97827e-07
-5.12074e-05
3.11108e-06
6.80465e-06
-5.84832e-05
-4.82626e-07
2.53558e-05
-1.20976e-06
-2.55924e-06
-1.95645e-06
3.01159e-06
-2.62412e-06
5.95668e-06
-3.28964e-06
6.07829e-06
-3.99798e-06
5.81899e-06
-4.7684e-06
5.59635e-06
-5.626e-06
5.35418e-06
-6.59739e-06
5.05508e-06
-7.72177e-06
4.69992e-06
-9.03976e-06
4.30253e-06
-1.05875e-05
3.88072e-06
-1.2401e-05
3.45589e-06
-1.45235e-05
3.06319e-06
-1.6994e-05
2.74321e-06
-1.98485e-05
2.54875e-06
-2.31266e-05
2.55139e-06
-2.68642e-05
2.80859e-06
-3.11022e-05
3.4006e-06
-3.58574e-05
4.45278e-06
-4.10947e-05
6.13507e-06
-4.67048e-05
8.7212e-06
1.25038e-05
-5.2404e-05
-4.85693e-07
2.58414e-05
-1.25128e-06
-1.79381e-06
-2.03302e-06
3.7932e-06
-2.73556e-06
6.65912e-06
-3.44096e-06
6.78361e-06
-4.19665e-06
6.57459e-06
-5.01659e-06
6.41622e-06
-5.92599e-06
6.26354e-06
-6.94157e-06
6.07063e-06
-8.09555e-06
5.85388e-06
-9.41748e-06
5.62446e-06
-1.09375e-05
5.40079e-06
-1.26888e-05
5.20724e-06
-1.47e-05
5.07447e-06
-1.69981e-05
5.04139e-06
-1.96111e-05
5.16181e-06
-2.2553e-05
5.49335e-06
-2.58489e-05
6.10458e-06
-2.95054e-05
7.05707e-06
-3.35068e-05
8.45422e-06
-3.78126e-05
1.04408e-05
-4.22763e-05
1.31849e-05
1.68945e-05
-4.6667e-05
-4.82823e-07
2.63242e-05
-1.28746e-06
-9.89313e-07
-2.09334e-06
4.59896e-06
-2.81719e-06
7.38289e-06
-3.54852e-06
7.51487e-06
-4.32971e-06
7.35569e-06
-5.17981e-06
7.26623e-06
-6.10621e-06
7.18987e-06
-7.13888e-06
7.10327e-06
-8.29041e-06
7.00543e-06
-9.58839e-06
6.92248e-06
-1.10554e-05
6.86788e-06
-1.27163e-05
6.86815e-06
-1.45915e-05
6.9498e-06
-1.66981e-05
7.14804e-06
-1.90514e-05
7.51513e-06
-2.16597e-05
8.10167e-06
-2.45205e-05
8.96536e-06
-2.76265e-05
1.01631e-05
-3.09445e-05
1.17723e-05
-3.44125e-05
1.39087e-05
-3.79048e-05
1.66772e-05
2.02343e-05
-4.12445e-05
-4.70152e-07
2.67942e-05
-1.30944e-06
-1.50142e-07
-2.13114e-06
5.42058e-06
-2.86362e-06
8.1153e-06
-3.60584e-06
8.25703e-06
-4.39919e-06
8.14896e-06
-5.25605e-06
8.12303e-06
-6.18635e-06
8.12012e-06
-7.20514e-06
8.12203e-06
-8.33217e-06
8.13244e-06
-9.58275e-06
8.17304e-06
-1.09759e-05
8.26106e-06
-1.25274e-05
8.41967e-06
-1.42518e-05
8.67418e-06
-1.61602e-05
9.05644e-06
-1.82539e-05
9.60884e-06
-2.05317e-05
1.03795e-05
-2.29844e-05
1.14182e-05
-2.55851e-05
1.27638e-05
-2.82968e-05
1.4484e-05
-3.10466e-05
1.66586e-05
-3.37379e-05
1.93685e-05
2.27068e-05
-3.62104e-05
-4.47645e-07
2.72418e-05
-1.31283e-06
7.14965e-07
-2.1394e-06
6.24711e-06
-2.8713e-06
8.84716e-06
-3.61233e-06
8.99801e-06
-4.4038e-06
8.94037e-06
-5.25332e-06
8.9725e-06
-6.16777e-06
9.03453e-06
-7.15896e-06
9.1132e-06
-8.2425e-06
9.21597e-06
-9.42967e-06
9.36019e-06
-1.07336e-05
9.56502e-06
-1.21646e-05
9.85066e-06
-1.37313e-05
1.02409e-05
-1.54377e-05
1.07629e-05
-1.72804e-05
1.14515e-05
-1.92493e-05
1.23484e-05
-2.13253e-05
1.34942e-05
-2.34822e-05
1.49207e-05
-2.56676e-05
1.66694e-05
-2.78141e-05
1.88051e-05
-2.98328e-05
2.13871e-05
2.44749e-05
-3.16008e-05
-4.1545e-07
2.76572e-05
-1.29297e-06
1.59245e-06
-2.11295e-06
7.06708e-06
-2.83593e-06
9.57014e-06
-3.56842e-06
9.73045e-06
-4.34696e-06
9.71889e-06
-5.17532e-06
9.80084e-06
-6.06144e-06
9.92066e-06
-7.0134e-06
1.00652e-05
-8.04095e-06
1.02436e-05
-9.15352e-06
1.04728e-05
-1.03598e-05
1.07714e-05
-1.16658e-05
1.11567e-05
-1.30751e-05
1.16502e-05
-1.45865e-05
1.22743e-05
-1.6191e-05
1.30561e-05
-1.78751e-05
1.40325e-05
-1.96151e-05
1.52342e-05
-2.13792e-05
1.66848e-05
-2.31196e-05
1.84098e-05
-2.47666e-05
2.04521e-05
-2.62393e-05
2.28597e-05
2.5677e-05
-2.74414e-05
-3.74678e-07
2.80319e-05
-1.24795e-06
2.46574e-06
-2.04937e-06
7.8685e-06
-2.75635e-06
1.02771e-05
-3.47137e-06
1.04454e-05
-4.22725e-06
1.04748e-05
-5.02543e-06
1.0599e-05
-5.87212e-06
1.07674e-05
-6.77381e-06
1.0967e-05
-7.73787e-06
1.12077e-05
-8.77045e-06
1.15054e-05
-9.87651e-06
1.18774e-05
-1.10578e-05
1.2338e-05
-1.23138e-05
1.29063e-05
-1.36411e-05
1.36016e-05
-1.50288e-05
1.44438e-05
-1.64558e-05
1.54595e-05
-1.79007e-05
1.66792e-05
-1.93318e-05
1.81159e-05
-2.07e-05
1.97781e-05
-2.19398e-05
2.1692e-05
-2.2981e-05
2.39009e-05
2.64408e-05
-2.37449e-05
-3.25376e-07
2.83572e-05
-1.17777e-06
3.31816e-06
-1.94814e-06
8.63888e-06
-2.63194e-06
1.09609e-05
-3.32073e-06
1.11342e-05
-4.04465e-06
1.11987e-05
-4.80577e-06
1.13601e-05
-5.60722e-06
1.15688e-05
-6.45443e-06
1.18142e-05
-7.35192e-06
1.21053e-05
-8.30332e-06
1.24569e-05
-9.30768e-06
1.28818e-05
-1.03672e-05
1.33974e-05
-1.14781e-05
1.40172e-05
-1.2635e-05
1.47585e-05
-1.38253e-05
1.5634e-05
-1.50313e-05
1.66656e-05
-1.62237e-05
1.78717e-05
-1.73738e-05
1.9266e-05
-1.8441e-05
2.08452e-05
-1.93639e-05
2.26148e-05
-2.00726e-05
2.46097e-05
2.68784e-05
-2.05103e-05
-2.63527e-07
2.86208e-05
-1.08387e-06
4.13851e-06
-1.81494e-06
9.36998e-06
-2.46762e-06
1.16135e-05
-3.12257e-06
1.17892e-05
-3.8079e-06
1.1884e-05
-4.52447e-06
1.20767e-05
-5.27381e-06
1.23182e-05
-6.05887e-06
1.25994e-05
-6.88429e-06
1.29308e-05
-7.75023e-06
1.33228e-05
-8.65756e-06
1.37891e-05
-9.60369e-06
1.43436e-05
-1.0584e-05
1.49974e-05
-1.15857e-05
1.57602e-05
-1.26008e-05
1.66491e-05
-1.36098e-05
1.76745e-05
-1.45934e-05
1.88553e-05
-1.55198e-05
2.01924e-05
-1.63473e-05
2.16726e-05
-1.70257e-05
2.32932e-05
-1.74982e-05
2.50821e-05
2.7092e-05
-1.77119e-05
-1.80463e-07
2.88013e-05
-9.70599e-07
4.92866e-06
-1.65759e-06
1.0057e-05
-2.27086e-06
1.22268e-05
-2.88287e-06
1.24012e-05
-3.52019e-06
1.25214e-05
-4.18319e-06
1.27398e-05
-4.87261e-06
1.30077e-05
-5.59174e-06
1.33186e-05
-6.34194e-06
1.3681e-05
-7.12311e-06
1.41041e-05
-7.93185e-06
1.45979e-05
-8.7671e-06
1.51788e-05
-9.61961e-06
1.58499e-05
-1.04835e-05
1.66241e-05
-1.13463e-05
1.75119e-05
-1.21932e-05
1.85214e-05
-1.29964e-05
1.96585e-05
-1.37357e-05
2.09318e-05
-1.43844e-05
2.23213e-05
-1.48966e-05
2.38054e-05
-1.52079e-05
2.53933e-05
2.71692e-05
-1.52853e-05
-5.98005e-08
2.88611e-05
-8.42541e-07
5.71144e-06
-1.48669e-06
1.07011e-05
-2.05282e-06
1.27929e-05
-2.61436e-06
1.29628e-05
-3.19639e-06
1.31035e-05
-3.79924e-06
1.33427e-05
-4.42276e-06
1.36313e-05
-5.06793e-06
1.39639e-05
-5.73574e-06
1.43489e-05
-6.42559e-06
1.4794e-05
-7.13405e-06
1.53064e-05
-7.85533e-06
1.59001e-05
-8.58648e-06
1.6581e-05
-9.31833e-06
1.73559e-05
-1.00396e-05
1.82331e-05
-1.07336e-05
1.92155e-05
-1.1385e-05
2.03099e-05
-1.19747e-05
2.15214e-05
-1.24772e-05
2.28237e-05
-1.28588e-05
2.4187e-05
-1.30778e-05
2.56122e-05
2.71805e-05
-1.30892e-05
9.0664e-08
2.87704e-05
-7.02646e-07
6.50481e-06
-1.31092e-06
1.13093e-05
-1.82879e-06
1.33108e-05
-2.3331e-06
1.34671e-05
-2.8573e-06
1.36277e-05
-3.39448e-06
1.38799e-05
-3.946e-06
1.41829e-05
-4.51198e-06
1.453e-05
-5.08965e-06
1.49267e-05
-5.68034e-06
1.53848e-05
-6.28186e-06
1.5908e-05
-6.88871e-06
1.65069e-05
-7.49662e-06
1.71888e-05
-8.09237e-06
1.79516e-05
-8.67156e-06
1.88123e-05
-9.2225e-06
1.97664e-05
-9.72941e-06
2.08167e-05
-1.017e-05
2.1962e-05
-1.05369e-05
2.31905e-05
-1.08102e-05
2.44602e-05
-1.09508e-05
2.57528e-05
2.71512e-05
-1.09216e-05
2.62656e-07
2.85078e-05
-5.56923e-07
7.32444e-06
-1.14214e-06
1.18945e-05
-1.61018e-06
1.37789e-05
-2.05795e-06
1.39149e-05
-2.52555e-06
1.40954e-05
-2.99913e-06
1.43536e-05
-3.47769e-06
1.46616e-05
-3.9623e-06
1.50147e-05
-4.45196e-06
1.54165e-05
-4.94434e-06
1.58772e-05
-5.43544e-06
1.63992e-05
-5.92561e-06
1.69971e-05
-6.40143e-06
1.76646e-05
-6.86435e-06
1.84144e-05
-7.2983e-06
1.92462e-05
-7.69724e-06
2.01653e-05
-8.04357e-06
2.1163e-05
-8.32915e-06
2.22475e-05
-8.54409e-06
2.34053e-05
-8.67685e-06
2.45928e-05
-8.71461e-06
2.57904e-05
2.70539e-05
-8.61739e-06
4.35613e-07
2.80722e-05
-4.17029e-07
8.17709e-06
-9.92546e-07
1.247e-05
-1.41359e-06
1.41999e-05
-1.81695e-06
1.43183e-05
-2.23424e-06
1.45127e-05
-2.65293e-06
1.47724e-05
-3.07014e-06
1.50789e-05
-3.48242e-06
1.54271e-05
-3.8904e-06
1.58246e-05
-4.29239e-06
1.62793e-05
-4.68752e-06
1.67943e-05
-5.06579e-06
1.73754e-05
-5.4232e-06
1.80219e-05
-5.75308e-06
1.87443e-05
-6.04632e-06
1.95394e-05
-6.2896e-06
2.04085e-05
-6.47604e-06
2.13494e-05
-6.59327e-06
2.23646e-05
-6.62867e-06
2.34407e-05
-6.57577e-06
2.45398e-05
-6.44465e-06
2.56592e-05
2.68104e-05
-6.20118e-06
6.22728e-07
2.74496e-05
-2.82478e-07
9.08228e-06
-8.69296e-07
1.30569e-05
-1.2597e-06
1.45903e-05
-1.63122e-06
1.46898e-05
-2.01391e-06
1.48955e-05
-2.39294e-06
1.51516e-05
-2.76421e-06
1.54503e-05
-3.12548e-06
1.57884e-05
-3.47502e-06
1.61742e-05
-3.81036e-06
1.66148e-05
-4.12774e-06
1.71118e-05
-4.42049e-06
1.76681e-05
-4.68459e-06
1.8286e-05
-4.90945e-06
1.89691e-05
-5.08521e-06
1.97151e-05
-5.19678e-06
2.052e-05
-5.24255e-06
2.13951e-05
-5.19021e-06
2.23122e-05
-5.04864e-06
2.32991e-05
-4.80282e-06
2.42939e-05
-4.4538e-06
2.53102e-05
2.6348e-05
-3.99147e-06
8.13172e-07
2.66364e-05
-1.61634e-07
1.00571e-05
-7.74964e-07
1.36702e-05
-1.14822e-06
1.49635e-05
-1.50975e-06
1.50514e-05
-1.88116e-06
1.5267e-05
-2.23863e-06
1.55091e-05
-2.58659e-06
1.57983e-05
-2.92076e-06
1.61227e-05
-3.23919e-06
1.64928e-05
-3.53719e-06
1.69129e-05
-3.81298e-06
1.73876e-05
-4.05988e-06
1.7915e-05
-4.2664e-06
1.84925e-05
-4.42913e-06
1.91317e-05
-4.5253e-06
1.98112e-05
-4.55901e-06
2.05536e-05
-4.49942e-06
2.13354e-05
-4.34316e-06
2.21559e-05
-4.06646e-06
2.30223e-05
-3.66925e-06
2.38966e-05
-3.12837e-06
2.47692e-05
2.56759e-05
-2.45637e-06
9.86222e-07
2.56502e-05
-5.5214e-08
1.10986e-05
-6.99124e-07
1.43142e-05
-1.07288e-06
1.53373e-05
-1.44269e-06
1.54212e-05
-1.81306e-06
1.56374e-05
-2.17061e-06
1.58667e-05
-2.51337e-06
1.61411e-05
-2.84116e-06
1.64505e-05
-3.15204e-06
1.68038e-05
-3.4434e-06
1.72044e-05
-3.70854e-06
1.76528e-05
-3.94218e-06
1.81487e-05
-4.13761e-06
1.86879e-05
-4.27834e-06
1.92724e-05
-4.36288e-06
1.98956e-05
-4.36552e-06
2.05562e-05
-4.27244e-06
2.12422e-05
-4.07862e-06
2.1962e-05
-3.75241e-06
2.2696e-05
-3.28563e-06
2.34298e-05
-2.6612e-06
2.41447e-05
2.48858e-05
-1.87109e-06
1.11381e-06
2.45364e-05
2.6548e-08
1.21859e-05
-6.33921e-07
1.49747e-05
-1.0149e-06
1.57183e-05
-1.3994e-06
1.58058e-05
-1.77432e-06
1.60124e-05
-2.13817e-06
1.62307e-05
-2.48517e-06
1.64882e-05
-2.81841e-06
1.67839e-05
-3.13598e-06
1.71215e-05
-3.43448e-06
1.75029e-05
-3.70868e-06
1.79271e-05
-3.95284e-06
1.83928e-05
-4.15841e-06
1.88934e-05
-4.3148e-06
1.94288e-05
-4.40848e-06
1.99892e-05
-4.42887e-06
2.05765e-05
-4.36577e-06
2.1179e-05
-4.19521e-06
2.17913e-05
-3.89629e-06
2.2397e-05
-3.45796e-06
2.29914e-05
-2.8575e-06
2.35442e-05
2.41131e-05
-2.08483e-06
1.17918e-06
2.33572e-05
7.45348e-08
1.32907e-05
-5.6595e-07
1.56152e-05
-9.49257e-07
1.61016e-05
-1.34349e-06
1.62001e-05
-1.71939e-06
1.63884e-05
-2.08036e-06
1.65917e-05
-2.43029e-06
1.68382e-05
-2.76692e-06
1.71206e-05
-3.08965e-06
1.74443e-05
-3.39446e-06
1.78078e-05
-3.67713e-06
1.82098e-05
-3.93181e-06
1.86475e-05
-4.15199e-06
1.91136e-05
-4.32648e-06
1.96032e-05
-4.44767e-06
2.01104e-05
-4.50261e-06
2.06313e-05
-4.48121e-06
2.11575e-05
-4.36451e-06
2.16745e-05
-4.13167e-06
2.2164e-05
-3.77952e-06
2.26391e-05
-3.27994e-06
2.30446e-05
2.34495e-05
-2.61628e-06
1.18828e-06
2.2169e-05
1.07486e-07
1.43715e-05
-4.94163e-07
1.62168e-05
-8.63738e-07
1.64713e-05
-1.25013e-06
1.65865e-05
-1.61184e-06
1.67501e-05
-1.9573e-06
1.69372e-05
-2.29951e-06
1.71804e-05
-2.62638e-06
1.74475e-05
-2.93872e-06
1.77567e-05
-3.23621e-06
1.81054e-05
-3.5148e-06
1.84884e-05
-3.76813e-06
1.89009e-05
-3.99005e-06
1.93356e-05
-4.17306e-06
1.97862e-05
-4.31148e-06
2.02488e-05
-4.39431e-06
2.07141e-05
-4.41152e-06
2.11747e-05
-4.34369e-06
2.16066e-05
-4.18482e-06
2.20051e-05
-3.92362e-06
2.23779e-05
-3.53073e-06
2.26518e-05
2.29312e-05
-3.0123e-06
1.12075e-06
2.10483e-05
1.22146e-07
1.53702e-05
-4.10522e-07
1.67496e-05
-7.47693e-07
1.68084e-05
-1.10453e-06
1.69433e-05
-1.42684e-06
1.70724e-05
-1.75313e-06
1.72635e-05
-2.05571e-06
1.7483e-05
-2.34982e-06
1.77417e-05
-2.63748e-06
1.80445e-05
-2.91415e-06
1.83822e-05
-3.17362e-06
1.8748e-05
-3.41247e-06
1.91398e-05
-3.62677e-06
1.95499e-05
-3.80373e-06
1.99632e-05
-3.9385e-06
2.03835e-05
-4.02838e-06
2.08039e-05
-4.07024e-06
2.12165e-05
-4.04387e-06
2.15802e-05
-3.95305e-06
2.19142e-05
-3.76107e-06
2.21859e-05
-3.49212e-06
2.23829e-05
2.25272e-05
-3.08809e-06
9.52021e-07
2.00963e-05
1.16102e-07
1.62061e-05
-3.08905e-07
1.71746e-05
-5.93076e-07
1.70926e-05
-8.94701e-07
1.7245e-05
-1.17123e-06
1.7349e-05
-1.43418e-06
1.75265e-05
-1.69336e-06
1.77423e-05
-1.94759e-06
1.7996e-05
-2.19013e-06
1.82871e-05
-2.42028e-06
1.86124e-05
-2.64242e-06
1.89702e-05
-2.84588e-06
1.93433e-05
-3.02864e-06
1.97326e-05
-3.18986e-06
2.01243e-05
-3.32213e-06
2.05157e-05
-3.42668e-06
2.09084e-05
-3.47567e-06
2.12654e-05
-3.48831e-06
2.15928e-05
-3.43978e-06
2.18657e-05
-3.33733e-06
2.20835e-05
-3.15558e-06
2.22011e-05
2.22601e-05
-2.88836e-06
7.37568e-07
1.93587e-05
1.13771e-07
1.68299e-05
-1.94404e-07
1.74827e-05
-4.06239e-07
1.73044e-05
-6.32022e-07
1.74708e-05
-8.37139e-07
1.75541e-05
-1.03192e-06
1.77212e-05
-1.22725e-06
1.79376e-05
-1.4179e-06
1.81867e-05
-1.59906e-06
1.84684e-05
-1.77286e-06
1.87863e-05
-1.94277e-06
1.91401e-05
-2.10342e-06
1.95039e-05
-2.25232e-06
1.98815e-05
-2.38556e-06
2.02575e-05
-2.50205e-06
2.06321e-05
-2.59904e-06
2.10053e-05
-2.66729e-06
2.13336e-05
-2.7126e-06
2.16381e-05
-2.71573e-06
2.18688e-05
-2.68316e-06
2.20509e-05
-2.61203e-06
2.213e-05
2.21313e-05
-2.4832e-06
4.98155e-07
1.88606e-05
1.03758e-07
1.72243e-05
-8.92666e-08
1.76757e-05
-2.19054e-07
1.74342e-05
-3.58523e-07
1.76102e-05
-4.78768e-07
1.76744e-05
-6.06038e-07
1.78485e-05
-7.16762e-07
1.80484e-05
-8.36184e-07
1.83062e-05
-9.57126e-07
1.85894e-05
-1.07027e-06
1.88995e-05
-1.17345e-06
1.92433e-05
-1.28199e-06
1.96125e-05
-1.38998e-06
1.99895e-05
-1.48993e-06
2.03575e-05
-1.5799e-06
2.0722e-05
-1.66497e-06
2.10904e-05
-1.73583e-06
2.14044e-05
-1.79304e-06
2.16953e-05
-1.83422e-06
2.191e-05
-1.86131e-06
2.2078e-05
-1.87107e-06
2.21398e-05
2.21054e-05
-1.84521e-06
1.96763e-07
6.14208e-08
-7.06011e-09
-5.16448e-08
-9.78755e-08
-1.37788e-07
-1.75211e-07
-2.17947e-07
-2.51166e-07
-2.85666e-07
-3.27843e-07
-3.71206e-07
-4.08099e-07
-4.40775e-07
-4.80257e-07
-5.25596e-07
-5.56244e-07
-5.95571e-07
-6.25313e-07
-6.63697e-07
-6.8472e-07
-7.01891e-07
-7.03688e-07
0.000100561
3.36202e-06
0.000101677
-1.11646e-06
0.000109399
-7.72137e-06
-1.21568e-05
0.000121556
9.16905e-05
-5.63563e-06
0.00010003
-9.45588e-06
0.000106228
-1.3919e-05
-1.84308e-05
0.000112502
7.44547e-05
-9.73886e-06
7.74501e-05
-1.24513e-05
7.9318e-05
-1.5787e-05
-1.90339e-05
7.99211e-05
6.61732e-05
-1.1702e-05
6.75384e-05
-1.38165e-05
6.8713e-05
-1.69615e-05
-1.92379e-05
6.8917e-05
1.72913e-05
-1.26352e-05
1.38907e-05
-1.0416e-05
1.26586e-05
-1.57294e-05
-2.45383e-05
1.7959e-05
-9.16452e-05
5.31734e-06
-0.00010769
5.62929e-06
-0.000110001
-1.3419e-05
-3.1964e-05
-0.000102575
5.50134e-05
5.53427e-07
5.03386e-05
1.03042e-05
2.99374e-05
6.9823e-06
8.0381e-07
-2.83032e-06
7.71802e-05
-2.39014e-05
0.000102222
-1.47368e-05
0.000110768
-1.56409e-06
1.8645e-05
9.2927e-05
2.86936e-05
-3.36764e-05
4.11844e-05
-2.72275e-05
5.50585e-05
-1.54382e-05
4.42407e-06
6.92795e-05
-1.09622e-05
-3.52214e-05
-1.01407e-05
-2.80489e-05
-7.40318e-06
-1.81756e-05
-6.25399e-06
3.27491e-06
-4.15255e-05
-3.22465e-05
-4.2981e-05
-2.65934e-05
-4.28758e-05
-1.82808e-05
-1.13521e-05
-3.77776e-05
-6.40161e-05
-2.67008e-05
-6.69627e-05
-2.36468e-05
-6.64208e-05
-1.88228e-05
-1.49037e-05
-6.28693e-05
-8.28205e-05
-1.88594e-05
-8.96636e-05
-1.68037e-05
-9.43769e-05
-1.41095e-05
-1.10683e-05
-9.82124e-05
-8.75178e-05
-1.00165e-05
-9.6e-05
-8.3216e-06
-0.000104008
-6.10109e-06
-3.52919e-06
-0.000111548
-7.94046e-05
-2.94585e-06
-8.63911e-05
-1.33517e-06
-9.28545e-05
3.62275e-07
2.54676e-06
-9.89304e-05
-6.90135e-05
1.79458e-06
-7.39097e-05
3.56107e-06
-7.90222e-05
5.47479e-06
7.48217e-06
-8.39576e-05
-6.18494e-05
5.16077e-06
-6.51317e-05
6.84335e-06
-6.83634e-05
8.70663e-06
1.0658e-05
-7.15392e-05
-5.49948e-05
7.75157e-06
-5.74479e-05
9.29658e-06
-5.97639e-05
1.10226e-05
1.28504e-05
-6.19562e-05
-4.8599e-05
9.68362e-06
-5.03877e-05
1.10854e-05
-5.20249e-05
1.26599e-05
1.43449e-05
-5.35193e-05
-4.26803e-05
1.11194e-05
-4.39696e-05
1.23748e-05
-4.50901e-05
1.37805e-05
1.5296e-05
-4.60412e-05
-3.72401e-05
1.21492e-05
-3.81321e-05
1.32669e-05
-3.88574e-05
1.45059e-05
1.58391e-05
-3.94004e-05
-3.22997e-05
1.28481e-05
-3.28731e-05
1.38403e-05
-3.32925e-05
1.49253e-05
1.60795e-05
-3.35328e-05
-2.78775e-05
1.32842e-05
-2.82017e-05
1.41645e-05
-2.83883e-05
1.51119e-05
1.61001e-05
-2.84088e-05
-2.39814e-05
1.35205e-05
-2.41175e-05
1.43006e-05
-2.41329e-05
1.51273e-05
1.59642e-05
-2.39971e-05
-2.06032e-05
1.36134e-05
-2.06057e-05
1.4303e-05
-2.04985e-05
1.50201e-05
1.57172e-05
-2.02513e-05
-1.7709e-05
1.36105e-05
-1.76227e-05
1.42167e-05
-1.74335e-05
1.48309e-05
1.53968e-05
-1.71131e-05
-1.52293e-05
1.35545e-05
-1.50961e-05
1.40835e-05
-1.48647e-05
1.45995e-05
1.50445e-05
-1.45124e-05
-1.30112e-05
1.34766e-05
-1.2864e-05
1.39362e-05
-1.26264e-05
1.4362e-05
1.47012e-05
-1.22831e-05
-1.0837e-05
1.33919e-05
-1.0693e-05
1.37921e-05
-1.04728e-05
1.41417e-05
1.43947e-05
-1.01663e-05
-8.51338e-06
1.32878e-05
-8.36253e-06
1.36412e-05
-8.15407e-06
1.39332e-05
1.41231e-05
-7.88248e-06
-6.03884e-06
1.31254e-05
-5.84092e-06
1.34432e-05
-5.60481e-06
1.36971e-05
1.38459e-05
-5.32764e-06
-3.73183e-06
1.28658e-05
-3.43898e-06
1.31503e-05
-3.11685e-06
1.33749e-05
1.35009e-05
-2.77196e-06
-2.09189e-06
1.25012e-05
-1.6901e-06
1.27485e-05
-1.25232e-06
1.29371e-05
1.30406e-05
-7.91989e-07
-1.445e-06
1.20751e-05
-9.70414e-07
1.22739e-05
-4.49091e-07
1.24158e-05
1.24843e-05
1.07223e-07
-1.66245e-06
1.16528e-05
-1.18326e-06
1.17947e-05
-6.49521e-07
1.18821e-05
1.19077e-05
-7.28649e-08
-2.24461e-06
1.12812e-05
-1.81189e-06
1.13621e-05
-1.33162e-06
1.1402e-05
1.13861e-05
-8.10032e-07
-2.70355e-06
1.09725e-05
-2.34378e-06
1.10024e-05
-1.93756e-06
1.09959e-05
1.09473e-05
-1.49873e-06
-2.83924e-06
1.07238e-05
-2.55262e-06
1.07158e-05
-2.23285e-06
1.06761e-05
1.06021e-05
-1.88758e-06
-2.71272e-06
1.05481e-05
-2.50599e-06
1.05091e-05
-2.27753e-06
1.04477e-05
1.03578e-05
-2.03319e-06
-2.37767e-06
1.04426e-05
-2.25353e-06
1.0385e-05
-2.10892e-06
1.03031e-05
1.02098e-05
-1.96096e-06
-1.79418e-06
1.03916e-05
-1.73185e-06
1.03227e-05
-1.66741e-06
1.02386e-05
1.01338e-05
-1.59143e-06
-6.94754e-07
-6.83926e-07
-6.6468e-07
-6.3272e-07
0.000115679
-7.71478e-05
9.7104e-05
-0.000118704
7.79315e-05
-0.000134174
6.10629e-05
-0.000164116
0.000128628
-2.28813e-05
6.80419e-05
0.000913527
-1.31414e-06
0.000722979
-0.000212335
0.000734119
-0.000392873
0.000626568
-0.00050724
0.000503054
-0.000574676
0.000366818
-0.000579527
0.000138451
-0.00055691
-0.000138435
-0.0005067
-0.000439717
-0.000362616
-0.000697304
-0.000132363
-0.000761229
5.87436e-05
-0.000623816
-1.17474e-05
-0.000385671
-0.000320768
0.00010304
-6.76866e-05
8.04695e-05
-9.61327e-05
5.89664e-05
-0.00011267
4.3318e-05
-0.000148468
0.000106414
-8.59772e-05
5.09123e-05
0.000969029
-4.73508e-05
0.000821242
-7.49047e-05
0.000761673
-0.000131267
0.000682931
-0.000176062
0.000547848
-0.000180148
0.000370905
-0.000160023
0.000118327
-0.000158007
-0.000140451
-0.000180041
-0.000417683
-0.000155625
-0.00072172
-6.24168e-05
-0.000854437
8.32526e-05
-0.000769485
1.77442e-05
-0.000320163
-0.000303024
7.07526e-05
-5.85181e-05
5.24291e-05
-7.78092e-05
3.21685e-05
-9.24099e-05
1.43204e-05
-0.00013062
7.53428e-05
-0.000147
0.000139288
0.000905084
1.99121e-05
0.000940617
3.99006e-05
0.000741685
0.000117594
0.000605237
0.000171226
0.000494217
0.000209932
0.000332199
0.000222715
0.000105543
0.000193177
-0.000110912
0.000155616
-0.000380122
0.000104507
-0.000670611
7.23667e-05
-0.000822297
8.75923e-05
-0.000784711
1.88774e-05
-0.000251448
-0.000284147
6.0707e-05
-5.03081e-05
4.10889e-05
-5.81911e-05
1.32672e-05
-6.45882e-05
-1.83533e-05
-9.89993e-05
-1.05177e-05
-0.000154835
0.000206273
0.000688293
0.000255379
0.000891511
0.000266396
0.000730668
0.000338571
0.000533063
0.000414822
0.000417966
0.000465892
0.000281129
0.000463781
0.000107653
0.00042157
-6.87009e-05
0.000383695
-0.000342247
0.000324795
-0.000611711
0.000215615
-0.000713117
6.52485e-05
-0.000634344
1.77376e-05
-0.000203937
-0.000266409
3.19495e-05
-6.42987e-05
2.79718e-05
-5.42134e-05
2.78509e-06
-3.94014e-05
-4.99301e-05
-4.62841e-05
-0.000149806
-5.496e-05
0.000183034
0.000355454
0.000390114
0.000684431
0.000478911
0.000641871
0.0005461
0.000465874
0.000600495
0.000363571
0.000621583
0.000260041
0.000603175
0.000126062
0.000568145
-3.36711e-05
0.000540422
-0.000314524
0.000466664
-0.000537953
0.000303148
-0.000549601
4.83026e-05
-0.000379499
2.05034e-05
-0.000176138
-0.000245906
-4.28033e-05
-0.00012407
-2.49925e-06
-9.45174e-05
-6.13773e-07
-4.12869e-05
-5.55625e-05
8.66463e-06
-0.00010794
-2.58268e-06
0.00018472
6.27936e-05
0.000459318
0.000409833
0.000652826
0.000448364
0.000707555
0.000411145
0.000710105
0.000361021
0.000694252
0.000275894
0.000663063
0.000157251
0.000634561
-5.16933e-06
0.000587154
-0.000267117
0.000463051
-0.00041385
0.000265187
-0.000351737
5.68162e-05
-0.000171127
2.6156e-05
-0.000145478
-0.00021975
-5.58885e-05
-7.10122e-05
-5.70661e-05
-9.33398e-05
2.0413e-07
-9.85571e-05
8.79788e-06
7.0876e-08
-2.30605e-05
2.92757e-05
5.35514e-06
3.4378e-05
0.000341527
7.36615e-05
0.000615161
0.000174729
0.000718245
0.000308061
0.000732928
0.000346338
0.000697555
0.000311267
0.000643791
0.000211015
0.000611728
2.68933e-05
0.000510924
-0.000166313
0.000323923
-0.000226849
0.00013705
-0.000164864
5.41034e-05
-8.81804e-05
3.59343e-05
-0.000127309
-0.000183816
3.47672e-06
1.84382e-05
-4.32913e-05
-4.65718e-05
-7.03598e-05
-7.14886e-05
1.64482e-06
-7.19338e-05
2.49597e-05
5.96081e-06
9.23925e-06
5.00985e-05
2.04634e-05
6.24373e-05
0.000122144
7.30479e-05
0.000304209
0.000125997
0.00045565
0.000194897
0.000500824
0.000266093
0.00049642
0.000215419
0.000480947
4.23669e-05
0.000405513
-9.08801e-05
0.000259806
-8.11414e-05
0.000131375
-3.64332e-05
8.92312e-05
-4.60368e-05
5.66048e-05
-9.46821e-05
-0.000127211
6.05508e-05
2.7167e-05
1.09394e-05
3.03955e-06
-3.11286e-05
-2.94205e-05
-5.25671e-05
-5.04953e-05
5.78353e-06
-5.23898e-05
3.60035e-05
1.98785e-05
3.63948e-05
6.2046e-05
3.70759e-05
7.23669e-05
7.92667e-05
8.38058e-05
0.0001588
0.000115364
0.000250877
0.000174016
0.000337842
0.000128454
0.000349059
3.11493e-05
0.000263691
-5.51186e-06
0.000174889
7.66094e-06
0.000142808
-4.35272e-06
0.000128559
-3.17874e-05
8.02056e-05
-4.6329e-05
-4.70052e-05
2.76633e-05
2.77861e-06
3.10192e-05
-3.16352e-07
6.03009e-06
-4.43142e-06
-3.22176e-05
-1.22477e-05
-6.39801e-05
-2.06274e-05
3.19017e-07
-4.44206e-05
5.18196e-05
1.05455e-05
5.80952e-05
6.60913e-05
5.66753e-05
8.52257e-05
7.3759e-05
9.82799e-05
0.000130557
0.000117217
0.000172404
8.66075e-05
0.000165341
3.82126e-05
0.000149165
1.06636e-05
0.000160105
-3.27867e-06
0.000171459
-1.57072e-05
0.000148663
-8.99144e-06
8.28752e-05
1.94592e-05
3.587e-05
-2.30733e-05
-1.19257e-05
-1.31958e-05
-1.01939e-05
-9.84146e-07
-1.66431e-05
-9.05067e-06
-4.18115e-06
-1.95133e-05
-1.01648e-05
-2.21036e-05
-4.18303e-05
2.61015e-05
-3.76596e-05
6.05379e-05
3.16549e-05
7.07245e-05
7.50391e-05
6.32178e-05
0.000105787
7.21272e-05
0.000108308
8.93011e-05
6.94336e-05
0.000114043
1.34711e-05
0.000145728
-2.10214e-05
0.000166131
-2.36823e-05
0.000159489
-9.06447e-06
0.000105294
4.52035e-05
4.63016e-05
7.84512e-05
8.21716e-05
-5.18698e-05
-2.29252e-05
-5.61817e-05
-5.88203e-06
-8.13589e-05
8.53412e-06
-0.000109257
2.37168e-05
-0.000156212
3.679e-05
-0.000236894
3.88518e-05
-0.000304848
3.02949e-05
-0.000288021
1.48271e-05
-0.000226812
1.38307e-05
-0.000182049
6.10238e-05
-0.000157136
8.33948e-05
-0.000133583
4.58799e-05
-9.84196e-05
-2.1692e-05
-6.44383e-05
-5.50027e-05
-3.35486e-05
-5.4572e-05
-6.821e-06
-3.57921e-05
1.18876e-05
2.64948e-05
1.06779e-05
7.9661e-05
9.28495e-05
-0.00010846
-1.26777e-05
-0.00012107
6.72807e-06
-0.000135992
2.34556e-05
-0.000153122
4.0847e-05
-0.00018761
7.12783e-05
-0.000261278
0.00011252
-0.000351593
0.00012061
-0.000396612
5.98461e-05
-0.000378939
-3.84221e-06
-0.00032267
4.75493e-06
-0.000237467
-1.80861e-06
-0.000190097
-1.49047e-06
-0.000164111
-4.76774e-05
-0.000129121
-8.99926e-05
-9.35125e-05
-9.01809e-05
-5.6916e-05
-7.23886e-05
-2.51746e-05
-5.24659e-06
-1.16249e-05
6.61113e-05
8.12246e-05
-0.000126986
2.76064e-06
-0.00013771
1.74523e-05
-0.000143629
2.93741e-05
-0.000146782
4.40006e-05
-0.000155594
8.00902e-05
-0.000187665
0.00014459
-0.000252308
0.000185254
-0.000318075
0.000125613
-0.00035155
2.96331e-05
-0.000323496
-2.32995e-05
-0.000285564
-3.97405e-05
-0.000261287
-2.57676e-05
-0.00021933
-8.96347e-05
-0.000160801
-0.000148521
-0.000113546
-0.000137436
-6.7748e-05
-0.000118187
-3.2693e-05
-4.03016e-05
-1.43718e-05
4.77901e-05
6.68528e-05
-0.000111377
1.52071e-05
-0.00012137
2.74458e-05
-0.00012833
3.6334e-05
-0.000130151
4.5821e-05
-0.000123438
7.33771e-05
-0.000113439
0.000134592
-0.000124211
0.000196025
-0.000169137
0.000170539
-0.000202122
6.26185e-05
-0.000210261
-1.51599e-05
-0.000214282
-3.57199e-05
-0.000199826
-4.02236e-05
-0.000181992
-0.000107469
-0.000154839
-0.000175673
-0.000107463
-0.000184812
-5.96498e-05
-0.000166001
-2.71861e-05
-7.27652e-05
-7.03803e-06
2.76421e-05
5.98147e-05
-9.40193e-05
2.52689e-05
-0.000101871
3.52974e-05
-0.000108117
4.25802e-05
-0.000111366
4.90703e-05
-0.000103438
6.54485e-05
-7.58585e-05
0.000107013
-4.43469e-05
0.000164514
-5.14511e-05
0.000177643
-9.46316e-05
0.000105799
-0.00012571
1.59186e-05
-0.000131089
-3.03415e-05
-0.000137213
-3.40993e-05
-0.00015466
-9.00219e-05
-0.000128793
-0.00020154
-9.57068e-05
-0.000217898
-5.24267e-05
-0.000209281
-2.83408e-05
-9.68511e-05
-5.98765e-06
5.2889e-06
5.38271e-05
-7.86686e-05
3.23984e-05
-8.47597e-05
4.13886e-05
-8.97375e-05
4.75581e-05
-9.28684e-05
5.22011e-05
-8.84792e-05
6.10594e-05
-6.52798e-05
8.38132e-05
-2.34519e-05
0.000122686
1.43966e-06
0.000152752
-2.14934e-05
0.000128732
-6.92071e-05
6.36323e-05
-9.17191e-05
-7.82947e-06
-9.89137e-05
-2.69048e-05
-0.000110021
-7.89145e-05
-9.57594e-05
-0.000215802
-7.24234e-05
-0.000241234
-6.17903e-05
-0.000219914
-3.65798e-05
-0.000122062
-1.36352e-05
-1.76556e-05
4.01918e-05
-6.66492e-05
3.70915e-05
-7.07608e-05
4.55002e-05
-7.40632e-05
5.08606e-05
-7.57804e-05
5.39183e-05
-7.32123e-05
5.84913e-05
-5.95023e-05
7.01032e-05
-2.87034e-05
9.18872e-05
6.87285e-06
0.000117176
1.41006e-05
0.000121504
-1.6548e-05
9.42809e-05
-7.10621e-05
4.66846e-05
-0.000119682
2.17152e-05
-0.000125185
-7.34117e-05
-0.000108985
-0.000232001
-9.21156e-05
-0.000258104
-8.01942e-05
-0.000231835
-5.25835e-05
-0.000149672
-2.44322e-05
-4.58069e-05
1.57596e-05
-5.65546e-05
4.01268e-05
-5.90136e-05
4.79593e-05
-6.07587e-05
5.26057e-05
-6.09792e-05
5.41389e-05
-5.82108e-05
5.57229e-05
-4.99229e-05
6.18153e-05
-3.29156e-05
7.48799e-05
-8.85383e-06
9.3114e-05
4.4407e-06
0.00010821
-1.16971e-05
0.000110419
-6.76478e-05
0.000102635
-0.000127268
8.13354e-05
-0.000141054
-5.96256e-05
-0.000110405
-0.000262651
-0.000104516
-0.000263993
-0.000106224
-0.000230127
-8.05331e-05
-0.000175363
-3.18074e-05
-9.45326e-05
-1.60478e-05
-4.77252e-05
4.18109e-05
-4.87947e-05
4.90289e-05
-4.92703e-05
5.30813e-05
-4.84697e-05
5.33383e-05
-4.52042e-05
5.24574e-05
-3.86305e-05
5.52416e-05
-2.90626e-05
6.5312e-05
-1.81086e-05
8.216e-05
-1.16115e-05
0.000101713
-2.16092e-05
0.000120417
-5.87889e-05
0.000139815
-0.000102929
0.000125476
-0.000112862
-4.96929e-05
-0.00010085
-0.000274663
-9.69623e-05
-0.00026788
-0.000107605
-0.000219484
-0.000100748
-0.00018222
-4.83645e-05
-0.000146917
-6.44122e-05
-4.00323e-05
4.24429e-05
-3.99566e-05
4.89532e-05
-3.93471e-05
5.24718e-05
-3.77647e-05
5.17559e-05
-3.42099e-05
4.89026e-05
-2.82399e-05
4.92716e-05
-2.1326e-05
5.83981e-05
-1.66711e-05
7.7505e-05
-1.7688e-05
0.00010273
-2.9795e-05
0.000132524
-6.31569e-05
0.000173177
-0.000110962
0.000173281
-0.000138253
-2.24027e-05
-0.000122906
-0.00029001
-0.000101265
-0.000289521
-8.53575e-05
-0.000235392
-7.38715e-05
-0.000193706
-4.78243e-05
-0.000172964
-0.000112237
-3.34086e-05
4.23187e-05
-3.24764e-05
4.80211e-05
-3.09821e-05
5.09775e-05
-2.87105e-05
4.94844e-05
-2.49149e-05
4.51071e-05
-1.93375e-05
4.36942e-05
-1.34782e-05
5.25388e-05
-1.0639e-05
7.46659e-05
-1.45296e-05
0.00010662
-2.87546e-05
0.000146749
-5.78766e-05
0.000202299
-9.84618e-05
0.000213867
-0.000143611
2.27464e-05
-0.000157147
-0.000276473
-0.000123296
-0.000323372
-8.44348e-05
-0.000274253
-4.90435e-05
-0.000229097
-2.29092e-05
-0.000199098
-0.000135146
-2.7764e-05
4.1674e-05
-2.62497e-05
4.65068e-05
-2.41086e-05
4.88364e-05
-2.12889e-05
4.66648e-05
-1.72661e-05
4.10843e-05
-1.18578e-05
3.82859e-05
-6.30413e-06
4.69851e-05
-3.00978e-06
7.13716e-05
-5.25226e-06
0.000108863
-1.59804e-05
0.000157477
-3.32373e-05
0.000219556
-5.61394e-05
0.000236769
-9.65645e-05
6.31715e-05
-0.00014948
-0.000223558
-0.000158883
-0.000313969
-0.000113856
-0.00031928
-5.92533e-05
-0.0002837
-1.51386e-05
-0.000243213
-0.000150284
-2.30036e-05
4.06806e-05
-2.1096e-05
4.45994e-05
-1.84972e-05
4.62377e-05
-1.52464e-05
4.34141e-05
-1.09579e-05
3.67959e-05
-5.50381e-06
3.28318e-05
4.82876e-07
4.09984e-05
5.62177e-06
6.62326e-05
7.97581e-06
0.000106509
5.01735e-06
0.000160435
-2.41496e-06
0.000226988
-1.37411e-05
0.000248095
-4.89636e-05
9.8394e-05
-0.000121643
-0.000150879
-0.000148231
-0.000287381
-0.000130026
-0.000337485
-8.79149e-05
-0.000325811
-2.61313e-05
-0.000304996
-0.000176416
-1.90152e-05
3.94445e-05
-1.68566e-05
4.24409e-05
-1.39606e-05
4.33418e-05
-1.03503e-05
3.98039e-05
-5.70895e-06
3.21546e-05
1.25938e-07
2.69969e-05
7.16456e-06
3.39598e-05
1.47947e-05
5.86025e-05
2.10934e-05
0.00010021
2.47562e-05
0.000156772
2.72216e-05
0.000224523
2.26329e-05
0.000252683
-4.76758e-06
0.000125794
-6.28486e-05
-9.27979e-05
-0.000101727
-0.000248503
-0.000100442
-0.00033877
-7.09643e-05
-0.000355289
-3.57316e-05
-0.000340229
-0.000212147
-1.57403e-05
3.80717e-05
-1.34937e-05
4.01944e-05
-1.05174e-05
4.03655e-05
-6.71714e-06
3.60037e-05
-1.69463e-06
2.71321e-05
4.98413e-06
2.03181e-05
1.33143e-05
2.56296e-05
2.3535e-05
4.83817e-05
3.36082e-05
9.01368e-05
4.25533e-05
0.000147827
5.2948e-05
0.000214128
5.95292e-05
0.000246102
4.13383e-05
0.000143985
3.12526e-06
-5.45848e-05
-2.77452e-05
-0.000217632
-2.62927e-05
-0.000340222
-3.70514e-06
-0.000377876
-1.81484e-05
-0.000325786
-0.000230296
-1.31479e-05
3.67073e-05
-1.10393e-05
3.80858e-05
-8.31265e-06
3.76389e-05
-4.60708e-06
3.22981e-05
9.93395e-07
2.15316e-05
8.58162e-06
1.27299e-05
1.77815e-05
1.64298e-05
2.92117e-05
3.69513e-05
4.17468e-05
7.76016e-05
5.34473e-05
0.000136126
6.75155e-05
0.00020006
8.02757e-05
0.000233342
7.02623e-05
0.000153999
4.27855e-05
-2.7108e-05
2.54854e-05
-0.000200332
2.08718e-05
-0.000335609
3.05819e-05
-0.000387586
1.15147e-05
-0.000306719
-0.000218781
-1.10478e-05
3.54721e-05
-9.2662e-06
3.63043e-05
-7.10671e-06
3.54794e-05
-3.94818e-06
2.91396e-05
1.84889e-06
1.57345e-05
1.04048e-05
4.17389e-06
1.89915e-05
7.84294e-06
2.88112e-05
2.71316e-05
4.14252e-05
6.49875e-05
5.36243e-05
0.000123927
6.78807e-05
0.000185804
8.41745e-05
0.000217048
8.33254e-05
0.000154848
6.4706e-05
-8.48866e-06
4.79759e-05
-0.000183602
2.11214e-05
-0.000308754
1.75916e-05
-0.000384056
2.48654e-05
-0.000313992
-0.000193915
-9.13268e-06
3.44384e-05
-7.73881e-06
3.49103e-05
-6.23622e-06
3.39768e-05
-4.04877e-06
2.69521e-05
1.26444e-06
1.04212e-05
9.65607e-06
-4.21783e-06
1.67946e-05
7.04358e-07
2.23994e-05
2.15267e-05
3.17292e-05
5.56577e-05
4.32152e-05
0.000112441
5.6838e-05
0.000172181
7.47461e-05
0.00019914
8.12245e-05
0.000148369
7.06053e-05
2.1306e-06
4.82647e-05
-0.000161261
1.35807e-05
-0.00027407
-1.14926e-05
-0.000358983
2.06144e-05
-0.000346099
-0.000173301
-7.02173e-06
3.35777e-05
-5.89087e-06
3.37794e-05
-4.79614e-06
3.2882e-05
-3.77927e-06
2.59352e-05
-7.34317e-07
7.37618e-06
4.87061e-06
-9.82285e-06
9.50131e-06
-3.92643e-06
1.10369e-05
1.99909e-05
1.55845e-05
5.11101e-05
2.62754e-05
0.00010175
4.07907e-05
0.000157665
6.01656e-05
0.000179765
7.5982e-05
0.000132553
7.35298e-05
4.58272e-06
4.64635e-05
-0.000134195
2.52081e-05
-0.000252815
-2.78471e-06
-0.00033099
1.70633e-05
-0.000365947
-0.000156238
-4.53501e-06
3.2785e-05
-3.5708e-06
3.28151e-05
-2.82842e-06
3.21395e-05
-3.88031e-06
2.6987e-05
-6.45997e-06
9.95581e-06
-6.97732e-06
-9.30557e-06
-4.50422e-06
-6.39957e-06
-3.34112e-06
1.88278e-05
-1.73783e-06
4.95068e-05
8.5659e-06
9.14464e-05
2.6544e-05
0.000139687
5.00238e-05
0.000156285
7.48342e-05
0.000107743
7.81886e-05
1.22834e-06
5.76117e-05
-0.000113618
5.17152e-05
-0.000246918
2.41605e-05
-0.000303436
1.40997e-05
-0.000355887
-0.000142138
-1.89114e-06
3.19041e-05
-9.67892e-07
3.18918e-05
-2.93687e-07
3.14652e-05
-2.32565e-06
2.90189e-05
-9.87094e-06
1.7501e-05
-1.79199e-05
-1.25663e-06
-1.84275e-05
-5.89212e-06
-1.58123e-05
1.62125e-05
-1.46582e-05
4.83526e-05
-5.11727e-06
8.19055e-05
1.68632e-05
0.000117707
4.5344e-05
0.000127804
7.53286e-05
7.7758e-05
8.58787e-05
-9.3217e-06
7.93151e-05
-0.000107054
7.653e-05
-0.000244133
5.51462e-05
-0.000282052
1.74815e-05
-0.000318222
-0.000124657
3.42478e-07
3.07696e-05
1.47283e-06
3.07614e-05
2.39726e-06
3.05408e-05
1.46366e-06
2.99525e-05
-6.02112e-06
2.49858e-05
-1.97218e-05
1.24441e-05
-2.81439e-05
2.52993e-06
-2.57592e-05
1.38279e-05
-2.12159e-05
4.38093e-05
-1.24608e-05
7.31504e-05
9.44995e-06
9.5796e-05
4.01832e-05
9.70711e-05
7.1318e-05
4.66232e-05
8.988e-05
-2.78837e-05
9.89379e-05
-0.000116112
9.32887e-05
-0.000238484
7.49196e-05
-0.000263683
2.60748e-05
-0.000269377
-9.85817e-05
1.51341e-06
2.93635e-05
2.9672e-06
2.93076e-05
4.29026e-06
2.92177e-05
5.07291e-06
2.91699e-05
1.92317e-06
2.81356e-05
-9.58381e-06
2.39512e-05
-2.39061e-05
1.68523e-05
-2.84323e-05
1.83542e-05
-2.24286e-05
3.78055e-05
-1.2805e-05
6.35267e-05
6.8528e-06
7.61382e-05
3.95341e-05
6.43898e-05
7.1237e-05
1.49204e-05
9.41323e-05
-5.07789e-05
0.000108724
-0.000130704
0.000100202
-0.000229962
8.1033e-05
-0.000244513
3.12154e-05
-0.000219559
-6.73663e-05
1.439e-06
2.78516e-05
3.10044e-06
2.76462e-05
4.74363e-06
2.75746e-05
6.67849e-06
2.72351e-05
7.63848e-06
2.71757e-05
3.67947e-06
2.79103e-05
-4.6636e-06
2.51954e-05
-1.13803e-05
2.5071e-05
-9.03808e-06
3.54633e-05
2.38287e-06
5.21058e-05
2.41629e-05
5.43582e-05
5.68046e-05
3.17482e-05
8.59539e-05
-1.42287e-05
0.00010241
-6.72348e-05
0.000110234
-0.000138528
9.43145e-05
-0.000214042
6.88237e-05
-0.000219023
2.53872e-05
-0.000176123
-4.19791e-05
5.71981e-07
2.64697e-05
2.18137e-06
2.60369e-05
3.93401e-06
2.5822e-05
6.15117e-06
2.5018e-05
8.73611e-06
2.45908e-05
1.07711e-05
2.58754e-05
1.20529e-05
2.39137e-05
1.39299e-05
2.31941e-05
1.97006e-05
2.96926e-05
3.43645e-05
3.74419e-05
5.74623e-05
3.12605e-05
8.25724e-05
6.63819e-06
0.000101104
-3.27605e-05
0.00010565
-7.17805e-05
0.000107391
-0.000140268
8.60595e-05
-0.000192711
5.98545e-05
-0.000192818
2.00262e-05
-0.000136295
-2.19529e-05
-3.25676e-07
2.52967e-05
1.00408e-06
2.47072e-05
2.60158e-06
2.42246e-05
4.58316e-06
2.30365e-05
7.0506e-06
2.21234e-05
1.10372e-05
2.18889e-05
1.68537e-05
1.80972e-05
2.47498e-05
1.52981e-05
3.59019e-05
1.85406e-05
5.23483e-05
2.09956e-05
7.12763e-05
1.23326e-05
8.8337e-05
-1.04224e-05
9.84578e-05
-4.28812e-05
9.79588e-05
-7.12814e-05
0.000100009
-0.000142319
8.33274e-05
-0.000176029
5.79465e-05
-0.000167437
1.89023e-05
-9.72504e-05
-3.05059e-06
-9.93326e-07
2.44026e-05
3.36073e-08
2.36803e-05
1.36254e-06
2.28957e-05
2.93231e-06
2.14668e-05
5.03219e-06
2.00237e-05
8.41837e-06
1.85028e-05
1.32009e-05
1.33148e-05
1.99307e-05
8.56832e-06
2.94525e-05
9.01887e-06
4.2578e-05
7.87014e-06
5.86748e-05
-3.76406e-06
7.53608e-05
-2.71083e-05
8.675e-05
-5.42703e-05
9.00183e-05
-7.45497e-05
9.25789e-05
-0.000144879
8.06803e-05
-0.000164131
5.47941e-05
-0.00014155
1.77201e-05
-6.01764e-05
1.46696e-05
-1.39604e-06
2.37655e-05
-6.6595e-07
2.29503e-05
3.28318e-07
2.19016e-05
1.46945e-06
2.03258e-05
3.27845e-06
1.82147e-05
5.70017e-06
1.60812e-05
8.52323e-06
1.04918e-05
1.26571e-05
4.43444e-06
1.92606e-05
2.41542e-06
3.06649e-05
-3.5341e-06
4.60439e-05
-1.9143e-05
6.11001e-05
-4.21646e-05
7.11073e-05
-6.42775e-05
7.89629e-05
-8.24053e-05
7.54816e-05
-0.000141398
7.27576e-05
-0.000161407
4.99829e-05
-0.000118776
1.45371e-05
-2.47305e-05
2.92066e-05
-1.59431e-06
2.33989e-05
-1.15169e-06
2.25077e-05
-5.09994e-07
2.12599e-05
2.67592e-07
1.95483e-05
1.56659e-06
1.69158e-05
3.52187e-06
1.41259e-05
5.48132e-06
8.53235e-06
8.30562e-06
1.61016e-06
1.41929e-05
-3.47182e-06
2.38259e-05
-1.31672e-05
3.44401e-05
-2.97572e-05
4.28819e-05
-5.06063e-05
5.00797e-05
-7.14753e-05
5.94335e-05
-9.17591e-05
5.21597e-05
-0.000134124
5.80969e-05
-0.000167344
4.14363e-05
-0.000102115
1.45937e-05
2.11213e-06
4.38003e-05
-1.42504e-06
2.32325e-05
-1.19559e-06
2.22782e-05
-8.052e-07
2.08695e-05
-2.18985e-07
1.89621e-05
6.59517e-07
1.60373e-05
2.27426e-06
1.25112e-05
4.02311e-06
6.78352e-06
6.29212e-06
-6.58844e-07
1.06074e-05
-7.78712e-06
1.59351e-05
-1.84949e-05
2.05406e-05
-3.43626e-05
2.4024e-05
-5.40898e-05
2.76434e-05
-7.50947e-05
3.29967e-05
-9.71124e-05
2.76893e-05
-0.000128817
2.80901e-05
-0.000167745
2.11321e-05
-9.5157e-05
1.37466e-05
9.49763e-06
5.7547e-05
-5.76486e-07
-4.63294e-07
-2.48666e-07
8.73551e-08
5.76044e-07
1.37567e-06
2.18807e-06
3.17111e-06
4.57243e-06
5.98016e-06
7.07951e-06
7.76147e-06
8.29505e-06
9.27446e-06
4.98692e-06
1.05011e-07
-1.06947e-05
7.16738e-06
)
;

boundaryField
{
    leftWall
    {
        type            calculated;
        value           uniform 0;
    }
    rightWall
    {
        type            calculated;
        value           uniform 0;
    }
    lowerWall
    {
        type            calculated;
        value           uniform 0;
    }
    atmosphere
    {
        type            calculated;
        value           nonuniform List<scalar> 
46
(
1.86638e-05
1.73596e-05
1.77442e-05
1.74788e-05
1.76564e-05
1.77142e-05
1.78859e-05
1.80911e-05
1.83395e-05
1.86239e-05
1.89417e-05
1.92867e-05
1.96493e-05
2.00222e-05
2.0397e-05
2.07673e-05
2.1121e-05
2.14437e-05
2.1725e-05
2.19483e-05
2.2099e-05
2.2157e-05
2.21072e-05
1.03826e-05
1.03118e-05
1.02194e-05
1.01018e-05
2.31763e-05
2.21651e-05
2.06549e-05
1.86261e-05
1.55486e-05
1.17115e-05
5.97112e-06
-1.64186e-06
-9.18846e-06
-1.99026e-05
-3.5462e-05
-5.47718e-05
-7.56283e-05
-9.80918e-05
-0.000124529
-0.000162863
-8.43573e-05
-8.36438e-06
6.47143e-05
)
;
    }
    defaultFaces
    {
        type            empty;
    }
}


// ************************************************************************* //
