/*--------------------------------*- C++ -*----------------------------------*\
  =========                 |
  \\      /  F ield         | OpenFOAM: The Open Source CFD Toolbox
   \\    /   O peration     | Website:  https://openfoam.org
    \\  /    A nd           | Version:  13
     \\/     M anipulation  |
\*---------------------------------------------------------------------------*/
FoamFile
{
    format      ascii;
    class       volVectorField;
    location    "0.55";
    object      U;
}
// * * * * * * * * * * * * * * * * * * * * * * * * * * * * * * * * * * * * * //

dimensions      [0 1 -1 0 0 0 0];

internalField   nonuniform List<vector> 
2268
(
(-0.0257132 0.00936329 0)
(-0.0582516 0.00644765 0)
(-0.06607 -0.00160028 0)
(-0.0440703 -0.00693351 0)
(-0.00511016 -0.010964 0)
(0.0473434 -0.0130783 0)
(0.102376 -0.0125332 0)
(0.151114 -0.00986473 0)
(0.186754 -0.00643847 0)
(0.207806 -0.00331194 0)
(0.216595 -0.000744333 0)
(0.215807 0.00165328 0)
(0.206534 0.0039418 0)
(0.190245 0.00626015 0)
(0.166678 0.00924164 0)
(0.133306 0.0135206 0)
(0.0846748 0.0186047 0)
(0.0178888 0.019942 0)
(-0.0559153 0.00644459 0)
(-0.0802044 0.00910534 0)
(-0.192026 0.0227115 0)
(-0.238469 -0.00835631 0)
(-0.0889754 -0.052943 0)
(-0.0361054 0.0289937 0)
(-0.0575551 0.0151955 0)
(-0.0593146 -0.00666027 0)
(-0.0374185 -0.0213123 0)
(-0.000483317 -0.0328179 0)
(0.0506059 -0.0392938 0)
(0.105247 -0.0377895 0)
(0.153623 -0.0298425 0)
(0.188563 -0.0196324 0)
(0.209006 -0.0103901 0)
(0.217817 -0.00309801 0)
(0.219061 0.00260722 0)
(0.216478 0.0073106 0)
(0.211285 0.0116357 0)
(0.204186 0.0168002 0)
(0.1952 0.0244914 0)
(0.179439 0.0359116 0)
(0.146697 0.0485383 0)
(0.0705548 0.0472391 0)
(-0.0123392 0.0479523 0)
(-0.158636 0.0466547 0)
(-0.154212 -0.0225779 0)
(-0.042407 -0.127248 0)
(-0.0316809 0.047887 0)
(-0.043149 0.0209678 0)
(-0.0454562 -0.0121345 0)
(-0.0272382 -0.0338905 0)
(0.00340739 -0.052348 0)
(0.0509091 -0.0643786 0)
(0.104626 -0.0625414 0)
(0.152557 -0.0491632 0)
(0.186282 -0.0319794 0)
(0.205067 -0.01675 0)
(0.212623 -0.00518479 0)
(0.212886 0.0030861 0)
(0.208487 0.00911853 0)
(0.201175 0.0140135 0)
(0.192546 0.0191418 0)
(0.1851 0.0267711 0)
(0.18118 0.0399266 0)
(0.183946 0.0609798 0)
(0.163632 0.0784937 0)
(0.11789 0.0958272 0)
(0.00208375 0.0860688 0)
(-0.0543762 -0.038013 0)
(0.0196198 -0.159697 0)
(-0.0226928 0.0616762 0)
(-0.0242789 0.0248495 0)
(-0.0240642 -0.0163511 0)
(-0.0115707 -0.0432129 0)
(0.0128651 -0.0692404 0)
(0.0552977 -0.0885972 0)
(0.105125 -0.0872487 0)
(0.150095 -0.0681792 0)
(0.181442 -0.0435782 0)
(0.198392 -0.0224037 0)
(0.204953 -0.00692209 0)
(0.205212 0.00409632 0)
(0.201596 0.0120405 0)
(0.195455 0.0181404 0)
(0.187808 0.023657 0)
(0.180087 0.0303536 0)
(0.174091 0.0403261 0)
(0.178398 0.0588763 0)
(0.190247 0.0846724 0)
(0.200793 0.117604 0)
(0.160649 0.122957 0)
(0.115249 -0.0104537 0)
(0.0824026 -0.133821 0)
(-0.0114887 0.0683136 0)
(0.00247301 0.0233545 0)
(0.00850516 -0.0199979 0)
(0.0219908 -0.0512906 0)
(0.0472533 -0.0849543 0)
(0.0829574 -0.110583 0)
(0.120396 -0.109358 0)
(0.153563 -0.0850654 0)
(0.176802 -0.0537668 0)
(0.189553 -0.027169 0)
(0.195012 -0.00825054 0)
(0.195964 0.00479142 0)
(0.193894 0.0140347 0)
(0.189868 0.0209811 0)
(0.184812 0.02691 0)
(0.179715 0.0333738 0)
(0.175581 0.0414554 0)
(0.176229 0.0545114 0)
(0.188434 0.0751115 0)
(0.221468 0.109493 0)
(0.243009 0.128958 0)
(0.212575 0.0283521 0)
(0.135059 -0.075755 0)
(0.000919813 0.0652164 0)
(0.0384625 0.0172793 0)
(0.0597058 -0.0268249 0)
(0.088399 -0.0599368 0)
(0.122766 -0.0974092 0)
(0.147456 -0.124554 0)
(0.160912 -0.122024 0)
(0.171397 -0.0942664 0)
(0.178877 -0.0596458 0)
(0.18258 -0.030579 0)
(0.184592 -0.00960295 0)
(0.185936 0.00442936 0)
(0.18594 0.0146894 0)
(0.184471 0.0222858 0)
(0.182115 0.0284659 0)
(0.179732 0.0347677 0)
(0.178633 0.042004 0)
(0.18107 0.0520631 0)
(0.189181 0.0654009 0)
(0.213895 0.0896109 0)
(0.258877 0.114879 0)
(0.247389 0.0638646 0)
(0.161057 0.0136122 0)
(0.0155129 0.0485861 0)
(0.0787611 -0.00363015 0)
(0.132976 -0.0421992 0)
(0.191714 -0.0716447 0)
(0.232555 -0.104984 0)
(0.235389 -0.126014 0)
(0.216559 -0.120416 0)
(0.20098 -0.0915661 0)
(0.191345 -0.0571316 0)
(0.184293 -0.0298529 0)
(0.179801 -0.0103946 0)
(0.178439 0.00502434 0)
(0.179022 0.0164244 0)
(0.179559 0.0242864 0)
(0.179911 0.0298952 0)
(0.180214 0.0351043 0)
(0.181574 0.0402932 0)
(0.186623 0.0479118 0)
(0.196077 0.0582647 0)
(0.209946 0.0732912 0)
(0.248095 0.0994668 0)
(0.255324 0.0886192 0)
(0.195232 0.0900138 0)
(0.0290031 0.0196395 0)
(0.120931 -0.0338482 0)
(0.223477 -0.0760132 0)
(0.30882 -0.103249 0)
(0.33306 -0.117547 0)
(0.299982 -0.119483 0)
(0.252771 -0.108674 0)
(0.222398 -0.082234 0)
(0.205642 -0.0493254 0)
(0.194917 -0.0232974 0)
(0.188137 -0.00745172 0)
(0.183465 0.00316329 0)
(0.179897 0.0117122 0)
(0.177757 0.0193506 0)
(0.177645 0.0270422 0)
(0.179111 0.0348487 0)
(0.182787 0.0407596 0)
(0.190893 0.0464599 0)
(0.204106 0.0546262 0)
(0.218028 0.0640109 0)
(0.240845 0.0890013 0)
(0.263409 0.117904 0)
(0.183855 0.245125 0)
(0.118249 -0.0988909 0)
(0.540529 -0.186593 0)
(1.20484 -0.156105 0)
(1.77181 -0.124653 0)
(1.93237 -0.184887 0)
(2.04437 0.0464778 0)
(-1.06439 0.352711 0)
(-2.14419 -0.0324932 0)
(-2.66531 -0.159067 0)
(-2.53055 -0.10851 0)
(-2.36618 -0.0656721 0)
(-2.21397 -0.0197842 0)
(-2.08393 0.0237033 0)
(-1.98261 0.0490446 0)
(-1.89139 0.0463207 0)
(-1.73438 0.0215932 0)
(-1.3595 -0.0426646 0)
(-0.718888 -0.14253 0)
(-0.0744743 -0.0669824 0)
(-0.0596961 -0.190684 0)
(0.0979378 -0.225122 0)
(0.328609 -0.546919 0)
(1.14887 -0.0231578 0)
(2.18422 0.209356 0)
(-0.411008 1.04615 0)
(-3.02415 1.1 0)
(-3.67333 0.442077 0)
(-4.02704 0.16509 0)
(-3.70206 -0.0903074 0)
(-3.56221 -0.112851 0)
(-3.20915 -0.123209 0)
(-2.94861 -0.138861 0)
(-2.68773 -0.165004 0)
(-2.42278 -0.202049 0)
(-2.08486 -0.244633 0)
(-1.55413 -0.344482 0)
(-0.806811 -0.513537 0)
(-0.150451 -0.225143 0)
(-0.205281 -0.0830258 0)
(-0.121117 -0.407569 0)
(0.0626375 -0.827326 0)
(0.312509 -0.472283 0)
(1.50184 0.322085 0)
(-1.64756 1.94952 0)
(-3.60184 1.81566 0)
(-3.22754 0.711917 0)
(-2.61362 0.194743 0)
(-3.69659 -0.158456 0)
(-4.39766 -0.138755 0)
(-4.8361 -0.172838 0)
(-4.73253 -0.182484 0)
(-4.25547 -0.235043 0)
(-3.68984 -0.324481 0)
(-2.99901 -0.430297 0)
(-1.98911 -0.676365 0)
(-0.882875 -0.97771 0)
(-0.18705 -0.437989 0)
(-0.197523 -0.0332261 0)
(-0.0274115 -0.468339 0)
(0.121934 -0.830911 0)
(-0.0803848 -0.253013 0)
(1.96829 0.616559 0)
(-1.6463 2.7354 0)
(-1.01825 2.21667 0)
(-1.83565 0.650012 0)
(-1.87649 0.354553 0)
(-3.05782 0.362329 0)
(-3.75677 0.21653 0)
(-4.31353 -0.0358704 0)
(-4.41821 -0.296541 0)
(-4.14113 -0.499604 0)
(-3.74594 -0.613209 0)
(-3.25378 -0.663967 0)
(-2.12011 -1.0346 0)
(-0.863911 -1.46402 0)
(-0.141381 -0.684658 0)
(-0.115473 0.0124172 0)
(0.129098 -0.503661 0)
(0.232593 -0.808077 0)
(-0.0535842 -0.71177 0)
(2.29762 0.644515 0)
(-1.32288 3.35433 0)
(0.837953 2.65192 0)
(-1.44663 0.712116 0)
(-1.87961 0.609147 0)
(-2.79117 0.660899 0)
(-3.4593 0.494788 0)
(-3.94799 0.191776 0)
(-4.00809 -0.254202 0)
(-3.61319 -0.688634 0)
(-3.01113 -0.901298 0)
(-2.46904 -0.908262 0)
(-1.62986 -1.30976 0)
(-0.786103 -1.86367 0)
(-0.0512622 -0.922007 0)
(0.00881348 -4.52268e-05 0)
(0.280599 -0.572632 0)
(0.350495 -0.79661 0)
(0.14504 -0.881135 0)
(1.20001 0.235143 0)
(-0.802049 3.77376 0)
(0.90077 2.89327 0)
(-1.35053 1.13278 0)
(-2.06004 0.981316 0)
(-2.94752 0.952149 0)
(-3.72936 0.72398 0)
(-4.28049 0.302652 0)
(-4.33096 -0.335367 0)
(-3.75902 -0.983624 0)
(-2.76225 -1.2557 0)
(-1.8208 -1.12435 0)
(-1.15233 -1.5488 0)
(-0.688942 -2.12747 0)
(0.0328368 -1.14124 0)
(0.204856 -0.132168 0)
(0.436683 -0.637491 0)
(0.440919 -0.788474 0)
(0.284084 -0.893422 0)
(0.816533 0.223342 0)
(-0.240046 3.98082 0)
(0.694331 2.9825 0)
(-1.13824 1.65881 0)
(-2.18084 1.43044 0)
(-3.15849 1.31651 0)
(-4.03158 1.02242 0)
(-4.61889 0.444779 0)
(-4.6606 -0.457506 0)
(-4.04555 -1.40288 0)
(-2.92108 -1.82764 0)
(-1.53005 -1.55018 0)
(-0.636481 -1.68658 0)
(-0.554578 -2.26954 0)
(0.0923839 -1.3346 0)
(0.453684 -0.346779 0)
(0.56129 -0.672827 0)
(0.486317 -0.762304 0)
(0.333507 -0.880535 0)
(0.664412 0.28542 0)
(0.226705 4.08413 0)
(0.711984 3.05892 0)
(-0.952422 2.22574 0)
(-2.20307 1.91385 0)
(-3.1783 1.7006 0)
(-3.99867 1.30281 0)
(-4.4827 0.55694 0)
(-4.43203 -0.579167 0)
(-3.87471 -1.82246 0)
(-3.04257 -2.52273 0)
(-1.59945 -2.3013 0)
(-0.00168035 -1.74476 0)
(-0.382197 -2.28405 0)
(0.12348 -1.47143 0)
(0.0444653 -0.0503137 0)
(0.188861 -0.131937 0)
(0.319016 -0.169252 0)
(0.354765 -0.152464 0)
(0.315527 -0.117469 0)
(0.249049 -0.094313 0)
(0.198825 -0.0863758 0)
(0.175906 -0.0742203 0)
(0.17314 -0.0509214 0)
(0.17979 -0.0239204 0)
(0.187979 -0.000632958 0)
(0.195118 0.0168099 0)
(0.199078 0.0301848 0)
(0.198372 0.036072 0)
(0.194843 0.0337516 0)
(0.189877 0.0307446 0)
(0.187778 0.026696 0)
(0.194262 0.0277452 0)
(0.209023 0.0367245 0)
(0.233214 0.0462468 0)
(0.264382 0.0616953 0)
(0.347005 0.0726432 0)
(0.440267 0.203548 0)
(0.0786969 -0.176849 0)
(0.229748 -0.316569 0)
(0.255857 -0.214667 0)
(0.0160543 -0.0425417 0)
(-0.033661 -0.00557893 0)
(-0.0353002 -0.0229094 0)
(-0.0511077 -0.0439984 0)
(-0.0640225 -0.0539337 0)
(-0.0393167 -0.0540702 0)
(0.00713399 -0.0465061 0)
(0.0541975 -0.0342388 0)
(0.119176 -0.0175594 0)
(0.181535 -0.00425984 0)
(0.210146 0.0108442 0)
(0.216507 0.0291403 0)
(0.207064 0.0478821 0)
(0.197596 0.0446172 0)
(0.203549 0.0325504 0)
(0.217618 0.026207 0)
(0.236135 0.0196556 0)
(0.266111 0.015663 0)
(0.306963 0.0056256 0)
(0.38695 -0.00758563 0)
(0.0358605 -0.394082 0)
(-0.0229664 -0.311188 0)
(-0.222828 0.0827853 0)
(-0.359106 0.137523 0)
(-0.344774 -0.0347535 0)
(-0.429463 -0.0494576 0)
(-0.555022 -0.0278975 0)
(-0.658804 -0.0498316 0)
(-0.738116 -0.0840716 0)
(-0.786117 -0.103864 0)
(-0.73118 -0.139076 0)
(-0.507954 -0.137147 0)
(-0.209311 -0.0531141 0)
(-0.0265645 0.00770321 0)
(0.0460434 0.0330481 0)
(0.108068 0.04731 0)
(0.172785 0.0254668 0)
(0.231599 0.00766872 0)
(0.248557 0.0105348 0)
(0.249013 -0.00374012 0)
(0.267805 -0.0304483 0)
(0.302804 -0.0490457 0)
(0.350139 -0.0621155 0)
(-0.102311 -0.208381 0)
(-0.202141 -0.000790882 0)
(-0.247901 0.163893 0)
(-0.216564 0.0784972 0)
(-0.097722 0.0113204 0)
(-0.17145 0.113881 0)
(-0.190957 0.137832 0)
(-0.19221 0.0806212 0)
(-0.234507 0.0156696 0)
(-0.293372 -0.0636771 0)
(-0.428481 -0.206637 0)
(-0.637583 -0.418856 0)
(-0.831005 -0.403206 0)
(-0.905397 -0.196185 0)
(-0.769021 -0.103837 0)
(-0.496942 -0.0828001 0)
(-0.307153 -0.0910608 0)
(-0.0783606 -0.0321046 0)
(0.040918 0.0121461 0)
(0.128952 -0.00193204 0)
(0.224516 -0.0274166 0)
(0.29354 -0.0482465 0)
(0.328988 -0.0820242 0)
(-0.121028 -0.0866902 0)
(-0.119658 -0.123226 0)
(-0.0950164 0.0194911 0)
(-0.00324712 0.00023494 0)
(-0.0363894 -0.00793932 0)
(-0.0479898 0.0562124 0)
(-0.0106495 0.0649253 0)
(0.0146844 0.0448194 0)
(0.0283968 0.0513863 0)
(0.0444237 0.076186 0)
(0.0404504 0.135905 0)
(-0.0604392 0.141018 0)
(-0.269305 -0.0305025 0)
(-0.42462 -0.169487 0)
(-0.457347 -0.244641 0)
(-0.461613 -0.407875 0)
(-0.500165 -0.340968 0)
(-0.519824 -0.300625 0)
(-0.524613 -0.206327 0)
(-0.422903 -0.240309 0)
(-0.180686 -0.215238 0)
(-0.0324523 -0.153676 0)
(0.0624328 -0.142343 0)
(-0.0514963 -0.00136727 0)
(-0.0429377 -0.0533573 0)
(-0.0601387 0.0281609 0)
(-0.0321911 0.022573 0)
(-0.0538928 0.0254421 0)
(-0.0500163 0.0488436 0)
(-0.0347565 0.0481166 0)
(-0.0363939 0.0264898 0)
(-0.0401304 -0.0129243 0)
(-0.0303035 -0.0598489 0)
(0.00877329 -0.0835982 0)
(0.0776328 -0.0382034 0)
(0.132527 0.0541011 0)
(0.0534135 0.102583 0)
(-0.0534836 -0.0424469 0)
(-0.0696292 -0.187488 0)
(-0.117382 -0.18674 0)
(-0.108336 -0.120765 0)
(-0.0850073 -0.0969323 0)
(-0.120314 -0.229354 0)
(-0.192609 -0.364528 0)
(-0.231116 -0.250964 0)
(-0.264827 -0.172062 0)
(-0.0340615 0.0223049 0)
(-0.0365869 -0.0657642 0)
(-0.0449274 -0.00175452 0)
(-0.027108 0.0135575 0)
(-0.0353481 0.0266329 0)
(-0.0317451 0.0438776 0)
(-0.0212077 0.0512195 0)
(-0.0128521 0.0464439 0)
(-0.0139131 0.0322587 0)
(-0.0249501 0.00768136 0)
(-0.037153 -0.0142492 0)
(-0.0366929 -0.0305812 0)
(0.000425809 -0.0174021 0)
(0.070816 0.0265551 0)
(0.0698609 -0.102876 0)
(0.0426558 -0.233534 0)
(-0.010561 -0.228049 0)
(0.000386011 -0.187662 0)
(0.0473737 -0.170742 0)
(0.088846 -0.177221 0)
(0.0954746 -0.191677 0)
(0.114873 -0.191069 0)
(0.238193 -0.00684298 0)
(-0.0241041 0.0560883 0)
(-0.0276865 -0.0528741 0)
(-0.0322258 0.00356033 0)
(-0.0267917 0.0169544 0)
(-0.0277273 0.0237255 0)
(-0.0223625 0.0322613 0)
(-0.0154083 0.0371012 0)
(-0.0108056 0.0317539 0)
(-0.0111095 0.0129242 0)
(-0.0159057 -0.0144939 0)
(-0.0259799 -0.0413627 0)
(-0.036019 -0.0506781 0)
(-0.0369089 -0.0330259 0)
(0.0138411 0.0032213 0)
(0.0486416 -0.0484151 0)
(0.0370612 -0.158061 0)
(-0.00550046 -0.195414 0)
(-0.0163841 -0.215004 0)
(-0.0121676 -0.243559 0)
(-0.00640192 -0.254734 0)
(0.0224787 -0.265507 0)
(0.0597477 -0.320975 0)
(0.181929 -0.287764 0)
(-0.0175273 0.078384 0)
(-0.021687 -0.0486236 0)
(-0.0244192 -0.00375616 0)
(-0.0204618 0.0157136 0)
(-0.0204789 0.0226675 0)
(-0.0163725 0.0281104 0)
(-0.00971693 0.0330524 0)
(-0.0022628 0.034033 0)
(0.00184043 0.0269355 0)
(-0.00183916 0.0090056 0)
(-0.0114418 -0.0170472 0)
(-0.0218381 -0.0423082 0)
(-0.0264589 -0.0588529 0)
(-0.0055405 -0.0609624 0)
(0.0325534 -0.102384 0)
(0.0275187 -0.15032 0)
(0.000911788 -0.167928 0)
(-0.0131932 -0.178929 0)
(-0.0272564 -0.204325 0)
(-0.0359918 -0.235377 0)
(-0.0004267 -0.280205 0)
(0.0199362 -0.362524 0)
(0.0561082 -0.390257 0)
(-0.011834 0.095666 0)
(-0.0156556 -0.0441216 0)
(-0.0188375 -0.00425569 0)
(-0.0168595 0.0151795 0)
(-0.0163062 0.0200939 0)
(-0.0133388 0.0226803 0)
(-0.00813023 0.0251386 0)
(-0.00100911 0.0252118 0)
(0.00582797 0.0191803 0)
(0.00944753 0.00553305 0)
(0.00798311 -0.0126731 0)
(0.00344099 -0.0328607 0)
(-0.00205458 -0.0513195 0)
(0.00115543 -0.0673305 0)
(0.00859254 -0.0962724 0)
(-0.00201873 -0.132045 0)
(-0.0236297 -0.154778 0)
(-0.0385758 -0.176844 0)
(-0.0556758 -0.208738 0)
(-0.0633943 -0.253479 0)
(-0.0547547 -0.305993 0)
(-0.0602557 -0.365128 0)
(-0.0736221 -0.407174 0)
(-0.007492 0.107403 0)
(-0.0114588 -0.0405322 0)
(-0.0145171 -0.0042742 0)
(-0.013945 0.0150837 0)
(-0.0137296 0.0187426 0)
(-0.0119539 0.0194252 0)
(-0.00855193 0.0196981 0)
(-0.00325711 0.0185054 0)
(0.00291831 0.0136359 0)
(0.00753604 0.00334166 0)
(0.00869288 -0.0121013 0)
(0.00629739 -0.0300845 0)
(0.00127769 -0.0488073 0)
(-0.00339935 -0.0663406 0)
(-0.00938978 -0.0898201 0)
(-0.0234058 -0.11398 0)
(-0.0426841 -0.133388 0)
(-0.0600666 -0.154867 0)
(-0.0792294 -0.188361 0)
(-0.0980294 -0.23493 0)
(-0.122413 -0.290418 0)
(-0.153682 -0.348859 0)
(-0.189492 -0.391751 0)
(-0.00448743 0.115209 0)
(-0.00850079 -0.0370181 0)
(-0.0115702 -0.00342809 0)
(-0.0121005 0.0155543 0)
(-0.012534 0.0182437 0)
(-0.0119663 0.0176494 0)
(-0.0104007 0.0164136 0)
(-0.00771161 0.0138777 0)
(-0.00429411 0.00882862 0)
(-0.00148924 0.000213526 0)
(-0.00109148 -0.0119533 0)
(-0.00411126 -0.0265861 0)
(-0.0102509 -0.0422281 0)
(-0.0184761 -0.0581444 0)
(-0.0291351 -0.0767306 0)
(-0.0447357 -0.0967771 0)
(-0.0624457 -0.116001 0)
(-0.0809852 -0.137334 0)
(-0.102758 -0.165742 0)
(-0.131601 -0.203549 0)
(-0.173259 -0.25135 0)
(-0.226044 -0.303617 0)
(-0.284219 -0.342433 0)
(-0.00255347 0.120712 0)
(-0.0064865 -0.033539 0)
(-0.00968493 -0.00174161 0)
(-0.0111553 0.0166466 0)
(-0.0122419 0.0186303 0)
(-0.0127636 0.0173442 0)
(-0.0127952 0.0153962 0)
(-0.0123898 0.0122372 0)
(-0.0118097 0.00723789 0)
(-0.011827 -0.000112468 0)
(-0.0135728 -0.00987265 0)
(-0.0179483 -0.0214466 0)
(-0.0250957 -0.0341458 0)
(-0.0346221 -0.0477786 0)
(-0.0466888 -0.0629654 0)
(-0.062033 -0.0796537 0)
(-0.0804777 -0.0967535 0)
(-0.10161 -0.115299 0)
(-0.126723 -0.13705 0)
(-0.159836 -0.163843 0)
(-0.207311 -0.197886 0)
(-0.273265 -0.235639 0)
(-0.357121 -0.265161 0)
(-0.00146454 0.124594 0)
(-0.0052519 -0.0301349 0)
(-0.00862057 0.000542188 0)
(-0.010834 0.0184233 0)
(-0.0125701 0.0198683 0)
(-0.0140097 0.0181936 0)
(-0.0152725 0.0160175 0)
(-0.0165367 0.0128836 0)
(-0.0180683 0.00829291 0)
(-0.0203411 0.00206802 0)
(-0.0239897 -0.0057568 0)
(-0.0295968 -0.0149418 0)
(-0.0374234 -0.025222 0)
(-0.0474798 -0.0365002 0)
(-0.0600812 -0.0488626 0)
(-0.0758431 -0.0620815 0)
(-0.0951403 -0.0759067 0)
(-0.118342 -0.0906159 0)
(-0.146066 -0.10644 0)
(-0.180328 -0.123492 0)
(-0.225651 -0.141579 0)
(-0.288572 -0.158487 0)
(-0.373591 -0.167339 0)
(-0.000965346 0.12763 0)
(-0.00461432 -0.0267127 0)
(-0.00817292 0.00339102 0)
(-0.0109321 0.0207657 0)
(-0.0132789 0.0218484 0)
(-0.0154947 0.0200053 0)
(-0.0176935 0.0178674 0)
(-0.0200899 0.0150257 0)
(-0.0229799 0.0110844 0)
(-0.0266912 0.00594188 0)
(-0.0316035 -0.000339293 0)
(-0.0380914 -0.007643 0)
(-0.0464438 -0.0158227 0)
(-0.0569047 -0.0247606 0)
(-0.0698732 -0.0343172 0)
(-0.0857488 -0.0442187 0)
(-0.10501 -0.0542067 0)
(-0.128303 -0.0643938 0)
(-0.156422 -0.0748039 0)
(-0.190541 -0.084577 0)
(-0.232211 -0.0916323 0)
(-0.284114 -0.0933719 0)
(-0.349789 -0.0863951 0)
(-0.000794262 0.130331 0)
(-0.00433308 -0.0232085 0)
(-0.00815913 0.00669582 0)
(-0.0113306 0.0235891 0)
(-0.0141507 0.0244415 0)
(-0.01698 0.0225956 0)
(-0.0199345 0.0206378 0)
(-0.0231751 0.0181795 0)
(-0.0269578 0.0149257 0)
(-0.0315563 0.010806 0)
(-0.0372524 0.0058618 0)
(-0.0443408 0.000195958 0)
(-0.0531054 -0.00606156 0)
(-0.0638376 -0.0127854 0)
(-0.0768801 -0.0197641 0)
(-0.0925475 -0.026688 0)
(-0.111189 -0.0332364 0)
(-0.133248 -0.0392139 0)
(-0.159423 -0.0443845 0)
(-0.190806 -0.0479811 0)
(-0.228127 -0.0481864 0)
(-0.271172 -0.0417712 0)
(-0.319139 -0.0237583 0)
(-0.000773969 0.132914 0)
(-0.00426659 -0.0195776 0)
(-0.00838901 0.0103198 0)
(-0.0118495 0.026806 0)
(-0.0150529 0.0275253 0)
(-0.0183625 0.025791 0)
(-0.0218975 0.0240866 0)
(-0.0257735 0.0220684 0)
(-0.030187 0.0194806 0)
(-0.0353798 0.0163031 0)
(-0.0415845 0.0125809 0)
(-0.0490398 0.00840267 0)
(-0.0580156 0.00389 0)
(-0.0687623 -0.000799477 0)
(-0.0815752 -0.00543434 0)
(-0.0967111 -0.00971769 0)
(-0.114464 -0.0132879 0)
(-0.135169 -0.0158535 0)
(-0.159219 -0.0170111 0)
(-0.187157 -0.0159234 0)
(-0.219403 -0.0111575 0)
(-0.255715 -0.000807132 0)
(-0.294393 0.0181236 0)
(-0.000794816 0.135496 0)
(-0.00429578 -0.0157705 0)
(-0.00872748 0.0142256 0)
(-0.0123843 0.0303176 0)
(-0.0158831 0.0309749 0)
(-0.0195428 0.0294361 0)
(-0.0234955 0.0280559 0)
(-0.0278265 0.0265097 0)
(-0.032688 0.0245695 0)
(-0.0382592 0.0222524 0)
(-0.0447488 0.0196251 0)
(-0.0523661 0.0167677 0)
(-0.0613197 0.0137988 0)
(-0.0718089 0.010905 0)
(-0.0840856 0.00831044 0)
(-0.0983184 0.00631516 0)
(-0.114719 0.00527901 0)
(-0.1335 0.00555855 0)
(-0.154866 0.0075708 0)
(-0.179052 0.0120683 0)
(-0.206064 0.0202344 0)
(-0.235463 0.0335337 0)
(-0.266022 0.0541098 0)
(-0.000797081 0.138111 0)
(-0.00434246 -0.011758 0)
(-0.00908244 0.0183475 0)
(-0.0128612 0.034035 0)
(-0.0165748 0.0346873 0)
(-0.0204678 0.0333931 0)
(-0.0246847 0.0323737 0)
(-0.0292985 0.031292 0)
(-0.0344268 0.0299847 0)
(-0.0402018 0.0284558 0)
(-0.0467964 0.026787 0)
(-0.0543786 0.0250777 0)
(-0.0631029 0.0234525 0)
(-0.0731304 0.0220877 0)
(-0.0846649 0.0211949 0)
(-0.0978094 0.0210738 0)
(-0.112687 0.0220528 0)
(-0.129417 0.0245086 0)
(-0.148072 0.0288083 0)
(-0.168697 0.0355737 0)
(-0.191163 0.0456859 0)
(-0.214924 0.0601376 0)
(-0.238854 0.0803861 0)
(-0.000746953 0.140733 0)
(-0.00436832 -0.0075291 0)
(-0.00939427 0.0226338 0)
(-0.0132197 0.0378892 0)
(-0.0170751 0.0385739 0)
(-0.0211057 0.0375602 0)
(-0.0254769 0.0369025 0)
(-0.0302222 0.0362689 0)
(-0.0354508 0.0355274 0)
(-0.0412779 0.0347051 0)
(-0.0478136 0.0338807 0)
(-0.0551985 0.0331621 0)
(-0.0635495 0.0326796 0)
(-0.0729875 0.0325861 0)
(-0.0836539 0.0330852 0)
(-0.0956118 0.0344627 0)
(-0.108908 0.0370134 0)
(-0.123586 0.0410816 0)
(-0.139627 0.0469867 0)
(-0.156955 0.0552178 0)
(-0.175306 0.0664673 0)
(-0.194135 0.0814502 0)
(-0.2126 0.101061 0)
(-0.000629166 0.143318 0)
(-0.00434701 -0.00309265 0)
(-0.00961268 0.0270353 0)
(-0.0134264 0.0418227 0)
(-0.0173502 0.0425533 0)
(-0.0214426 0.0418317 0)
(-0.0258692 0.0415226 0)
(-0.0306485 0.0413131 0)
(-0.0358555 0.041074 0)
(-0.0415872 0.0408724 0)
(-0.0479401 0.0407766 0)
(-0.0550075 0.0408949 0)
(-0.0628801 0.0413563 0)
(-0.0716414 0.0423028 0)
(-0.0813713 0.0439157 0)
(-0.0921079 0.0464488 0)
(-0.103847 0.050169 0)
(-0.116552 0.0553693 0)
(-0.130145 0.0623181 0)
(-0.144487 0.0713693 0)
(-0.159264 0.0830858 0)
(-0.173971 0.0979534 0)
(-0.187919 0.116545 0)
(-0.0004541 0.145803 0)
(-0.00427001 0.00151297 0)
(-0.00969754 0.0314898 0)
(-0.013451 0.0457761 0)
(-0.0173888 0.0465591 0)
(-0.0214722 0.046114 0)
(-0.0258781 0.0461276 0)
(-0.0306002 0.0462941 0)
(-0.0356942 0.0465142 0)
(-0.0412402 0.046843 0)
(-0.0473147 0.0473653 0)
(-0.0539795 0.0481793 0)
(-0.0612985 0.0494072 0)
(-0.0693275 0.0511815 0)
(-0.0781022 0.053659 0)
(-0.0876257 0.0570503 0)
(-0.0978651 0.0615988 0)
(-0.108738 0.0675423 0)
(-0.120135 0.0750875 0)
(-0.131868 0.0844872 0)
(-0.143594 0.0961686 0)
(-0.154845 0.110486 0)
(-0.16508 0.127824 0)
(-0.000243629 0.148131 0)
(-0.00412021 0.00622951 0)
(-0.0096161 0.035941 0)
(-0.0132666 0.0497013 0)
(-0.0171801 0.0505388 0)
(-0.0212035 0.0503538 0)
(-0.0255211 0.0506591 0)
(-0.0301118 0.0511583 0)
(-0.035023 0.0517692 0)
(-0.0403147 0.0525433 0)
(-0.0460463 0.0535728 0)
(-0.0522588 0.0549554 0)
(-0.0589876 0.0567912 0)
(-0.066264 0.0592042 0)
(-0.0740942 0.0623277 0)
(-0.0824558 0.0663306 0)
(-0.0913024 0.0714206 0)
(-0.10052 0.0777918 0)
(-0.109961 0.0855949 0)
(-0.119436 0.0950037 0)
(-0.12861 0.106307 0)
(-0.137025 0.119781 0)
(-0.144257 0.135701 0)
(-3.03061e-05 0.150263 0)
(-0.00388324 0.010971 0)
(-0.00935411 0.0403205 0)
(-0.0128615 0.0535579 0)
(-0.0167084 0.0544437 0)
(-0.0206202 0.0544965 0)
(-0.0247994 0.0550576 0)
(-0.02921 0.0558431 0)
(-0.0338942 0.0567818 0)
(-0.0388913 0.0579239 0)
(-0.0442356 0.059362 0)
(-0.049967 0.0611903 0)
(-0.0560987 0.0634936 0)
(-0.0626335 0.0663834 0)
(-0.0695624 0.0699716 0)
(-0.0768388 0.0743794 0)
(-0.0844094 0.0797833 0)
(-0.0921552 0.086347 0)
(-0.0999034 0.0941604 0)
(-0.107479 0.10332 0)
(-0.114567 0.114009 0)
(-0.120701 0.126459 0)
(-0.125563 0.14089 0)
(0.000165691 0.152148 0)
(-0.00354353 0.0156349 0)
(-0.00891869 0.0445599 0)
(-0.0122343 0.0573081 0)
(-0.0159796 0.0582309 0)
(-0.0197374 0.0584897 0)
(-0.023732 0.059266 0)
(-0.0279179 0.0602908 0)
(-0.0323385 0.0615004 0)
(-0.0370114 0.0629474 0)
(-0.041954 0.0647117 0)
(-0.0472005 0.0668756 0)
(-0.0527442 0.0695281 0)
(-0.0585651 0.0727578 0)
(-0.0646593 0.0766575 0)
(-0.0709587 0.0813119 0)
(-0.0773877 0.0868547 0)
(-0.0838544 0.0934232 0)
(-0.0901738 0.101077 0)
(-0.0961791 0.109828 0)
(-0.101597 0.119766 0)
(-0.10597 0.131102 0)
(-0.109043 0.144048 0)
(0.000357477 0.15374 0)
(-0.00307945 0.0201434 0)
(-0.00834202 0.0486091 0)
(-0.0114067 0.0609136 0)
(-0.015016 0.0618593 0)
(-0.0185714 0.0622953 0)
(-0.0223413 0.0632574 0)
(-0.0262643 0.0644767 0)
(-0.030385 0.065905 0)
(-0.034709 0.0675971 0)
(-0.0392429 0.0696137 0)
(-0.0440021 0.0720307 0)
(-0.0489731 0.0749352 0)
(-0.0541279 0.0783889 0)
(-0.0594571 0.0824627 0)
(-0.0648877 0.0872418 0)
(-0.0703297 0.0928089 0)
(-0.0756948 0.0992618 0)
(-0.0808239 0.106638 0)
(-0.0855814 0.114891 0)
(-0.0897138 0.12403 0)
(-0.0927806 0.134223 0)
(-0.094581 0.145742 0)
(0.000599765 0.154956 0)
(-0.00246842 0.0244671 0)
(-0.00767949 0.05243 0)
(-0.0104186 0.0643315 0)
(-0.0138582 0.0652808 0)
(-0.0171609 0.0658674 0)
(-0.0206681 0.0669839 0)
(-0.0242922 0.0683663 0)
(-0.0280707 0.069971 0)
(-0.0320134 0.0718527 0)
(-0.0361185 0.0740649 0)
(-0.0403816 0.0766778 0)
(-0.0447926 0.0797405 0)
(-0.0493267 0.0833267 0)
(-0.0539459 0.0874876 0)
(-0.0585821 0.0922997 0)
(-0.0631599 0.0978054 0)
(-0.0676095 0.104063 0)
(-0.0717767 0.111108 0)
(-0.075527 0.118847 0)
(-0.0786926 0.127208 0)
(-0.0808825 0.136294 0)
(-0.0818815 0.14648 0)
(0.000999237 0.15569 0)
(-0.00168872 0.0286279 0)
(-0.00699882 0.056008 0)
(-0.00932276 0.06753 0)
(-0.012569 0.0684491 0)
(-0.0155724 0.0691661 0)
(-0.0187771 0.0704002 0)
(-0.0220633 0.071913 0)
(-0.0254662 0.0736583 0)
(-0.0289879 0.0756852 0)
(-0.0326203 0.0780382 0)
(-0.0363769 0.0807753 0)
(-0.0402268 0.0839424 0)
(-0.0441271 0.0876016 0)
(-0.0480578 0.0917966 0)
(-0.0519573 0.0965728 0)
(-0.0557655 0.101955 0)
(-0.0593913 0.107985 0)
(-0.0627228 0.114698 0)
(-0.0656672 0.121953 0)
(-0.0681056 0.129615 0)
(-0.0696971 0.137718 0)
(-0.0702295 0.146718 0)
(0.00162731 0.155646 0)
(-0.000765783 0.0328585 0)
(-0.00633445 0.0593662 0)
(-0.00817267 0.0704586 0)
(-0.0112356 0.0713224 0)
(-0.0139013 0.0721473 0)
(-0.0167873 0.073472 0)
(-0.0197025 0.0750793 0)
(-0.0226941 0.0769267 0)
(-0.0257649 0.0790478 0)
(-0.0289088 0.0814907 0)
(-0.0321139 0.0842935 0)
(-0.0353592 0.0875288 0)
(-0.0386135 0.0912201 0)
(-0.0418505 0.0953922 0)
(-0.0450195 0.100082 0)
(-0.0480576 0.105319 0)
(-0.0508833 0.111118 0)
(-0.0534359 0.117489 0)
(-0.0556177 0.124326 0)
(-0.057365 0.131425 0)
(-0.0584527 0.138735 0)
(-0.0586569 0.146724 0)
(0.00239155 0.154688 0)
(0.000185313 0.0372444 0)
(-0.00569899 0.062567 0)
(-0.0070418 0.0730978 0)
(-0.00995464 0.073893 0)
(-0.0122704 0.0748097 0)
(-0.0148403 0.0761991 0)
(-0.017387 0.0778549 0)
(-0.0199796 0.0797556 0)
(-0.0225989 0.0819212 0)
(-0.0252387 0.0844111 0)
(-0.0278813 0.0872506 0)
(-0.0305037 0.0904834 0)
(-0.0331041 0.0941493 0)
(-0.035643 0.0982432 0)
(-0.0380521 0.102818 0)
(-0.0402954 0.107894 0)
(-0.0422997 0.113448 0)
(-0.0439968 0.119485 0)
(-0.0453337 0.125931 0)
(-0.0462953 0.132578 0)
(-0.0467248 0.139296 0)
(-0.0464207 0.146484 0)
(0.00321947 0.152839 0)
(0.0011156 0.0417222 0)
(-0.0051537 0.0656919 0)
(-0.00600239 0.075507 0)
(-0.00883562 0.0761844 0)
(-0.0108266 0.0771907 0)
(-0.0131426 0.0786006 0)
(-0.0153724 0.0802631 0)
(-0.0176036 0.0821623 0)
(-0.0198141 0.0843316 0)
(-0.0219935 0.0868133 0)
(-0.024139 0.089632 0)
(-0.0262002 0.092811 0)
(-0.0281876 0.0963802 0)
(-0.0300579 0.100357 0)
(-0.0317147 0.104764 0)
(-0.0331698 0.109615 0)
(-0.0343411 0.114885 0)
(-0.0351637 0.120581 0)
(-0.0355651 0.126619 0)
(-0.035531 0.132854 0)
(-0.0350268 0.139123 0)
(-0.0338168 0.145669 0)
(0.00418868 0.149987 0)
(0.00207214 0.0464487 0)
(-0.00472153 0.0688137 0)
(-0.00512386 0.0776818 0)
(-0.00801049 0.0782437 0)
(-0.00971153 0.0793375 0)
(-0.0118695 0.0807234 0)
(-0.0138713 0.0823608 0)
(-0.0158422 0.0842186 0)
(-0.0177498 0.0863421 0)
(-0.019591 0.0887644 0)
(-0.0213549 0.0915 0)
(-0.022994 0.0945804 0)
(-0.0244985 0.0980053 0)
(-0.0258299 0.101809 0)
(-0.0268933 0.105978 0)
(-0.0276835 0.110526 0)
(-0.0281137 0.115451 0)
(-0.0281152 0.120721 0)
(-0.0276156 0.126298 0)
(-0.0265478 0.132059 0)
(-0.0249829 0.137844 0)
(-0.0225626 0.143817 0)
(0.00529037 0.146094 0)
(0.0029635 0.0514854 0)
(-0.00440036 0.0720194 0)
(-0.00442701 0.0796719 0)
(-0.00748048 0.0801694 0)
(-0.00898317 0.0813222 0)
(-0.0111079 0.0826704 0)
(-0.0129831 0.0842459 0)
(-0.0148203 0.086038 0)
(-0.016565 0.0880839 0)
(-0.0182266 0.0904077 0)
(-0.0197855 0.0930323 0)
(-0.0211851 0.0959699 0)
(-0.022416 0.0992137 0)
(-0.0234351 0.102779 0)
(-0.0241382 0.106664 0)
(-0.0244996 0.110827 0)
(-0.0244533 0.115317 0)
(-0.0239056 0.120074 0)
(-0.0227552 0.125064 0)
(-0.0209275 0.130204 0)
(-0.0184852 0.135335 0)
(-0.0149553 0.140665 0)
(0.0064029 0.141177 0)
(0.00370433 0.0569471 0)
(-0.00411834 0.075403 0)
(-0.00387511 0.0816452 0)
(-0.00720736 0.0821023 0)
(-0.00856962 0.0832724 0)
(-0.0107537 0.0845673 0)
(-0.0126022 0.0860641 0)
(-0.0144094 0.0877741 0)
(-0.0161264 0.0897277 0)
(-0.0177479 0.0919389 0)
(-0.019253 0.0944307 0)
(-0.0206018 0.0971995 0)
(-0.0217657 0.100233 0)
(-0.0226873 0.103521 0)
(-0.0233141 0.107073 0)
(-0.0235679 0.110829 0)
(-0.0233462 0.114822 0)
(-0.0226125 0.118985 0)
(-0.0212372 0.1233 0)
(-0.0191318 0.127676 0)
(-0.0163116 0.132 0)
(-0.0122149 0.136508 0)
(0.00733963 0.135513 0)
(0.0041976 0.0628257 0)
(-0.00384368 0.0790215 0)
(-0.00340766 0.0837889 0)
(-0.00704632 0.0842373 0)
(-0.00829269 0.0853875 0)
(-0.0105747 0.0865963 0)
(-0.0124366 0.0880251 0)
(-0.0142686 0.0896543 0)
(-0.0160185 0.0915157 0)
(-0.0176806 0.0936226 0)
(-0.0192284 0.0959733 0)
(-0.0206219 0.0985657 0)
(-0.0218475 0.101377 0)
(-0.0228319 0.104384 0)
(-0.023524 0.107572 0)
(-0.0238661 0.110936 0)
(-0.0237723 0.114434 0)
(-0.0231667 0.117991 0)
(-0.0219293 0.1216 0)
(-0.0200021 0.125179 0)
(-0.0173401 0.128616 0)
(-0.0133787 0.132164 0)
(0.00794493 0.129378 0)
(0.00441743 0.0688446 0)
(-0.00352016 0.0826485 0)
(-0.00293422 0.0859637 0)
(-0.006823 0.0864475 0)
(-0.00794505 0.087528 0)
(-0.010285 0.0886463 0)
(-0.0121271 0.0900188 0)
(-0.0139789 0.0915727 0)
(-0.0157488 0.0933484 0)
(-0.0174422 0.095351 0)
(-0.0190321 0.0975775 0)
(-0.0204819 0.10001 0)
(-0.0217736 0.102614 0)
(-0.02285 0.105374 0)
(-0.0236555 0.108242 0)
(-0.0241507 0.111222 0)
(-0.0242759 0.114253 0)
(-0.0239392 0.11728 0)
(-0.0230163 0.120251 0)
(-0.0214915 0.123086 0)
(-0.0193295 0.125655 0)
(-0.0159728 0.128283 0)
(0.00817388 0.122814 0)
(0.00439686 0.0746962 0)
(-0.00316194 0.0859797 0)
(-0.00246066 0.0878923 0)
(-0.0064035 0.0884952 0)
(-0.00737175 0.0894199 0)
(-0.0096766 0.0905094 0)
(-0.0114354 0.0917884 0)
(-0.0132487 0.0932951 0)
(-0.0149655 0.095026 0)
(-0.016609 0.0969534 0)
(-0.0181644 0.0990744 0)
(-0.0196019 0.101368 0)
(-0.02089 0.103789 0)
(-0.0219907 0.1063 0)
(-0.0228683 0.108879 0)
(-0.0234833 0.111521 0)
(-0.0237815 0.114174 0)
(-0.0236747 0.116755 0)
(-0.0230806 0.1192 0)
(-0.0220032 0.121375 0)
(-0.0203543 0.123233 0)
(-0.0177076 0.125012 0)
(0.00784188 0.116142 0)
(0.00407269 0.080171 0)
(-0.00270935 0.088864 0)
(-0.0019594 0.0895889 0)
(-0.00570308 0.0903256 0)
(-0.00648059 0.0910981 0)
(-0.00862304 0.0921193 0)
(-0.010234 0.0933461 0)
(-0.011845 0.0948096 0)
(-0.0134074 0.0964661 0)
(-0.0149292 0.0983026 0)
(-0.0163755 0.100321 0)
(-0.017722 0.102487 0)
(-0.018952 0.104765 0)
(-0.0200142 0.107104 0)
(-0.0208606 0.109466 0)
(-0.0214768 0.111826 0)
(-0.0218574 0.114119 0)
(-0.0219231 0.116312 0)
(-0.0216258 0.118287 0)
(-0.0209025 0.119948 0)
(-0.0197626 0.12122 0)
(-0.0178018 0.122296 0)
(0.00677458 0.110495 0)
(0.0033858 0.0853855 0)
(-0.0021145 0.0916463 0)
(-0.00140961 0.091491 0)
(-0.0046457 0.0923068 0)
(-0.00525819 0.0929529 0)
(-0.0070847 0.0938923 0)
(-0.00840032 0.0950959 0)
(-0.00978602 0.0964911 0)
(-0.0111206 0.0980591 0)
(-0.0123935 0.0998087 0)
(-0.0136148 0.101737 0)
(-0.0147635 0.103795 0)
(-0.0158087 0.105947 0)
(-0.0167428 0.10815 0)
(-0.0175403 0.110347 0)
(-0.0181877 0.112482 0)
(-0.0186142 0.114488 0)
(-0.0187945 0.116344 0)
(-0.0187261 0.117912 0)
(-0.0183455 0.119174 0)
(-0.0176695 0.119949 0)
(-0.0163615 0.120463 0)
(0.0052549 0.106087 0)
(0.00264561 0.0894623 0)
(-0.00141284 0.0937087 0)
(-0.000821017 0.0929484 0)
(-0.00330502 0.0938103 0)
(-0.00371356 0.0942926 0)
(-0.00509249 0.0952545 0)
(-0.00605754 0.0963751 0)
(-0.00710944 0.0977448 0)
(-0.00810823 0.0993048 0)
(-0.00905787 0.101018 0)
(-0.00998629 0.102876 0)
(-0.0108809 0.104876 0)
(-0.0117139 0.106944 0)
(-0.012476 0.109019 0)
(-0.0131538 0.111068 0)
(-0.0137441 0.113055 0)
(-0.01419 0.114912 0)
(-0.0145087 0.116547 0)
(-0.0146529 0.117891 0)
(-0.0145839 0.118871 0)
(-0.0143796 0.119342 0)
(-0.0137864 0.119415 0)
(0.00352932 0.103196 0)
(0.0018466 0.0924174 0)
(-0.000735966 0.0952429 0)
(-0.000301685 0.0941518 0)
(-0.00190949 0.0950081 0)
(-0.00208432 0.0954336 0)
(-0.00295403 0.0963611 0)
(-0.00354486 0.0974825 0)
(-0.00416533 0.0988212 0)
(-0.00481794 0.100389 0)
(-0.00544482 0.102132 0)
(-0.00602422 0.103986 0)
(-0.00659328 0.105942 0)
(-0.00717837 0.107968 0)
(-0.00774702 0.110032 0)
(-0.00825325 0.112054 0)
(-0.00872835 0.113966 0)
(-0.00914714 0.11577 0)
(-0.00950441 0.117314 0)
(-0.00977308 0.118603 0)
(-0.00996718 0.119445 0)
(-0.0101017 0.1198 0)
(-0.010047 0.11969 0)
(0.00140582 0.100695 0)
(0.00075885 0.0936564 0)
(-0.000123061 0.0957321 0)
(3.33615e-05 0.0943004 0)
(-0.000544892 0.0952586 0)
(-0.000558844 0.0955713 0)
(-0.000868364 0.0964969 0)
(-0.0010492 0.0976045 0)
(-0.00126225 0.0989442 0)
(-0.00143605 0.100479 0)
(-0.00164531 0.102193 0)
(-0.00187758 0.104055 0)
(-0.00209067 0.106012 0)
(-0.00227539 0.108023 0)
(-0.00246933 0.110045 0)
(-0.002706 0.112044 0)
(-0.00290691 0.113952 0)
(-0.00309218 0.115693 0)
(-0.00328023 0.11721 0)
(-0.0034635 0.118415 0)
(-0.00364168 0.119228 0)
(-0.00374649 0.119541 0)
(-0.00380446 0.119272 0)
(0.553464 0.18435 0)
(0.565878 0.132266 0)
(0.563021 0.0596642 0)
(0.603199 0.0195632 0)
(0.468049 -0.0748169 0)
(0.515966 -0.139804 0)
(0.55419 -0.199197 0)
(0.592638 -0.254828 0)
(0.387708 -0.084391 0)
(0.408915 -0.111345 0)
(0.422509 -0.15172 0)
(0.43162 -0.198643 0)
(0.349504 -0.119341 0)
(0.35994 -0.152431 0)
(0.366404 -0.188861 0)
(0.372424 -0.219726 0)
(0.0956893 -0.147774 0)
(0.0852534 -0.164388 0)
(0.0666715 -0.196525 0)
(0.07535 -0.2121 0)
(-0.448846 -0.108216 0)
(-0.584104 -0.118389 0)
(-0.627652 -0.264382 0)
(-0.571437 -0.424291 0)
(0.302659 0.200533 0)
(0.265886 0.273866 0)
(0.277821 0.0520153 0)
(0.0936189 -0.281796 0)
(0.338117 -0.177082 0)
(0.472927 -0.0299097 0)
(0.59789 0.126011 0)
(0.595347 0.327047 0)
(0.116767 -0.369476 0)
(0.176693 -0.305991 0)
(0.248317 -0.166618 0)
(0.366882 0.119629 0)
(-0.0686133 -0.395193 0)
(-0.0561281 -0.316302 0)
(-0.0672205 -0.199851 0)
(-0.00772661 -0.036367 0)
(-0.220889 -0.388364 0)
(-0.233932 -0.305684 0)
(-0.239506 -0.191393 0)
(-0.211493 -0.0919763 0)
(-0.334964 -0.344104 0)
(-0.357468 -0.295051 0)
(-0.363899 -0.223721 0)
(-0.345859 -0.164993 0)
(-0.426779 -0.268119 0)
(-0.466846 -0.244357 0)
(-0.495252 -0.210848 0)
(-0.515974 -0.178894 0)
(-0.446703 -0.158711 0)
(-0.492795 -0.136199 0)
(-0.536863 -0.104044 0)
(-0.580441 -0.0669212 0)
(-0.406893 -0.0719842 0)
(-0.445112 -0.0562158 0)
(-0.481582 -0.0363827 0)
(-0.515756 -0.011861 0)
(-0.357301 0.000421539 0)
(-0.383145 0.0212452 0)
(-0.410291 0.0435526 0)
(-0.438071 0.0664071 0)
(-0.322985 0.040483 0)
(-0.340759 0.0601722 0)
(-0.3582 0.0819543 0)
(-0.375496 0.104929 0)
(-0.288294 0.0758981 0)
(-0.301846 0.0942895 0)
(-0.314747 0.114747 0)
(-0.326775 0.136195 0)
(-0.255758 0.100654 0)
(-0.265725 0.117505 0)
(-0.275035 0.136454 0)
(-0.283453 0.156659 0)
(-0.225332 0.119733 0)
(-0.232625 0.134859 0)
(-0.239226 0.151862 0)
(-0.244836 0.170174 0)
(-0.197217 0.133612 0)
(-0.202348 0.147121 0)
(-0.206839 0.162192 0)
(-0.210351 0.178457 0)
(-0.171585 0.143299 0)
(-0.174954 0.155302 0)
(-0.17777 0.168513 0)
(-0.179697 0.18268 0)
(-0.148553 0.149622 0)
(-0.150536 0.160267 0)
(-0.15204 0.171805 0)
(-0.152773 0.183982 0)
(-0.128171 0.153321 0)
(-0.129106 0.16276 0)
(-0.129627 0.172837 0)
(-0.129488 0.183207 0)
(-0.110417 0.155094 0)
(-0.110604 0.163453 0)
(-0.110427 0.172232 0)
(-0.10966 0.180953 0)
(-0.0951304 0.155526 0)
(-0.0948279 0.162899 0)
(-0.094187 0.170474 0)
(-0.0929928 0.177649 0)
(-0.0819573 0.155132 0)
(-0.0813861 0.161599 0)
(-0.0805047 0.168032 0)
(-0.0791 0.173762 0)
(-0.0701028 0.154362 0)
(-0.0694372 0.159992 0)
(-0.0684901 0.165344 0)
(-0.0670751 0.169776 0)
(-0.0584523 0.153497 0)
(-0.0577736 0.158379 0)
(-0.0568637 0.162763 0)
(-0.0555785 0.16609 0)
(-0.046031 0.152548 0)
(-0.0452813 0.156831 0)
(-0.0443651 0.160454 0)
(-0.0431897 0.162932 0)
(-0.0329144 0.151168 0)
(-0.0318796 0.155007 0)
(-0.0307304 0.158114 0)
(-0.0294364 0.160035 0)
(-0.0208072 0.148835 0)
(-0.0192686 0.152315 0)
(-0.0176317 0.15508 0)
(-0.0158496 0.156675 0)
(-0.0123154 0.145203 0)
(-0.010198 0.148303 0)
(-0.00796657 0.150741 0)
(-0.00556429 0.152113 0)
(-0.00904583 0.140489 0)
(-0.00655687 0.143099 0)
(-0.00388726 0.145063 0)
(-0.00106271 0.146118 0)
(-0.010225 0.135474 0)
(-0.00773315 0.137456 0)
(-0.00500039 0.138795 0)
(-0.00212945 0.139369 0)
(-0.0132267 0.130876 0)
(-0.0109891 0.132176 0)
(-0.00849905 0.132856 0)
(-0.00594116 0.132902 0)
(-0.0155182 0.126939 0)
(-0.0136487 0.127624 0)
(-0.0115465 0.127755 0)
(-0.00940417 0.127365 0)
(-0.0160601 0.123583 0)
(-0.0145574 0.123726 0)
(-0.012887 0.123435 0)
(-0.0112095 0.122705 0)
(-0.0151568 0.121056 0)
(-0.014066 0.120723 0)
(-0.0128741 0.120089 0)
(-0.011691 0.119097 0)
(-0.0131453 0.119379 0)
(-0.0124694 0.118755 0)
(-0.0117297 0.117918 0)
(-0.0109972 0.116778 0)
(-0.00983898 0.119286 0)
(-0.00947944 0.118568 0)
(-0.00913566 0.117635 0)
(-0.00877156 0.116414 0)
(-0.00378441 0.118528 0)
(-0.00369858 0.11772 0)
(-0.00363883 0.116664 0)
(-0.00347572 0.115321 0)
(0.687185 -0.331639 0)
(0.602624 -0.606378 0)
(0.475245 -0.694234 0)
(0.307734 -0.825933 0)
(0.44247 0.233293 0)
(0.572446 4.19731 0)
(0.484137 3.35224 0)
(-0.55836 3.1067 0)
(-1.72684 2.57242 0)
(-2.52872 2.13723 0)
(-3.06094 1.60764 0)
(-3.31628 0.654038 0)
(-3.08769 -0.746724 0)
(-2.59588 -2.22661 0)
(-2.49749 -3.27452 0)
(-1.44012 -3.36455 0)
(0.303557 -2.6509 0)
(-0.120549 -2.08315 0)
(0.133165 -1.54801 0)
(0.60554 -0.396185 0)
(0.50848 -0.525956 0)
(0.386978 -0.596561 0)
(0.209919 -0.75018 0)
(0.242261 -0.466246 0)
(0.790984 4.63913 0)
(-0.0454481 3.46805 0)
(-0.435999 3.75869 0)
(-0.458232 3.30338 0)
(-0.979195 2.56756 0)
(-1.03268 1.74364 0)
(-1.08215 0.480292 0)
(-0.930699 -0.882524 0)
(-0.563709 -2.29519 0)
(-0.92704 -3.61354 0)
(-0.766768 -4.15018 0)
(0.30469 -3.58441 0)
(0.181751 -1.74355 0)
(0.119037 -1.51619 0)
(0.420065 -0.301794 0)
(0.336751 -0.423298 0)
(0.249898 -0.501402 0)
(0.0706513 -0.700332 0)
(-0.0399173 -0.647222 0)
(1.08308 4.73537 0)
(0.538524 4.47558 0)
(-0.241367 3.59153 0)
(0.562267 3.21865 0)
(0.710407 2.63671 0)
(0.993014 1.79442 0)
(1.21217 0.697217 0)
(0.948325 -0.431768 0)
(1.11533 -1.83944 0)
(0.914617 -3.33776 0)
(0.422948 -4.11063 0)
(0.446758 -4.01273 0)
(0.129114 -1.28737 0)
(0.101693 -1.42161 0)
(0.361186 -0.263594 0)
(0.284235 -0.330164 0)
(0.17738 -0.380591 0)
(-0.0239981 -0.583868 0)
(-0.630012 -1.01782 0)
(1.00295 4.07607 0)
(1.21021 4.83166 0)
(1.26119 3.75028 0)
(1.66364 2.77422 0)
(1.98971 2.21924 0)
(2.36632 1.42397 0)
(2.59923 0.340055 0)
(2.28016 -0.549006 0)
(2.23985 -1.75235 0)
(2.17053 -3.10207 0)
(1.59091 -3.69691 0)
(0.500467 -3.52534 0)
(0.120084 -1.0281 0)
(0.0915845 -1.33397 0)
(0.140905 -0.214164 0)
(0.190298 -0.232682 0)
(0.117962 -0.242582 0)
(-0.0707964 -0.3529 0)
(-0.931251 -0.156454 0)
(0.224878 2.88036 0)
(1.43607 4.20846 0)
(2.31147 3.64492 0)
(2.85341 2.56304 0)
(3.10836 1.99003 0)
(3.28931 1.41773 0)
(3.34698 0.744175 0)
(3.09591 -0.160858 0)
(3.05688 -1.52897 0)
(2.83139 -2.85973 0)
(2.2058 -3.18787 0)
(0.659194 -2.42245 0)
(0.14781 -0.902832 0)
(0.0945989 -1.25006 0)
(-0.36603 -0.417801 0)
(-0.0861045 -0.281678 0)
(0.0560556 -0.146669 0)
(-0.0498604 -0.0496033 0)
(-0.623286 -0.188777 0)
(-0.173282 0.446863 0)
(1.80099 2.42455 0)
(3.13834 2.77672 0)
(3.77006 2.263 0)
(3.8779 1.77262 0)
(3.78335 1.36677 0)
(3.67774 0.770483 0)
(3.46241 -0.0190547 0)
(3.4126 -1.28939 0)
(2.90372 -2.31137 0)
(1.9358 -2.28016 0)
(0.672582 -1.30728 0)
(0.198228 -0.786756 0)
(0.112638 -1.14885 0)
(-0.321167 -0.705281 0)
(-0.372128 -0.524363 0)
(-0.118261 -0.243609 0)
(0.129416 0.104645 0)
(-0.0174758 0.144237 0)
(-0.203802 0.0913679 0)
(0.537124 0.779452 0)
(2.5137 1.31792 0)
(3.7415 1.83918 0)
(4.03138 1.81222 0)
(3.89607 1.43644 0)
(3.65266 0.857558 0)
(3.36595 0.028438 0)
(3.13246 -1.1715 0)
(2.36871 -1.60845 0)
(1.06009 -1.12852 0)
(0.352991 -0.479733 0)
(0.283353 -0.678205 0)
(0.155384 -0.997685 0)
(0.260625 -0.0318633 0)
(-0.202931 -0.487322 0)
(-0.436219 -0.484348 0)
(-0.145369 -0.0987315 0)
(0.177204 0.16169 0)
(0.112516 0.243564 0)
(0.00587723 0.298664 0)
(0.195556 0.407651 0)
(1.11851 0.867294 0)
(2.1299 1.31651 0)
(2.72711 1.49951 0)
(2.80056 1.00886 0)
(2.63286 0.133147 0)
(2.33443 -0.666141 0)
(1.97282 -0.725606 0)
(0.868992 -0.333388 0)
(0.514363 -0.232924 0)
(0.448611 -0.519259 0)
(0.226604 -0.757444 0)
(0.379387 0.188939 0)
(0.280333 -0.00244327 0)
(-0.149362 -0.413984 0)
(-0.32074 -0.433354 0)
(-0.102738 -0.0911111 0)
(0.191275 0.220513 0)
(0.22857 0.299137 0)
(0.162476 0.31971 0)
(0.248821 0.412087 0)
(0.59101 0.648014 0)
(1.16698 1.02369 0)
(1.60151 0.857859 0)
(1.86785 0.0919669 0)
(1.79728 -0.244003 0)
(1.09954 0.0194106 0)
(0.769286 0.0101919 0)
(0.743048 -0.168086 0)
(0.645867 -0.34113 0)
(0.293799 -0.418586 0)
(0.107342 0.0573011 0)
(0.202028 0.0421662 0)
(0.0758046 0.0784145 0)
(0.0186767 -0.192525 0)
(-0.463238 -0.277256 0)
(-0.195391 0.0165183 0)
(0.218062 0.26855 0)
(0.335951 0.345893 0)
(0.306387 0.378682 0)
(0.291686 0.45124 0)
(0.529426 0.634024 0)
(0.882309 0.550073 0)
(0.936622 0.298313 0)
(0.827165 0.155282 0)
(0.800444 0.0727595 0)
(0.892039 -0.0393824 0)
(0.913252 -0.12692 0)
(0.698785 -0.101423 0)
(0.278565 -0.0217855 0)
(-0.142857 -0.0305644 0)
(-0.113764 -0.0516027 0)
(-0.0243556 -0.118673 0)
(0.0109359 0.0213828 0)
(-0.106182 -0.0351543 0)
(-0.0282026 -0.435251 0)
(-0.15434 -0.235267 0)
(0.310304 0.231089 0)
(0.382977 0.387542 0)
(0.339425 0.451029 0)
(0.356881 0.485523 0)
(0.461463 0.374586 0)
(0.547165 0.181276 0)
(0.657161 0.00782749 0)
(0.819451 -0.0908884 0)
(0.916167 -0.0838985 0)
(0.774089 0.0567213 0)
(0.402868 0.265026 0)
(0.155736 0.314096 0)
(-0.296875 -0.0980834 0)
(-0.264166 -0.051698 0)
(-0.356558 -0.0459618 0)
(-0.498141 -0.0316595 0)
(-0.610498 -0.0148638 0)
(-1.08486 -0.0117582 0)
(-1.54692 0.0121039 0)
(-1.58845 0.155681 0)
(-1.58964 0.412665 0)
(-1.12231 0.608095 0)
(-0.734556 0.652434 0)
(-0.704132 0.441289 0)
(-0.676868 -0.00430029 0)
(-0.469112 -0.234417 0)
(-0.26606 -0.178128 0)
(-0.128609 -0.0497504 0)
(0.0608974 0.268325 0)
(0.0963027 0.424113 0)
(0.0407355 0.466807 0)
(-0.550333 -0.111847 0)
(-0.609175 0.00356377 0)
(-0.696163 0.123049 0)
(-0.767955 0.219633 0)
(-0.84445 0.311818 0)
(-1.14928 0.379266 0)
(-1.62865 0.29233 0)
(-2.11865 0.016287 0)
(-2.41066 -0.199769 0)
(-1.8059 0.0810362 0)
(-1.34957 0.044809 0)
(-1.08121 -0.136059 0)
(-0.921622 -0.286185 0)
(-0.800102 -0.352846 0)
(-0.602124 -0.331754 0)
(-0.405334 -0.231777 0)
(-0.211474 0.0537814 0)
(-0.0692949 0.39682 0)
(-0.0380332 0.457032 0)
(-0.645465 -0.00809696 0)
(-0.716538 0.0643307 0)
(-0.758076 0.118261 0)
(-0.777601 0.201125 0)
(-0.781891 0.393373 0)
(-0.848257 0.68088 0)
(-1.12023 0.785912 0)
(-1.61809 0.436695 0)
(-1.91462 0.106326 0)
(-1.85765 -0.0572508 0)
(-1.61308 -0.0731563 0)
(-1.54798 0.060878 0)
(-1.26468 -0.321614 0)
(-0.969692 -0.570566 0)
(-0.715546 -0.529176 0)
(-0.467527 -0.429109 0)
(-0.257322 -0.0891344 0)
(-0.115037 0.294873 0)
(-0.0364272 0.36262 0)
(-0.566468 0.0367116 0)
(-0.629425 0.108187 0)
(-0.673681 0.159906 0)
(-0.698921 0.215327 0)
(-0.684503 0.378643 0)
(-0.601527 0.71874 0)
(-0.576934 1.0109 0)
(-0.822297 0.784085 0)
(-1.09072 0.197318 0)
(-1.10088 -0.158546 0)
(-1.06448 -0.274692 0)
(-1.176 -0.187918 0)
(-1.12729 -0.487026 0)
(-0.910152 -0.904579 0)
(-0.644539 -0.866909 0)
(-0.388136 -0.727129 0)
(-0.229754 -0.292948 0)
(-0.0879561 0.169168 0)
(0.0102415 0.293711 0)
(-0.479562 0.103604 0)
(-0.528781 0.152937 0)
(-0.564635 0.191583 0)
(-0.593385 0.230454 0)
(-0.593582 0.335925 0)
(-0.49155 0.594719 0)
(-0.291351 0.92254 0)
(-0.224098 0.93715 0)
(-0.406414 0.447532 0)
(-0.602204 0.0164089 0)
(-0.646239 -0.102642 0)
(-0.695046 -0.167883 0)
(-0.866901 -0.428112 0)
(-0.933371 -0.830889 0)
(-0.54028 -0.986197 0)
(-0.310538 -0.940025 0)
(-0.211421 -0.441956 0)
(-0.112602 0.0830441 0)
(0.0543007 0.266889 0)
(-0.403739 0.141665 0)
(-0.440521 0.187695 0)
(-0.469632 0.219939 0)
(-0.492635 0.246817 0)
(-0.499706 0.304231 0)
(-0.437695 0.453384 0)
(-0.245928 0.693857 0)
(-0.0091392 0.837335 0)
(0.00815607 0.632228 0)
(-0.214152 0.184701 0)
(-0.475069 -0.170879 0)
(-0.508497 -0.16626 0)
(-0.528846 -0.377893 0)
(-0.686259 -0.988814 0)
(-0.344179 -1.05888 0)
(-0.418938 -1.06235 0)
(-0.236552 -0.523637 0)
(-0.165262 -0.0414623 0)
(0.0403194 0.233184 0)
(-0.345313 0.170124 0)
(-0.36981 0.212291 0)
(-0.390613 0.240555 0)
(-0.405045 0.259628 0)
(-0.406653 0.290086 0)
(-0.372989 0.364296 0)
(-0.258855 0.499387 0)
(-0.0477241 0.638316 0)
(0.103605 0.622136 0)
(0.0362943 0.410253 0)
(-0.202127 0.118289 0)
(-0.600981 -0.0266502 0)
(-0.621783 -0.295919 0)
(-0.720611 -1.06333 0)
(-0.43531 -1.27272 0)
(-0.53176 -1.13211 0)
(-0.361267 -0.654845 0)
(-0.218045 -0.127692 0)
(-0.00885242 0.156807 0)
(-0.295678 0.188841 0)
(-0.311007 0.228244 0)
(-0.323511 0.252464 0)
(-0.330285 0.263663 0)
(-0.324297 0.278088 0)
(-0.296906 0.316806 0)
(-0.23579 0.390348 0)
(-0.122987 0.483924 0)
(0.00873164 0.534633 0)
(0.0335726 0.492332 0)
(-0.13888 0.36259 0)
(-0.607206 0.218467 0)
(-0.827665 -0.473222 0)
(-0.592422 -1.25174 0)
(-0.563469 -1.30667 0)
(-0.590975 -1.13815 0)
(-0.555408 -0.813418 0)
(-0.301051 -0.296932 0)
(-0.00979987 -0.0162047 0)
(-0.252017 0.199877 0)
(-0.259877 0.236575 0)
(-0.265072 0.257598 0)
(-0.265835 0.261589 0)
(-0.255203 0.262757 0)
(-0.227501 0.282868 0)
(-0.184506 0.334454 0)
(-0.132545 0.410883 0)
(-0.0781796 0.488138 0)
(-0.052232 0.543284 0)
(-0.157629 0.581621 0)
(-0.478139 0.524119 0)
(-0.60334 -0.151108 0)
(-0.584589 -1.28704 0)
(-0.54274 -1.23026 0)
(-0.533955 -1.02133 0)
(-0.627578 -0.877165 0)
(-0.433297 -0.557236 0)
(-0.0409272 -0.108184 0)
(-0.213679 0.205203 0)
(-0.215557 0.238667 0)
(-0.214471 0.257061 0)
(-0.21001 0.255612 0)
(-0.196192 0.245837 0)
(-0.168644 0.252393 0)
(-0.131846 0.297134 0)
(-0.0999115 0.38132 0)
(-0.090061 0.486689 0)
(-0.103862 0.60359 0)
(-0.209873 0.756501 0)
(-0.486952 0.717909 0)
(-0.699754 -0.251197 0)
(-0.731293 -1.35648 0)
(-0.620108 -1.29668 0)
(-0.482984 -1.05288 0)
(-0.41977 -0.893707 0)
(-0.332616 -0.890191 0)
(-0.157511 -0.53633 0)
(-0.180259 0.206162 0)
(-0.177779 0.235887 0)
(-0.171746 0.251646 0)
(-0.162724 0.246035 0)
(-0.146005 0.227826 0)
(-0.118645 0.22432 0)
(-0.085932 0.266869 0)
(-0.0600997 0.366051 0)
(-0.0593216 0.504143 0)
(-0.0929447 0.674125 0)
(-0.20134 0.912345 0)
(-0.427308 0.92983 0)
(-0.674665 -0.0124654 0)
(-0.883767 -1.42082 0)
(-0.774477 -1.46832 0)
(-0.55262 -1.20081 0)
(-0.341141 -0.980631 0)
(-0.17383 -0.857055 0)
(-0.0399124 -0.627626 0)
(-0.151406 0.204097 0)
(-0.145963 0.229682 0)
(-0.136408 0.242509 0)
(-0.123813 0.233406 0)
(-0.104756 0.208694 0)
(-0.0773178 0.1978 0)
(-0.046253 0.239949 0)
(-0.0202812 0.353113 0)
(-0.012346 0.522664 0)
(-0.0338318 0.739966 0)
(-0.112525 1.03129 0)
(-0.24703 1.09939 0)
(-0.394395 0.186457 0)
(-0.71366 -1.31896 0)
(-0.921416 -1.60803 0)
(-0.746667 -1.44857 0)
(-0.44421 -1.20593 0)
(-0.183104 -1.03375 0)
(0.0175067 -0.684409 0)
(-0.126789 0.200009 0)
(-0.119345 0.221226 0)
(-0.107341 0.230824 0)
(-0.0920198 0.218552 0)
(-0.070963 0.188568 0)
(-0.0431716 0.171803 0)
(-0.01198 0.213106 0)
(0.0201469 0.335309 0)
(0.0431641 0.526458 0)
(0.046516 0.778096 0)
(0.0163306 1.09503 0)
(-0.0464133 1.19357 0)
(-0.158406 0.425683 0)
(-0.408042 -0.853773 0)
(-0.840027 -1.5204 0)
(-0.885303 -1.67339 0)
(-0.546895 -1.58186 0)
(-0.258927 -1.30782 0)
(-0.0277927 -0.764447 0)
(-0.106015 0.194538 0)
(-0.0972053 0.211268 0)
(-0.083618 0.217369 0)
(-0.0663366 0.201872 0)
(-0.0433788 0.167071 0)
(-0.0146463 0.14494 0)
(0.0188541 0.182547 0)
(0.0607183 0.305689 0)
(0.102855 0.506825 0)
(0.131905 0.778495 0)
(0.149844 1.10778 0)
(0.140297 1.23209 0)
(0.0579861 0.5657 0)
(-0.129472 -0.588702 0)
(-0.478335 -1.29134 0)
(-0.697663 -1.60854 0)
(-0.47453 -1.63108 0)
(-0.26082 -1.67255 0)
(-0.0349132 -0.936554 0)
(-0.0887498 0.188142 0)
(-0.0792106 0.200425 0)
(-0.0651088 0.202883 0)
(-0.0472038 0.183684 0)
(-0.0231047 0.143624 0)
(0.00782827 0.115058 0)
(0.0471659 0.145257 0)
(0.099329 0.260708 0)
(0.159806 0.464096 0)
(0.209087 0.744258 0)
(0.262553 1.07456 0)
(0.300708 1.22768 0)
(0.284035 0.687818 0)
(0.117926 -0.324485 0)
(-0.0754537 -1.13284 0)
(-0.252267 -1.66253 0)
(0.0590906 -1.71563 0)
(-0.168579 -1.64156 0)
(0.0623227 -1.10564 0)
(-0.0746832 0.18144 0)
(-0.0652625 0.189697 0)
(-0.0522697 0.18881 0)
(-0.0358367 0.165388 0)
(-0.0118988 0.118384 0)
(0.0235866 0.0809158 0)
(0.069955 0.100914 0)
(0.124105 0.203908 0)
(0.194316 0.405138 0)
(0.257833 0.688951 0)
(0.326244 1.00961 0)
(0.394453 1.17681 0)
(0.43224 0.745801 0)
(0.282454 -0.169894 0)
(0.182409 -1.00185 0)
(0.103002 -1.66561 0)
(0.190247 -1.89123 0)
(0.02817 -1.51118 0)
(0.143131 -1.12406 0)
(-0.0629365 0.175132 0)
(-0.0544471 0.180232 0)
(-0.0439281 0.176786 0)
(-0.0312312 0.148415 0)
(-0.00918513 0.0907368 0)
(0.030961 0.0416362 0)
(0.0813378 0.0562702 0)
(0.12416 0.150303 0)
(0.185803 0.343006 0)
(0.256557 0.629881 0)
(0.325919 0.936762 0)
(0.405562 1.09906 0)
(0.475068 0.76313 0)
(0.393904 -0.0663046 0)
(0.26402 -0.914884 0)
(0.307588 -1.56051 0)
(-0.0243062 -1.919 0)
(0.142564 -1.47815 0)
(0.14982 -1.00393 0)
(-0.0519966 0.169711 0)
(-0.0447867 0.172755 0)
(-0.0370351 0.168105 0)
(-0.029263 0.134743 0)
(-0.0122336 0.0620284 0)
(0.0269314 -0.000556278 0)
(0.0764352 0.0209694 0)
(0.104301 0.115606 0)
(0.133358 0.290554 0)
(0.201024 0.575323 0)
(0.267487 0.870778 0)
(0.353158 1.01444 0)
(0.42903 0.745966 0)
(0.432198 -0.00571583 0)
(0.285259 -0.833204 0)
(0.278719 -1.41031 0)
(-0.161027 -1.80161 0)
(0.0713839 -1.52859 0)
(0.163942 -0.896066 0)
(-0.0401443 0.16529 0)
(-0.0339907 0.166977 0)
(-0.0278593 0.162475 0)
(-0.023946 0.127 0)
(-0.0137066 0.0392097 0)
(0.00952363 -0.0410175 0)
(0.0408043 -0.0148917 0)
(0.0609714 0.0953232 0)
(0.0546039 0.256386 0)
(0.108168 0.524317 0)
(0.17654 0.807406 0)
(0.277135 0.925336 0)
(0.350782 0.69818 0)
(0.453654 0.0246239 0)
(0.312466 -0.718912 0)
(0.199435 -1.27764 0)
(0.046023 -1.6648 0)
(-0.0456953 -1.77727 0)
(0.197795 -0.790651 0)
(-0.0266354 0.161527 0)
(-0.0213221 0.162128 0)
(-0.0157266 0.158548 0)
(-0.0152577 0.127281 0)
(-0.0233375 0.0352446 0)
(-0.0413219 -0.0522905 0)
(-0.0399435 -0.0228318 0)
(-0.0116224 0.0981413 0)
(-0.0268175 0.244983 0)
(0.00510098 0.473535 0)
(0.0883063 0.732589 0)
(0.211695 0.824748 0)
(0.313042 0.595632 0)
(0.464301 0.0160289 0)
(0.357225 -0.59527 0)
(0.221832 -1.20697 0)
(0.365077 -1.51679 0)
(-0.0802155 -1.83016 0)
(0.209641 -0.721564 0)
(-0.0125574 0.157707 0)
(-0.00761664 0.157772 0)
(-0.00191173 0.155451 0)
(-0.00142484 0.137644 0)
(-0.0225947 0.0639534 0)
(-0.0798749 -0.0363803 0)
(-0.114925 -0.0368928 0)
(-0.0868904 0.0917942 0)
(-0.0846595 0.242491 0)
(-0.0736107 0.421726 0)
(0.023128 0.630775 0)
(0.169157 0.696879 0)
(0.313297 0.455674 0)
(0.462641 -0.00488663 0)
(0.439425 -0.519396 0)
(0.372248 -1.17854 0)
(0.490659 -1.40089 0)
(0.0481919 -1.61119 0)
(0.188497 -0.649418 0)
(-0.00102448 0.152895 0)
(0.00461189 0.153029 0)
(0.0113758 0.151673 0)
(0.0143008 0.146567 0)
(0.000977229 0.109036 0)
(-0.0640151 0.0251038 0)
(-0.147537 -0.0177089 0)
(-0.153985 0.0733911 0)
(-0.121168 0.233661 0)
(-0.107757 0.377147 0)
(-0.0222332 0.514363 0)
(0.131461 0.546651 0)
(0.303086 0.296869 0)
(0.431919 -0.087094 0)
(0.504645 -0.54004 0)
(0.523218 -1.1732 0)
(0.526717 -1.327 0)
(0.185643 -1.43688 0)
(0.164557 -0.544292 0)
(0.00457628 0.14654 0)
(0.0114705 0.146661 0)
(0.020393 0.146198 0)
(0.0253455 0.146156 0)
(0.028239 0.136651 0)
(-0.00794944 0.0981093 0)
(-0.0957036 0.0458843 0)
(-0.156744 0.069332 0)
(-0.14224 0.203114 0)
(-0.10138 0.339034 0)
(-0.0334037 0.413182 0)
(0.110436 0.385151 0)
(0.309386 0.140144 0)
(0.428971 -0.196408 0)
(0.55556 -0.60696 0)
(0.589176 -1.13956 0)
(0.537131 -1.23842 0)
(0.244246 -1.22161 0)
(0.159309 -0.410566 0)
(0.00376581 0.139126 0)
(0.0113029 0.138686 0)
(0.0218597 0.138676 0)
(0.028525 0.138246 0)
(0.0421429 0.138507 0)
(0.0386072 0.136375 0)
(-0.00150873 0.114839 0)
(-0.0466646 0.106976 0)
(-0.0696403 0.170464 0)
(-0.0271424 0.281939 0)
(0.0507291 0.318554 0)
(0.200102 0.226168 0)
(0.398644 -0.00507976 0)
(0.498376 -0.292275 0)
(0.589287 -0.644429 0)
(0.586437 -1.08365 0)
(0.486985 -1.12394 0)
(0.163851 -0.94591 0)
(0.165266 -0.258847 0)
(-0.000625158 0.131825 0)
(0.00653571 0.130342 0)
(0.0167225 0.129883 0)
(0.0249191 0.127122 0)
(0.0400706 0.126354 0)
(0.0532756 0.135828 0)
(0.0604184 0.130441 0)
(0.0714 0.129831 0)
(0.0861519 0.16398 0)
(0.131605 0.219279 0)
(0.228069 0.210845 0)
(0.373368 0.0876685 0)
(0.509556 -0.121355 0)
(0.545727 -0.340322 0)
(0.595563 -0.685195 0)
(0.547035 -0.98819 0)
(0.452613 -1.00573 0)
(0.091813 -0.730326 0)
(0.173129 -0.148717 0)
(-0.00508097 0.125515 0)
(0.00106827 0.122947 0)
(0.00948108 0.121294 0)
(0.0180704 0.116407 0)
(0.0297746 0.112802 0)
(0.0459758 0.116275 0)
(0.0726729 0.103436 0)
(0.109463 0.0962648 0)
(0.160805 0.121511 0)
(0.230227 0.144489 0)
(0.329239 0.103745 0)
(0.428651 -0.0140975 0)
(0.510428 -0.182296 0)
(0.516422 -0.346711 0)
(0.550703 -0.683157 0)
(0.508341 -0.88874 0)
(0.453578 -0.882371 0)
(0.0725586 -0.57016 0)
(0.182102 -0.0704242 0)
(-0.00798873 0.120224 0)
(-0.00313525 0.116976 0)
(0.00320108 0.113827 0)
(0.0112923 0.107453 0)
(0.0189097 0.101865 0)
(0.0353416 0.0964135 0)
(0.0557023 0.0728713 0)
(0.0852877 0.054424 0)
(0.129601 0.0623462 0)
(0.193184 0.0643582 0)
(0.270938 0.019723 0)
(0.355128 -0.0891971 0)
(0.445156 -0.237407 0)
(0.465354 -0.353932 0)
(0.511276 -0.7033 0)
(0.468115 -0.819532 0)
(0.452567 -0.750565 0)
(0.0412242 -0.382888 0)
(0.20312 0.0395363 0)
(-0.00943024 0.116225 0)
(-0.00599495 0.112449 0)
(-0.00174268 0.107824 0)
(0.00527977 0.100385 0)
(0.00958564 0.0916184 0)
(0.0258803 0.0822138 0)
(0.0359277 0.0550255 0)
(0.0533286 0.0278024 0)
(0.0825677 0.0253262 0)
(0.13097 0.00977932 0)
(0.206307 -0.060308 0)
(0.290701 -0.180863 0)
(0.356542 -0.29874 0)
(0.414272 -0.381679 0)
(0.418062 -0.695591 0)
(0.380418 -0.779577 0)
(0.441729 -0.621997 0)
(-0.00977493 -0.214224 0)
(0.22591 0.113578 0)
(-0.00971377 0.113837 0)
(-0.00773505 0.109578 0)
(-0.00519774 0.103712 0)
(-0.000215667 0.0954985 0)
(0.0027748 0.0835132 0)
(0.0141641 0.0718352 0)
(0.0243853 0.044661 0)
(0.0325792 0.0133157 0)
(0.0562317 -0.00372238 0)
(0.101874 -0.0470805 0)
(0.162096 -0.13161 0)
(0.210702 -0.237527 0)
(0.241637 -0.335573 0)
(0.31722 -0.425926 0)
(0.303982 -0.671221 0)
(0.241777 -0.779318 0)
(0.404645 -0.537343 0)
(-0.0400611 -0.0475961 0)
(0.246837 0.179948 0)
(-0.0081894 0.113608 0)
(-0.00733325 0.109039 0)
(-0.00590879 0.102421 0)
(-0.00280032 0.093537 0)
(0.000203883 0.0797715 0)
(0.00690037 0.0640674 0)
(0.0182173 0.0364217 0)
(0.0240098 0.00123514 0)
(0.0444417 -0.032073 0)
(0.0742159 -0.0845414 0)
(0.103012 -0.162494 0)
(0.120355 -0.258296 0)
(0.13558 -0.359353 0)
(0.173387 -0.463551 0)
(0.200077 -0.636347 0)
(0.0507961 -0.828231 0)
(0.277745 -0.459785 0)
(-0.0892312 0.086531 0)
(0.268396 0.256562 0)
(-0.00329911 0.112539 0)
(-0.00297326 0.107626 0)
(-0.00214175 0.100289 0)
(-0.000572906 0.090431 0)
(0.00141137 0.0754786 0)
(0.00483126 0.0568324 0)
(0.0103929 0.0289392 0)
(0.0138445 -0.00804925 0)
(0.0215316 -0.044722 0)
(0.0301696 -0.0967869 0)
(0.0366145 -0.172411 0)
(0.0402618 -0.266314 0)
(0.0440709 -0.367794 0)
(0.0465083 -0.477016 0)
(0.0626631 -0.606806 0)
(-0.0325902 -0.796027 0)
(0.0501286 -0.420729 0)
(-0.19081 -0.0339516 0)
(0.283286 0.313828 0)
)
;

boundaryField
{
    leftWall
    {
        type            noSlip;
    }
    rightWall
    {
        type            noSlip;
    }
    lowerWall
    {
        type            noSlip;
    }
    atmosphere
    {
        type            pressureInletOutletVelocity;
        value           nonuniform List<vector> 
46
(
(0.00140582 0.100695 0)
(0.00075885 0.0936564 0)
(-0.000123061 0.0957321 0)
(3.33615e-05 0.0943004 0)
(-0.000544892 0.0952586 0)
(-0.000558844 0.0955713 0)
(-0.000868364 0.0964969 0)
(-0.0010492 0.0976045 0)
(-0.00126225 0.0989442 0)
(-0.00143605 0.100479 0)
(-0.00164531 0.102193 0)
(-0.00187758 0.104055 0)
(-0.00209067 0.106012 0)
(-0.00227539 0.108023 0)
(-0.00246933 0.110045 0)
(-0.002706 0.112044 0)
(-0.00290691 0.113952 0)
(-0.00309218 0.115693 0)
(-0.00328023 0.11721 0)
(-0.0034635 0.118415 0)
(-0.00364168 0.119228 0)
(-0.00374649 0.119541 0)
(-0.00380446 0.119272 0)
(-0.00378441 0.118528 0)
(-0.00369858 0.11772 0)
(-0.00363883 0.116664 0)
(-0.00347572 0.115321 0)
(-0.00329911 0.112539 0)
(-0.00297326 0.107626 0)
(-0.00214175 0.100289 0)
(-0.000572906 0.090431 0)
(0.00141137 0.0754786 0)
(0.00483126 0.0568324 0)
(0.0103929 0.0289392 0)
(0 -0.00804925 0)
(0 -0.044722 0)
(0 -0.0967869 0)
(0 -0.172411 0)
(0 -0.266314 0)
(0 -0.367794 0)
(0 -0.477016 0)
(0 -0.606806 0)
(0 -0.796027 0)
(0 -0.420729 0)
(0 -0.0339516 0)
(0.283286 0.313828 0)
)
;
    }
    defaultFaces
    {
        type            empty;
    }
}


// ************************************************************************* //
