/*--------------------------------*- C++ -*----------------------------------*\
  =========                 |
  \\      /  F ield         | OpenFOAM: The Open Source CFD Toolbox
   \\    /   O peration     | Website:  https://openfoam.org
    \\  /    A nd           | Version:  13
     \\/     M anipulation  |
\*---------------------------------------------------------------------------*/
FoamFile
{
    format      ascii;
    class       surfaceScalarField;
    location    "0.75";
    object      phi;
}
// * * * * * * * * * * * * * * * * * * * * * * * * * * * * * * * * * * * * * //

dimensions      [0 3 -1 0 0 0 0];

internalField   nonuniform List<scalar> 
4432
(
-4.05704e-06
4.05704e-06
-8.4612e-06
4.40416e-06
-1.20469e-05
3.58573e-06
-1.51751e-05
3.12817e-06
-1.75354e-05
2.36027e-06
-1.78356e-05
3.00209e-07
-1.58378e-05
-1.99778e-06
-1.29563e-05
-2.88153e-06
-1.08089e-05
-2.14739e-06
-9.87762e-06
-9.31266e-07
-9.958e-06
8.03867e-08
-1.07759e-05
8.17896e-07
-1.20713e-05
1.2954e-06
-1.37398e-05
1.66851e-06
-1.56313e-05
1.89148e-06
-1.70396e-05
1.40831e-06
-1.78082e-05
7.68596e-07
-2.03586e-05
2.55036e-06
-2.5556e-05
5.19746e-06
-2.8425e-05
2.869e-06
-2.36641e-05
-4.76093e-06
-1.22686e-05
-1.13955e-05
-1.22686e-05
-5.61155e-06
9.66859e-06
-1.01062e-05
8.89885e-06
-1.33647e-05
6.84416e-06
-1.63081e-05
6.07162e-06
-1.84524e-05
4.50457e-06
-1.86399e-05
4.87713e-07
-1.65459e-05
-4.09181e-06
-1.33773e-05
-6.0501e-06
-1.09457e-05
-4.57906e-06
-9.83049e-06
-2.04644e-06
-9.64079e-06
-1.09306e-07
-9.98442e-06
1.16151e-06
-1.06496e-05
1.96061e-06
-1.1625e-05
2.64389e-06
-1.31348e-05
3.4013e-06
-1.56732e-05
3.94675e-06
-1.95296e-05
4.62493e-06
-2.35548e-05
6.57562e-06
-2.52782e-05
6.92084e-06
-2.2673e-05
2.63786e-07
-1.66474e-05
-1.07866e-05
-8.58982e-06
-1.94531e-05
-2.08584e-05
-4.92375e-06
1.45923e-05
-8.78836e-06
1.27635e-05
-1.20469e-05
1.01027e-05
-1.54633e-05
9.48802e-06
-1.8221e-05
7.26229e-06
-1.8757e-05
1.0237e-06
-1.68921e-05
-5.95673e-06
-1.39575e-05
-8.98471e-06
-1.15622e-05
-6.97442e-06
-1.03737e-05
-3.23495e-06
-1.01522e-05
-3.30777e-07
-1.03344e-05
1.34372e-06
-1.05141e-05
2.14031e-06
-1.04644e-05
2.59421e-06
-1.02946e-05
3.23151e-06
-1.07003e-05
4.3524e-06
-1.2215e-05
6.13968e-06
-1.37139e-05
8.07448e-06
-1.31611e-05
6.36801e-06
-1.047e-05
-2.42723e-06
-6.83756e-06
-1.4419e-05
-2.98301e-06
-2.33076e-05
-2.38414e-05
-3.58796e-06
1.81803e-05
-6.79751e-06
1.5973e-05
-9.8852e-06
1.31904e-05
-1.29965e-05
1.25993e-05
-1.52842e-05
9.55006e-06
-1.58359e-05
1.57537e-06
-1.47696e-05
-7.02303e-06
-1.32444e-05
-1.05099e-05
-1.19455e-05
-8.27341e-06
-1.11467e-05
-4.03366e-06
-1.10118e-05
-4.65761e-07
-1.12636e-05
1.59556e-06
-1.14734e-05
2.35012e-06
-1.12437e-05
2.36455e-06
-1.03874e-05
2.37513e-06
-9.02442e-06
2.98945e-06
-7.29276e-06
4.40801e-06
-4.96281e-06
5.74454e-06
-2.05854e-06
3.46373e-06
5.76755e-07
-5.06252e-06
1.52155e-06
-1.53638e-05
1.40532e-06
-2.31914e-05
-2.24361e-05
-1.83434e-06
2.00146e-05
-3.90489e-06
1.80436e-05
-6.12977e-06
1.54153e-05
-8.0441e-06
1.45136e-05
-9.02158e-06
1.05275e-05
-9.2262e-06
1.77998e-06
-9.54806e-06
-6.70116e-06
-1.05198e-05
-9.53815e-06
-1.14973e-05
-7.29593e-06
-1.18719e-05
-3.65905e-06
-1.20446e-05
-2.9306e-07
-1.23059e-05
1.85684e-06
-1.24774e-05
2.52161e-06
-1.2207e-05
2.09423e-06
-1.12816e-05
1.44964e-06
-9.61406e-06
1.32194e-06
-6.86598e-06
1.65994e-06
-2.87997e-06
1.75853e-06
1.36219e-06
-7.78435e-07
4.24102e-06
-7.94134e-06
4.28819e-06
-1.5411e-05
2.89011e-06
-2.17933e-05
-1.9546e-05
3.2276e-07
1.96919e-05
7.48545e-08
1.82915e-05
-8.11619e-07
1.63018e-05
-1.2628e-06
1.49648e-05
-6.79544e-07
9.94429e-06
-4.41284e-07
1.54171e-06
-2.78476e-06
-4.35768e-06
-6.75657e-06
-5.56634e-06
-1.0321e-05
-3.73147e-06
-1.23094e-05
-1.67068e-06
-1.30905e-05
4.88003e-07
-1.34408e-05
2.20714e-06
-1.35104e-05
2.59126e-06
-1.3051e-05
1.6348e-06
-1.19649e-05
3.63549e-07
-1.03539e-05
-2.89067e-07
-8.00708e-06
-6.86843e-07
-4.64704e-06
-1.60151e-06
-8.07985e-07
-4.61749e-06
2.10678e-06
-1.08561e-05
2.77316e-06
-1.60774e-05
2.40507e-06
-2.14252e-05
-1.71409e-05
2.27684e-06
1.7415e-05
3.90251e-06
1.66658e-05
5.4807e-06
1.47236e-05
7.40816e-06
1.30373e-05
8.72875e-06
8.62369e-06
7.27457e-06
2.99589e-06
2.19622e-06
7.20669e-07
-4.15258e-06
7.82446e-07
-9.30491e-06
1.42085e-06
-1.25024e-05
1.52677e-06
-1.40455e-05
2.03115e-06
-1.46434e-05
2.805e-06
-1.46363e-05
2.58418e-06
-1.39278e-05
9.263e-07
-1.25038e-05
-1.06045e-06
-1.0724e-05
-2.0689e-06
-8.61709e-06
-2.79373e-06
-5.99698e-06
-4.22162e-06
-3.02111e-06
-7.59336e-06
-4.57974e-07
-1.34192e-05
9.27674e-07
-1.7463e-05
1.69535e-06
-2.21929e-05
-1.54456e-05
4.28228e-06
1.31328e-05
9.07743e-06
1.18707e-05
1.3162e-05
1.0639e-05
1.56898e-05
1.05096e-05
1.46823e-05
9.63118e-06
9.14116e-06
8.53699e-06
1.48439e-06
8.37744e-06
-5.10262e-06
7.36946e-06
-9.48788e-06
5.80611e-06
-1.23421e-05
4.38097e-06
-1.42986e-05
3.98771e-06
-1.54647e-05
3.9711e-06
-1.5765e-05
2.88441e-06
-1.49986e-05
1.59929e-07
-1.32222e-05
-2.8369e-06
-1.11971e-05
-4.094e-06
-9.06486e-06
-4.92593e-06
-6.69084e-06
-6.59563e-06
-3.98232e-06
-1.03019e-05
-1.4027e-06
-1.59989e-05
9.1952e-07
-1.97852e-05
2.24267e-06
-2.3516e-05
-1.32029e-05
-1.97831e-05
1.97831e-05
-4.37619e-05
2.39787e-05
-4.51036e-05
1.3417e-06
-3.11721e-05
-1.39314e-05
-1.33697e-05
-1.78025e-05
1.29615e-05
-2.63312e-05
3.00654e-05
-1.71039e-05
2.41558e-05
5.90955e-06
1.90046e-06
2.22554e-05
-4.26227e-05
4.45232e-05
-8.64635e-05
4.38407e-05
-0.000111059
2.45959e-05
-0.000125091
1.40318e-05
-0.000128703
3.61165e-06
-0.0001094
-1.93025e-05
-6.44874e-05
-4.49129e-05
-2.34457e-05
-4.10417e-05
2.3834e-06
-2.58291e-05
2.3834e-06
-2.68385e-05
4.66216e-05
-3.88167e-05
3.5957e-05
-3.21723e-05
-5.30273e-06
-1.83906e-05
-2.77131e-05
-3.48348e-07
-3.58447e-05
1.98431e-05
-4.65227e-05
3.15555e-05
-2.88162e-05
1.08836e-05
2.65815e-05
-4.4881e-05
7.80199e-05
-0.000101045
0.000100687
-0.000133566
7.63615e-05
-0.000152456
4.34862e-05
-0.000170539
3.21151e-05
-0.000174778
7.84994e-06
-0.000135771
-5.83087e-05
-6.71222e-05
-0.000113562
-2.76183e-05
-8.05455e-05
-1.77932e-05
-3.56542e-05
-1.54098e-05
-2.0663e-05
6.72846e-05
-2.55955e-05
4.08895e-05
-1.76173e-05
-1.3281e-05
-5.62855e-06
-3.97018e-05
7.3343e-06
-4.88076e-05
2.0864e-05
-6.00524e-05
1.38526e-05
-2.18048e-05
-2.84747e-05
6.89088e-05
-8.9251e-05
0.000138796
-0.000166412
0.000177848
-0.000281909
0.000191859
-0.000360011
0.000121589
-0.000337324
9.42812e-06
-0.000233189
-9.62853e-05
-9.41632e-05
-0.000197335
-2.61303e-06
-0.000205112
1.97823e-05
-0.000102941
-5.32286e-06
-1.0549e-05
-2.07326e-05
-9.68711e-06
7.69717e-05
-8.53463e-06
3.9737e-05
-6.86713e-07
-2.11289e-05
7.82499e-06
-4.82136e-05
1.1793e-05
-5.27756e-05
1.16805e-05
-5.99398e-05
-1.24569e-05
2.33257e-06
-6.1573e-05
0.000118025
-0.000135958
0.000213181
-0.000265303
0.000307193
-0.000368902
0.000295458
-0.000334372
8.70591e-05
-0.000220029
-0.000104916
-9.8023e-05
-0.000218291
-1.73817e-05
-0.000277976
1.1961e-05
-0.000234455
7.439e-05
-0.00016537
4.09997e-05
2.28412e-05
2.02671e-05
1.79889e-06
7.51729e-05
1.10421e-05
3.04939e-05
1.6763e-05
-2.68498e-05
2.22907e-05
-5.37413e-05
1.43151e-05
-4.48e-05
-5.43917e-06
-4.01855e-05
-4.31949e-05
4.00883e-05
-0.000101039
0.000175868
-0.000200205
0.000312347
-0.00031389
0.000420878
-0.000304789
0.000286356
-0.000203915
-1.38147e-05
-0.000111814
-0.000197016
-2.81555e-05
-0.00030195
7.06895e-06
-0.0003132
1.71937e-05
-0.00024458
4.229e-05
-0.000190466
5.66337e-05
8.49745e-06
7.69008e-05
1.04798e-05
6.46931e-05
2.48931e-05
1.60806e-05
3.53143e-05
-3.72711e-05
3.62671e-05
-5.4694e-05
1.64096e-05
-2.49424e-05
-1.79982e-05
-5.77772e-06
-6.31979e-05
8.5288e-05
-0.000131974
0.000244644
-0.000243034
0.000423408
-0.00029816
0.000476004
-0.00022213
0.000210326
-0.00011897
-0.000116975
-3.84605e-05
-0.000277526
5.15901e-06
-0.000345569
1.10175e-05
-0.000319059
1.70479e-05
-0.00025061
1.83683e-05
-0.000191786
6.16994e-06
2.06958e-05
8.30707e-05
1.84455e-05
4.62476e-05
3.70492e-05
-2.52314e-06
4.93679e-05
-4.95898e-05
4.48786e-05
-5.02047e-05
1.72303e-05
2.70588e-06
-2.62681e-05
3.77207e-05
-7.74432e-05
0.000136463
-0.000159964
0.000327165
-0.000250861
0.000514305
-0.000235112
0.000460256
-0.000136965
0.000112179
-5.43605e-05
-0.000199579
-4.67863e-06
-0.000327208
7.90383e-06
-0.000358152
7.89213e-06
-0.000319047
1.15088e-05
-0.000254227
1.21279e-06
-0.000181491
-4.31388e-05
6.50475e-05
3.99319e-05
2.84712e-05
1.77764e-05
4.63841e-05
-2.04361e-05
5.41189e-05
-5.73246e-05
4.64425e-05
-4.25283e-05
1.57806e-05
3.33678e-05
-2.85194e-05
8.20207e-05
-8.16894e-05
0.000189633
-0.000173386
0.000418861
-0.000228847
0.000569766
-0.000173067
0.000404476
-8.37249e-05
2.28368e-05
-2.03189e-05
-0.000262985
9.97737e-07
-0.000348524
3.72364e-06
-0.000360878
3.1952e-06
-0.000318519
4.87054e-06
-0.000255902
-1.25602e-05
-0.00016406
-3.9534e-05
9.20213e-05
3.97876e-07
2.57907e-06
1.05537e-05
-2.3057e-06
1.67554e-05
-8.54268e-06
1.6876e-05
-1.46602e-05
1.66271e-05
-2.08845e-05
1.58555e-05
-2.60321e-05
1.36846e-05
-2.82879e-05
1.06332e-05
-2.86099e-05
7.69145e-06
-2.83112e-05
5.50739e-06
-2.87848e-05
4.85458e-06
-3.05933e-05
5.79624e-06
-3.27744e-05
6.15217e-06
-3.34723e-05
3.58232e-06
-3.05624e-05
-2.74995e-06
-2.56738e-05
-7.72547e-06
-2.17454e-05
-8.02241e-06
-1.83316e-05
-8.33973e-06
-1.41255e-05
-1.08017e-05
-8.30643e-06
-1.6121e-05
-1.02289e-06
-2.32824e-05
7.18087e-06
-2.7989e-05
1.21745e-05
-2.85096e-05
-2.20053e-05
2.09769e-05
-9.28355e-05
0.000103389
-9.749e-05
2.141e-05
-9.1967e-05
1.1353e-05
-8.85069e-05
1.3167e-05
-8.71427e-05
1.44913e-05
-8.49443e-05
1.14862e-05
-8.05237e-05
6.21259e-06
-7.36916e-05
8.59406e-07
-6.16552e-05
-6.52909e-06
-4.83401e-05
-8.46048e-06
-4.01485e-05
-2.39538e-06
-3.59256e-05
1.92929e-06
-3.23598e-05
1.64551e-08
-2.84674e-05
-6.64232e-06
-2.39177e-05
-1.22752e-05
-2.06931e-05
-1.1247e-05
-1.90991e-05
-9.93366e-06
-1.71448e-05
-1.27561e-05
-1.29353e-05
-2.03304e-05
-5.47329e-06
-3.07444e-05
5.05551e-06
-3.85178e-05
1.10513e-05
-3.45054e-05
-2.26885e-05
1.17345e-05
-8.25843e-05
0.000185974
-0.000145997
8.48222e-05
-0.000202335
6.76918e-05
-0.00024572
5.65518e-05
-0.000272231
4.10027e-05
-0.00028531
2.45643e-05
-0.000287787
8.69039e-06
-0.000272587
-1.43414e-05
-0.000236018
-4.30983e-05
-0.000186736
-5.77423e-05
-0.0001521
-3.70308e-05
-0.000149125
-1.04582e-06
-0.000149526
4.17296e-07
-0.000141665
-1.45035e-05
-0.000128116
-2.58241e-05
-0.000114553
-2.48101e-05
-0.000102716
-2.17709e-05
-9.13828e-05
-2.40888e-05
-7.93643e-05
-3.23489e-05
-5.92137e-05
-5.0895e-05
-2.2679e-05
-7.50525e-05
5.89797e-06
-6.30825e-05
-4.59519e-05
2.91614e-05
-6.96565e-05
0.00025563
-0.000139999
0.000155165
-0.000207208
0.000134901
-0.000260706
0.00011005
-0.000308949
8.92454e-05
-0.000359698
7.53139e-05
-0.000409499
5.84906e-05
-0.000446414
2.25745e-05
-0.000455056
-3.44566e-05
-0.000440172
-7.26263e-05
-0.000420559
-5.66438e-05
-0.000389609
-3.19966e-05
-0.000355984
-3.32069e-05
-0.000329685
-4.08027e-05
-0.000311072
-4.44374e-05
-0.000287182
-4.86996e-05
-0.000255273
-5.36801e-05
-0.000222962
-5.63998e-05
-0.000188912
-6.63991e-05
-0.000123803
-0.000116004
2.77684e-05
-0.000226624
0.000189829
-0.000225143
-0.000178465
0.000322343
-4.73249e-05
0.000302955
-0.000100704
0.000208544
-0.000136113
0.00017031
-0.000154753
0.00012869
-0.00016077
9.52627e-05
-0.000165888
8.0432e-05
-0.000178278
7.08802e-05
-0.00020579
5.00868e-05
-0.00024686
6.61314e-06
-0.000278385
-4.1101e-05
-0.00029529
-3.97386e-05
-0.000303722
-2.35645e-05
-0.000329236
-7.69357e-06
-0.00038836
1.83218e-05
-0.000432952
1.54767e-07
-0.000415738
-6.59136e-05
-0.000342168
-0.000127251
-0.000266753
-0.000131815
-0.000215763
-0.000117389
-0.000189404
-0.000142363
-0.000195731
-0.000220297
-0.000131621
-0.000289254
-0.000235836
-7.42499e-05
-1.90705e-05
0.000322026
-5.29576e-05
0.000242431
-6.10374e-05
0.00017839
-5.94094e-05
0.000127062
-5.19424e-05
8.77956e-05
-4.34491e-05
7.19387e-05
-3.905e-05
6.6481e-05
-5.65178e-05
6.75545e-05
-0.00010748
5.7575e-05
-0.000185831
3.72505e-05
-0.000256788
3.12188e-05
-0.000317335
3.69823e-05
-0.00037733
5.23014e-05
-0.000403165
4.41566e-05
-0.000390074
-1.2936e-05
-0.000336573
-0.000119414
-0.000283647
-0.000180177
-0.000245683
-0.000169779
-0.000216142
-0.00014693
-0.000214572
-0.000143934
-0.000258095
-0.000176773
-0.000324928
-0.000222421
-0.000204438
-0.000356326
1.8998e-05
0.000303028
-1.32833e-06
0.000262757
-6.88704e-06
0.000183949
1.99247e-06
0.000118182
4.45024e-06
8.53378e-05
2.70003e-06
7.36889e-05
-6.14869e-07
6.97959e-05
-8.80198e-06
7.57416e-05
-3.67373e-05
8.55103e-05
-8.94567e-05
8.99698e-05
-0.000152343
9.41056e-05
-0.000214168
9.88072e-05
-0.000262203
0.000100336
-0.000294257
7.621e-05
-0.000308514
1.32168e-06
-0.000319223
-0.000108706
-0.000304075
-0.000195324
-0.000278833
-0.000195021
-0.000253479
-0.000172284
-0.000251485
-0.000145928
-0.000295022
-0.000133236
-0.000413006
-0.000104437
-0.000123513
-0.000493931
4.92832e-05
0.000253744
4.5432e-05
0.000266608
4.07701e-05
0.000188611
3.75444e-05
0.000121408
3.32154e-05
8.96668e-05
2.3393e-05
8.35113e-05
1.0078e-05
8.31109e-05
-1.51922e-06
8.73388e-05
-1.3585e-05
9.75761e-05
-3.54365e-05
0.000111821
-6.72573e-05
0.000125926
-0.000103621
0.000135171
-0.000138688
0.000135404
-0.000176386
0.000113908
-0.000222133
4.70683e-05
-0.000266528
-6.4311e-05
-0.000300472
-0.00016138
-0.000291413
-0.00020408
-0.000272276
-0.000191421
-0.000262686
-0.000155517
-0.000281421
-0.000114501
-0.000301912
-8.3946e-05
-8.29643e-05
-0.000342461
5.18841e-05
0.00020186
7.236e-05
0.000246132
7.10299e-05
0.000189941
6.07173e-05
0.000131721
4.733e-05
0.000103054
3.23836e-05
9.84576e-05
1.58175e-05
9.96768e-05
1.21154e-06
0.000101945
-7.51796e-06
0.000106305
-1.45708e-05
0.000118874
-2.46147e-05
0.00013597
-3.83586e-05
0.000148915
-5.59768e-05
0.000153022
-8.62599e-05
0.000144191
-0.000141126
0.000101935
-0.000215527
1.00897e-05
-0.000274866
-0.000102042
-0.000299186
-0.00017976
-0.000281321
-0.000209286
-0.000254101
-0.000182737
-0.000230908
-0.000137695
-0.000219927
-9.49274e-05
-7.40268e-05
-0.000228864
3.20836e-05
0.000169777
6.45836e-05
0.000213633
7.35421e-05
0.000180982
6.45806e-05
0.000140682
4.8731e-05
0.000118904
3.31435e-05
0.000114045
1.83806e-05
0.00011444
5.09021e-06
0.000115235
-4.08648e-06
0.000115482
-8.10126e-06
0.000122889
-9.55963e-06
0.000137429
-1.12918e-05
0.000150647
-1.56158e-05
0.000157346
-3.03745e-05
0.000158949
-7.21397e-05
0.0001437
-0.000148483
8.64325e-05
-0.000237867
-1.26572e-05
-0.000295903
-0.000121724
-0.000313502
-0.000191688
-0.000279655
-0.000216584
-0.000231369
-0.000185981
-0.000181244
-0.000145053
-0.000111433
-0.000143837
1.1039e-05
0.000158738
4.24609e-05
0.000182211
5.69821e-05
0.000166461
5.33176e-05
0.000144347
4.16138e-05
0.000130607
2.99512e-05
0.000125708
1.93446e-05
0.000125046
9.39641e-06
0.000125183
8.20999e-07
0.000124057
-3.73643e-06
0.000127446
-3.51133e-06
0.000137203
-1.01568e-06
0.000148151
7.35967e-07
0.000155594
-2.6646e-06
0.00016235
-2.34958e-05
0.000164531
-7.59639e-05
0.0001389
-0.000160344
7.1723e-05
-0.000257377
-2.46913e-05
-0.000322535
-0.00012653
-0.000343812
-0.000195306
-0.000312615
-0.000217179
-0.000253553
-0.000204114
-0.000166196
-0.00019879
1.96702e-06
0.000156771
2.48275e-05
0.00015935
3.79412e-05
0.000153347
3.8382e-05
0.000143906
3.27293e-05
0.00013626
2.64069e-05
0.00013203
2.03178e-05
0.000131135
1.41797e-05
0.000131321
7.65463e-06
0.000130582
3.18154e-06
0.000131919
2.89441e-06
0.000137491
5.67277e-06
0.000145373
8.66364e-06
0.000152604
1.00081e-05
0.000161005
3.85708e-06
0.000170682
-2.35096e-05
0.000166267
-8.00972e-05
0.000128311
-0.000160911
5.61224e-05
-0.000255546
-3.18951e-05
-0.000344577
-0.000106275
-0.000388819
-0.000172937
-0.000378064
-0.000214869
-0.000216445
-0.000327815
1.50931e-06
0.000155261
1.54867e-05
0.000145373
2.47717e-05
0.000144062
2.73364e-05
0.000141341
2.629e-05
0.000137306
2.41586e-05
0.000134161
2.17333e-05
0.000133561
1.89848e-05
0.00013407
1.53181e-05
0.000134249
1.21157e-05
0.000135122
1.1464e-05
0.000138142
1.33367e-05
0.0001435
1.57452e-05
0.000150195
1.80758e-05
0.000158675
1.90894e-05
0.000169668
8.97415e-06
0.000176382
-2.51174e-05
0.000162402
-8.04345e-05
0.000111439
-0.000143722
3.13924e-05
-0.000219802
-3.0195e-05
-0.000309424
-8.33147e-05
-0.000392536
-0.000131757
-0.000163696
-0.000445286
3.10403e-06
0.000152157
1.1385e-05
0.000137092
1.78261e-05
0.000137621
2.12937e-05
0.000137873
2.27865e-05
0.000135814
2.3208e-05
0.00013374
2.3283e-05
0.000133486
2.30956e-05
0.000134257
2.21792e-05
0.000135166
2.10261e-05
0.000136275
2.08379e-05
0.000138331
2.21154e-05
0.000142223
2.40701e-05
0.00014824
2.63479e-05
0.000156397
2.9332e-05
0.000166684
2.86758e-05
0.000177039
1.10466e-05
0.000180031
-3.58969e-05
0.000158383
-9.42789e-05
8.97743e-05
-0.000146367
2.18927e-05
-0.000219301
-1.03801e-05
-0.000315372
-3.56857e-05
-7.65648e-05
-0.000402503
3.83582e-06
0.000148322
9.60473e-06
0.000131323
1.46867e-05
0.000132539
1.84571e-05
0.000134103
2.11102e-05
0.000133161
2.29612e-05
0.000131889
2.45899e-05
0.000131857
2.61344e-05
0.000132712
2.73345e-05
0.000133965
2.82079e-05
0.000135401
2.91751e-05
0.000137363
3.0745e-05
0.000140653
3.29842e-05
0.000146001
3.58226e-05
0.000153559
3.963e-05
0.000162877
4.33243e-05
0.000173344
3.93982e-05
0.000183957
1.0362e-05
0.000187419
-4.9665e-05
0.000149801
-0.000104088
7.63155e-05
-0.000150008
3.55398e-05
-0.000218286
3.25926e-05
7.70275e-06
-0.000302554
3.92205e-06
0.0001444
8.696e-06
0.000126549
1.32597e-05
0.000127976
1.71132e-05
0.00013025
2.02999e-05
0.000129974
2.29696e-05
0.000129219
2.55371e-05
0.000129289
2.81662e-05
0.000130083
3.07649e-05
0.000131367
3.32096e-05
0.000132957
3.55522e-05
0.000135021
3.81258e-05
0.000138079
4.13732e-05
0.000142754
4.5586e-05
0.000149346
5.09539e-05
0.000157509
5.75357e-05
0.000166763
6.35801e-05
0.000177913
5.90534e-05
0.000191946
1.85757e-05
0.000190279
-4.2529e-05
0.00013742
-8.33881e-05
7.6399e-05
-0.000102718
5.19228e-05
4.1057e-05
-0.000136073
3.88957e-06
0.00014051
8.16694e-06
0.000122272
1.25131e-05
0.00012363
1.64077e-05
0.000126355
1.98969e-05
0.000126485
2.30793e-05
0.000126037
2.62292e-05
0.00012614
2.95156e-05
0.000126797
3.29552e-05
0.000127927
3.64655e-05
0.000129446
4.00314e-05
0.000131455
4.38744e-05
0.000134236
4.84808e-05
0.000138147
5.43694e-05
0.000143457
6.18388e-05
0.00015004
7.11473e-05
0.000157454
8.30445e-05
0.000166016
9.65996e-05
0.000178391
9.43018e-05
0.000192577
5.47916e-05
0.00017693
3.91081e-06
0.00012728
-2.1811e-05
7.76446e-05
4.35535e-05
-2.43075e-05
3.91315e-06
0.000136597
7.87799e-06
0.000118307
1.20917e-05
0.000119416
1.60239e-05
0.000122423
1.97212e-05
0.000122788
2.3253e-05
0.000122505
2.67977e-05
0.000122595
3.05008e-05
0.000123094
3.44446e-05
0.000123984
3.86371e-05
0.000125254
4.31236e-05
0.000126969
4.81006e-05
0.000129259
5.39784e-05
0.00013227
6.13106e-05
0.000136125
7.05725e-05
0.000140778
8.21367e-05
0.00014589
9.7009e-05
0.000151143
0.00011802
0.00015738
0.00014267
0.000167927
0.000147792
0.000171808
0.000126431
0.000148641
9.97444e-05
0.000104331
5.47649e-05
8.8533e-05
3.96797e-06
0.000132629
7.74346e-06
0.000114532
1.18604e-05
0.000115299
1.58249e-05
0.000118459
1.9669e-05
0.000118944
2.34493e-05
0.000118725
2.72847e-05
0.00011876
3.12885e-05
0.00011909
3.55665e-05
0.000119706
4.02021e-05
0.000120618
4.53066e-05
0.000121864
5.1081e-05
0.000123485
5.7855e-05
0.000125496
6.6094e-05
0.000127886
7.63084e-05
0.000130564
8.89545e-05
0.000133244
0.000104708
0.00013539
0.000125699
0.000136389
0.00015599
0.000137636
0.000189074
0.000138723
0.000208958
0.000128757
0.000212588
0.000100701
5.58867e-05
0.000211466
4.00347e-06
0.000128626
7.68008e-06
0.000110856
1.17247e-05
0.000111255
1.57104e-05
0.000114473
1.96513e-05
0.000115003
2.36027e-05
0.000114774
2.76515e-05
0.000114711
3.18852e-05
0.000114857
3.64083e-05
0.000115183
4.13358e-05
0.000115691
4.68102e-05
0.00011639
5.30251e-05
0.00011727
6.02409e-05
0.00011828
6.88019e-05
0.000119325
7.91195e-05
0.000120246
9.16035e-05
0.00012076
0.00010665
0.000120343
0.000124944
0.000118095
0.000149174
0.000113406
0.000181153
0.000106744
0.000213958
9.59525e-05
0.000238984
7.56746e-05
4.10294e-05
0.000253841
4.00348e-06
0.000124622
7.62684e-06
0.000107232
1.16117e-05
0.00010727
1.5602e-05
0.000110483
1.95963e-05
0.000111009
2.36517e-05
0.000110718
2.78392e-05
0.000110523
3.22305e-05
0.000110466
3.69186e-05
0.000110495
4.20176e-05
0.000110592
4.76637e-05
0.000110744
5.40252e-05
0.000110909
6.13006e-05
0.000111005
6.97261e-05
0.0001109
7.95723e-05
0.0001104
9.11111e-05
0.000109221
0.000104536
0.000106918
0.000119835
0.000102796
0.000137338
9.59032e-05
0.00015838
8.57015e-05
0.000182372
7.19606e-05
0.000204198
5.38486e-05
2.82133e-05
0.000217014
3.97269e-06
0.00012065
7.5515e-06
0.000103654
1.14742e-05
0.000103347
1.54483e-05
0.000106509
1.94567e-05
0.000107
2.35555e-05
0.00010662
2.78068e-05
0.000106272
3.2273e-05
0.000105999
3.70333e-05
0.000105734
4.21846e-05
0.000105441
4.78408e-05
0.000105088
5.41333e-05
0.000104616
6.1205e-05
0.000103933
6.92076e-05
0.000102897
7.82936e-05
0.000101313
8.85947e-05
9.89193e-05
0.000100159
9.5354e-05
0.000112817
9.01374e-05
0.000126102
8.26185e-05
0.000139666
7.21376e-05
0.000153332
5.82938e-05
0.000165652
4.15293e-05
2.08356e-05
0.000173029
3.91847e-06
0.000116732
7.4407e-06
0.000100132
1.12883e-05
9.94999e-05
1.52212e-05
0.000102576
1.92067e-05
0.000103015
2.32953e-05
0.000102531
2.75415e-05
0.000102026
3.20003e-05
0.000101541
3.67376e-05
0.000100997
4.18302e-05
0.000100348
4.7366e-05
9.9552e-05
5.34391e-05
9.8543e-05
6.01455e-05
9.72266e-05
6.7574e-05
9.54685e-05
7.57961e-05
9.3091e-05
8.48456e-05
8.98698e-05
9.46791e-05
8.55204e-05
0.000105111
7.97052e-05
0.000115695
7.20345e-05
0.00012572
6.21128e-05
0.000134442
4.95721e-05
0.00014122
3.4751e-05
1.75001e-05
0.000144556
3.84511e-06
0.000112886
7.29167e-06
9.6685e-05
1.10447e-05
9.57467e-05
1.49091e-05
9.87117e-05
1.88367e-05
9.90874e-05
2.28685e-05
9.84995e-05
2.70515e-05
9.78431e-05
3.14325e-05
9.71595e-05
3.60656e-05
9.63642e-05
4.10091e-05
9.54044e-05
4.63271e-05
9.4234e-05
5.20823e-05
9.27878e-05
5.83331e-05
9.09757e-05
6.51231e-05
8.86783e-05
7.24714e-05
8.57427e-05
8.03542e-05
8.19869e-05
8.86794e-05
7.71951e-05
9.72548e-05
7.11297e-05
0.000105739
6.35503e-05
0.000113594
5.4258e-05
0.000120088
4.30772e-05
0.000124604
3.02358e-05
1.57276e-05
0.000126376
3.75502e-06
0.000109131
7.10655e-06
9.33334e-05
1.07438e-05
9.21094e-05
1.45119e-05
9.49435e-05
1.8349e-05
9.52503e-05
2.2284e-05
9.45645e-05
2.63566e-05
9.37705e-05
3.06059e-05
9.29103e-05
3.50736e-05
9.18965e-05
3.98033e-05
9.06747e-05
4.48384e-05
8.91989e-05
5.02177e-05
8.74084e-05
5.59711e-05
8.52222e-05
6.21111e-05
8.25382e-05
6.86227e-05
7.9231e-05
7.54519e-05
7.51576e-05
8.24862e-05
7.01607e-05
8.95382e-05
6.40777e-05
9.6327e-05
5.67614e-05
0.000102473
4.81125e-05
0.00010747
3.80801e-05
0.000110838
2.68673e-05
1.44807e-05
0.000112085
3.65077e-06
0.000105481
6.88992e-06
9.00941e-05
1.03918e-05
8.86074e-05
1.40371e-05
9.12982e-05
1.77539e-05
9.15335e-05
2.15586e-05
9.07598e-05
2.54834e-05
8.98457e-05
2.95604e-05
8.88334e-05
3.38203e-05
8.76366e-05
3.82938e-05
8.62013e-05
4.30081e-05
8.44846e-05
4.79844e-05
8.24322e-05
5.32316e-05
7.99749e-05
5.87417e-05
7.70281e-05
6.448e-05
7.34925e-05
7.03786e-05
6.9259e-05
7.63232e-05
6.42159e-05
8.21442e-05
5.82567e-05
8.76094e-05
5.12961e-05
9.2432e-05
4.32899e-05
9.627e-05
3.42421e-05
9.88007e-05
2.43367e-05
1.35921e-05
9.96893e-05
3.53629e-06
0.000101944
6.64727e-06
8.6983e-05
9.99745e-06
8.52572e-05
1.34964e-05
8.77993e-05
1.7067e-05
8.7963e-05
2.07139e-05
8.71131e-05
2.44621e-05
8.60975e-05
2.83371e-05
8.49585e-05
3.23607e-05
8.36129e-05
3.65527e-05
8.20093e-05
4.09282e-05
8.01091e-05
4.54947e-05
7.78656e-05
5.02477e-05
7.52218e-05
5.51663e-05
7.21095e-05
6.02064e-05
6.84523e-05
6.52961e-05
6.41692e-05
7.03291e-05
5.91829e-05
7.51592e-05
5.34266e-05
7.95994e-05
4.68558e-05
8.34288e-05
3.94605e-05
8.64027e-05
3.12681e-05
8.83028e-05
2.24365e-05
1.29869e-05
8.8908e-05
3.41668e-06
9.85274e-05
6.38361e-06
8.40161e-05
9.57007e-06
8.20708e-05
1.29037e-05
8.44657e-05
1.63068e-05
8.45599e-05
1.97745e-05
8.36454e-05
2.33248e-05
8.25473e-05
2.69769e-05
8.13064e-05
3.0746e-05
7.98438e-05
3.46431e-05
7.81122e-05
3.86742e-05
7.6078e-05
4.28374e-05
7.37024e-05
4.71196e-05
7.09395e-05
5.14929e-05
6.77361e-05
5.59105e-05
6.40346e-05
6.03027e-05
5.97769e-05
6.45744e-05
5.4911e-05
6.86031e-05
4.93978e-05
7.224e-05
4.32189e-05
7.5316e-05
3.63844e-05
7.7652e-05
2.89321e-05
7.90965e-05
2.0992e-05
1.25797e-05
7.95037e-05
3.29862e-06
9.52287e-05
6.10231e-06
8.12124e-05
9.11671e-06
7.90565e-05
1.22709e-05
8.13116e-05
1.54914e-05
8.13394e-05
1.87647e-05
8.03722e-05
2.21024e-05
7.92097e-05
2.55188e-05
7.78901e-05
2.90234e-05
7.63392e-05
3.26208e-05
7.45149e-05
3.63104e-05
7.23883e-05
4.00843e-05
6.99285e-05
4.39246e-05
6.70992e-05
4.78007e-05
6.38599e-05
5.16665e-05
6.01687e-05
5.54581e-05
5.59853e-05
5.90925e-05
5.12766e-05
6.24684e-05
4.60218e-05
6.54677e-05
4.02195e-05
6.79614e-05
3.38907e-05
6.98171e-05
2.70763e-05
7.0927e-05
1.98821e-05
1.23149e-05
7.11918e-05
3.19087e-06
9.20379e-05
5.80658e-06
7.85967e-05
8.64064e-06
7.62224e-05
1.16071e-05
7.83452e-05
1.46368e-05
7.83097e-05
1.77062e-05
7.73028e-05
2.08231e-05
7.60929e-05
2.39976e-05
7.47156e-05
2.72348e-05
7.31021e-05
3.05346e-05
7.12151e-05
3.38925e-05
6.90303e-05
3.72969e-05
6.65241e-05
4.07275e-05
6.36685e-05
4.41537e-05
6.04337e-05
4.75323e-05
5.67901e-05
5.08064e-05
5.27112e-05
5.39055e-05
4.81775e-05
5.67462e-05
4.31811e-05
5.92354e-05
3.77302e-05
6.12742e-05
3.18518e-05
6.27635e-05
2.55869e-05
6.36243e-05
1.90212e-05
1.21531e-05
6.37861e-05
3.10111e-06
8.89368e-05
5.50375e-06
7.61941e-05
8.14419e-06
7.3582e-05
1.09196e-05
7.55698e-05
1.3755e-05
7.54744e-05
1.6616e-05
7.44417e-05
1.95091e-05
7.31998e-05
2.24413e-05
7.17834e-05
2.54144e-05
7.01291e-05
2.84257e-05
6.82037e-05
3.14678e-05
6.59883e-05
3.45269e-05
6.34649e-05
3.75826e-05
6.06128e-05
4.06057e-05
5.74107e-05
4.35571e-05
5.38388e-05
4.63874e-05
4.98809e-05
4.90374e-05
4.55275e-05
5.14397e-05
4.07787e-05
5.35213e-05
3.56485e-05
5.52067e-05
3.01663e-05
5.64216e-05
2.43719e-05
5.71078e-05
1.83349e-05
1.2047e-05
5.7214e-05
3.0309e-06
8.59059e-05
5.20547e-06
7.40195e-05
7.63346e-06
7.1154e-05
1.02141e-05
7.29892e-05
1.28526e-05
7.2836e-05
1.55036e-05
7.17907e-05
1.81733e-05
7.05302e-05
2.0867e-05
6.90898e-05
2.3584e-05
6.74121e-05
2.63204e-05
6.54673e-05
2.90667e-05
6.3242e-05
3.18087e-05
6.07229e-05
3.45262e-05
5.78953e-05
3.71924e-05
5.47446e-05
3.97728e-05
5.12584e-05
4.22257e-05
4.74281e-05
4.45023e-05
4.32509e-05
4.65488e-05
3.87321e-05
4.83087e-05
3.38885e-05
4.97255e-05
2.87495e-05
5.07451e-05
2.33522e-05
5.13263e-05
1.77537e-05
1.19407e-05
5.14327e-05
2.97439e-06
8.29315e-05
4.9201e-06
7.20738e-05
7.11535e-06
6.89588e-05
9.49324e-06
7.06113e-05
1.19301e-05
7.03991e-05
1.43692e-05
6.93517e-05
1.68162e-05
6.80832e-05
1.92755e-05
6.66306e-05
2.17457e-05
6.49419e-05
2.42215e-05
6.29916e-05
2.66927e-05
6.07709e-05
2.91448e-05
5.82709e-05
3.15586e-05
5.54815e-05
3.39099e-05
5.23934e-05
3.61692e-05
4.89992e-05
3.83013e-05
4.52959e-05
4.0267e-05
4.12852e-05
4.20239e-05
3.69751e-05
4.35292e-05
3.23831e-05
4.47415e-05
2.7537e-05
4.56233e-05
2.24704e-05
4.61469e-05
1.723e-05
1.18001e-05
4.62875e-05
2.92209e-06
8.00095e-05
4.64656e-06
7.03493e-05
6.59054e-06
6.70149e-05
8.75323e-06
6.84486e-05
1.09802e-05
6.81721e-05
1.32022e-05
6.71297e-05
1.54242e-05
6.58612e-05
1.76503e-05
6.44046e-05
1.98791e-05
6.27131e-05
2.21043e-05
6.07665e-05
2.43148e-05
5.85604e-05
2.64966e-05
5.60892e-05
2.86317e-05
5.33465e-05
3.06984e-05
5.03267e-05
3.26714e-05
4.70263e-05
3.45215e-05
4.34458e-05
3.62173e-05
3.95894e-05
3.77256e-05
3.54668e-05
3.90135e-05
3.10952e-05
4.00515e-05
2.6499e-05
4.08139e-05
2.1708e-05
4.12827e-05
1.67611e-05
1.16419e-05
4.14408e-05
2.86476e-06
7.71447e-05
4.37775e-06
6.88363e-05
6.05376e-06
6.53388e-05
7.9859e-06
6.65165e-05
9.99042e-06
6.61676e-05
1.19851e-05
6.5135e-05
1.39744e-05
6.38719e-05
1.59622e-05
6.24168e-05
1.79476e-05
6.07277e-05
1.99229e-05
5.87912e-05
2.18766e-05
5.66068e-05
2.37949e-05
5.41709e-05
2.5661e-05
5.14804e-05
2.74555e-05
4.85324e-05
2.91564e-05
4.53255e-05
3.07395e-05
4.18627e-05
3.21791e-05
3.81498e-05
3.34484e-05
3.41975e-05
3.45218e-05
3.00217e-05
3.53773e-05
2.56435e-05
3.59966e-05
2.10885e-05
3.63683e-05
1.63893e-05
1.15313e-05
3.64789e-05
2.79081e-06
7.43538e-05
4.10684e-06
6.75202e-05
5.50097e-06
6.39447e-05
7.18498e-06
6.48325e-05
8.9496e-06
6.4403e-05
1.07018e-05
6.33827e-05
1.24459e-05
6.21278e-05
1.41852e-05
6.06775e-05
1.59184e-05
5.89944e-05
1.76362e-05
5.70734e-05
1.93266e-05
5.49163e-05
2.09765e-05
5.25211e-05
2.257e-05
4.9887e-05
2.40897e-05
4.70128e-05
2.55161e-05
4.38991e-05
2.68289e-05
4.05499e-05
2.80064e-05
3.69723e-05
2.90263e-05
3.31776e-05
2.98682e-05
2.91798e-05
3.05149e-05
2.49967e-05
3.09528e-05
2.06506e-05
3.11752e-05
1.61668e-05
1.15354e-05
3.11709e-05
2.68219e-06
7.16716e-05
3.82668e-06
6.63757e-05
4.93182e-06
6.28396e-05
6.35126e-06
6.34131e-05
7.8566e-06
6.28977e-05
9.35086e-06
6.18884e-05
1.08371e-05
6.06414e-05
1.23167e-05
5.91979e-05
1.37871e-05
5.7524e-05
1.52374e-05
5.56232e-05
1.66559e-05
5.34979e-05
1.80297e-05
5.11473e-05
1.93444e-05
4.85724e-05
2.0584e-05
4.57732e-05
2.17318e-05
4.27513e-05
2.27703e-05
3.95114e-05
2.36813e-05
3.60614e-05
2.44463e-05
3.24127e-05
2.50494e-05
2.85768e-05
2.5477e-05
2.45691e-05
2.57203e-05
2.04072e-05
2.57776e-05
1.61094e-05
1.16726e-05
2.56403e-05
2.52859e-06
6.9143e-05
3.51972e-06
6.53847e-05
4.34458e-06
6.20148e-05
5.49242e-06
6.22653e-05
6.72469e-06
6.16653e-05
7.9522e-06
6.06608e-05
9.17376e-06
5.94198e-05
1.03886e-05
5.7983e-05
1.15918e-05
5.63209e-05
1.27713e-05
5.44437e-05
1.39166e-05
5.23526e-05
1.50155e-05
5.00484e-05
1.60551e-05
4.75328e-05
1.70215e-05
4.48068e-05
1.79005e-05
4.18723e-05
1.86777e-05
3.87342e-05
1.93381e-05
3.54011e-05
1.98673e-05
3.18836e-05
2.02534e-05
2.81907e-05
2.04872e-05
2.43353e-05
2.05647e-05
2.03296e-05
2.04884e-05
1.61857e-05
1.19069e-05
2.0254e-05
2.32345e-06
6.68196e-05
3.17002e-06
6.45381e-05
3.73773e-06
6.14471e-05
4.62144e-06
6.13815e-05
5.57939e-06
6.07073e-05
6.54321e-06
5.96969e-05
7.50429e-06
5.84586e-05
8.46e-06
5.70272e-05
9.40277e-06
5.53781e-05
1.0321e-05
5.35254e-05
1.12056e-05
5.14679e-05
1.20457e-05
4.92083e-05
1.28301e-05
4.67483e-05
1.35475e-05
4.40894e-05
1.41863e-05
4.12334e-05
1.47353e-05
3.81852e-05
1.5182e-05
3.49544e-05
1.5517e-05
3.15486e-05
1.57308e-05
2.7977e-05
1.58189e-05
2.42471e-05
1.57792e-05
2.03692e-05
1.56181e-05
1.63467e-05
1.2196e-05
1.5329e-05
2.04599e-06
6.47736e-05
2.74713e-06
6.3837e-05
3.09804e-06
6.10962e-05
3.73895e-06
6.07405e-05
4.43552e-06
6.00107e-05
5.15019e-06
5.89822e-05
5.86498e-06
5.77438e-05
6.577e-06
5.63152e-05
7.27705e-06
5.46781e-05
7.95457e-06
5.28479e-05
8.60244e-06
5.082e-05
9.21154e-06
4.85992e-05
9.77305e-06
4.61868e-05
1.02778e-05
4.35846e-05
1.07169e-05
4.07943e-05
1.10808e-05
3.78213e-05
1.13604e-05
3.46748e-05
1.15484e-05
3.13606e-05
1.16379e-05
2.78874e-05
1.1626e-05
2.4259e-05
1.15094e-05
2.04857e-05
1.1293e-05
1.65631e-05
1.25219e-05
1.0967e-05
1.79007e-06
6.29836e-05
2.34044e-06
6.32866e-05
2.50604e-06
6.09305e-05
2.94002e-06
6.03065e-05
3.40766e-06
5.9543e-05
3.91356e-06
5.84763e-05
4.41505e-06
5.72423e-05
4.92155e-06
5.58087e-05
5.41615e-06
5.41834e-05
5.8929e-06
5.23711e-05
6.3453e-06
5.03676e-05
6.7662e-06
4.81782e-05
7.14816e-06
4.58048e-05
7.48386e-06
4.32488e-05
7.7651e-06
4.05131e-05
7.98329e-06
3.76031e-05
8.13026e-06
3.45279e-05
8.19878e-06
3.12921e-05
8.1825e-06
2.79037e-05
8.07516e-06
2.43663e-05
7.87093e-06
2.06899e-05
7.56631e-06
1.68677e-05
1.29317e-05
7.15651e-06
1.18744e-06
1.48442e-06
1.53061e-06
1.70713e-06
1.9013e-06
2.13937e-06
2.36998e-06
2.61293e-06
2.84536e-06
3.06795e-06
3.27424e-06
3.46105e-06
3.62394e-06
3.75729e-06
3.8543e-06
3.90841e-06
3.91516e-06
3.86843e-06
3.76568e-06
3.60214e-06
3.37832e-06
3.09621e-06
2.7673e-06
2.98922e-05
-8.91535e-06
3.80275e-05
-8.13531e-06
4.53427e-05
-7.3152e-06
-6.39874e-06
5.17415e-05
1.47325e-05
-1.19133e-05
2.04365e-05
-1.38393e-05
2.95694e-05
-1.64481e-05
-1.55129e-05
3.86836e-05
4.28884e-05
-2.56403e-05
6.62043e-05
-3.71552e-05
0.000101509
-5.17527e-05
-3.01873e-05
0.000116183
0.00033389
-3.71879e-05
0.00031163
-1.48945e-05
0.000257498
2.37942e-06
3.46503e-05
0.00019266
-5.69869e-05
-5.44512e-05
-5.76011e-05
-1.42803e-05
-8.07338e-05
2.5512e-05
5.5337e-05
-0.000101421
-0.000364471
-4.63062e-05
-0.000364243
-1.45086e-05
-0.00035009
1.13593e-05
2.75408e-05
-0.000322294
-0.000512851
-2.73862e-05
-0.000508938
-1.84214e-05
-0.000476524
-2.1055e-05
-2.33857e-05
-0.000425597
-0.000345285
-2.45615e-05
-0.000345947
-1.77598e-05
-0.000332601
-3.4401e-05
-4.85238e-05
-0.000307463
-0.000217435
-3.59911e-05
-0.000197277
-3.79174e-05
-0.000188124
-4.35542e-05
-4.61241e-05
-0.000190523
-0.000134114
-4.57144e-05
-0.000127096
-4.49355e-05
-0.000126081
-4.45695e-05
-4.50116e-05
-0.000127193
-0.000178285
-6.62195e-05
-0.000161968
-6.12528e-05
-0.000149903
-5.66343e-05
-5.20016e-05
-0.000142913
-0.00029252
-0.000101514
-0.000259631
-9.41413e-05
-0.000243068
-7.31982e-05
-4.29553e-05
-0.000252114
-0.000464731
-8.20689e-05
-0.000485593
-7.32793e-05
-0.000500861
-5.79302e-05
-4.47325e-05
-0.000499084
-0.00043552
-4.90515e-05
-0.000456301
-5.24983e-05
-0.000460818
-5.34134e-05
-5.32643e-05
-0.000452286
-0.000334575
-1.70296e-05
-0.000357494
-2.95793e-05
-0.000371339
-3.95685e-05
-4.78032e-05
-0.0003768
-0.000159915
6.81224e-06
-0.000179574
-9.9202e-06
-0.000194172
-2.49706e-05
-3.88066e-05
-0.000203168
-2.53584e-05
7.86309e-06
-2.84221e-05
-6.85648e-06
-3.19975e-05
-2.13953e-05
-3.33395e-05
-3.74646e-05
8.94907e-05
6.90542e-06
8.9484e-05
-6.84984e-06
8.99412e-05
-2.18526e-05
-3.56872e-05
9.22889e-05
0.000209978
8.39333e-06
0.000208374
-5.24584e-06
0.00020519
-1.86687e-05
-3.15909e-05
0.000201094
0.000256798
5.43662e-06
0.000255631
-4.07861e-06
0.000250997
-1.4035e-05
-2.31285e-05
0.000242534
0.000219459
2.99189e-06
0.000219454
-4.07359e-06
0.000216071
-1.06517e-05
-1.71654e-05
0.000210108
0.00017409
1.93081e-06
0.000173217
-3.20071e-06
0.000170595
-8.02918e-06
-1.27675e-05
0.000166197
0.000144506
1.97995e-06
0.000143363
-2.05707e-06
0.000141294
-5.96084e-06
-9.75538e-06
0.000138282
0.000126146
2.20982e-06
0.00012525
-1.16048e-06
0.000123694
-4.40485e-06
-7.53047e-06
0.000121469
0.000111883
2.41172e-06
0.000111146
-4.23922e-07
0.000109903
-3.16182e-06
-5.8336e-06
0.000108207
9.94923e-05
2.60864e-06
9.8873e-05
1.95439e-07
9.78994e-05
-2.18827e-06
-4.48711e-06
9.6553e-05
8.8713e-05
2.80354e-06
8.82084e-05
7.00112e-07
8.74167e-05
-1.39658e-06
-3.41287e-06
8.63425e-05
7.93161e-05
2.9911e-06
7.8885e-05
1.13127e-06
7.82173e-05
-7.28865e-07
-2.52953e-06
7.7334e-05
7.10089e-05
3.17402e-06
7.06296e-05
1.51065e-06
7.00504e-05
-1.49597e-07
-1.7766e-06
6.92976e-05
6.3608e-05
3.35221e-06
6.32679e-05
1.85088e-06
6.27611e-05
3.57255e-07
-1.12286e-06
6.21075e-05
5.70523e-05
3.51403e-06
5.6756e-05
2.14725e-06
5.63269e-05
7.8639e-07
-5.83955e-07
5.57881e-05
5.13098e-05
3.63697e-06
5.10801e-05
2.37704e-06
5.07478e-05
1.11873e-06
-1.46853e-07
5.03107e-05
4.62142e-05
3.71021e-06
4.60571e-05
2.53413e-06
4.58206e-05
1.35523e-06
1.81244e-07
4.54926e-05
4.1403e-05
3.74791e-06
4.12978e-05
2.63932e-06
4.11281e-05
1.52493e-06
4.18145e-07
4.08912e-05
3.64382e-05
3.78849e-06
3.63395e-05
2.73795e-06
3.61839e-05
1.6805e-06
6.3347e-07
3.59686e-05
3.10891e-05
3.87017e-06
3.09552e-05
2.87189e-06
3.07686e-05
1.86704e-06
8.71786e-07
3.05304e-05
2.55065e-05
4.00392e-06
2.53273e-05
3.05106e-06
2.51046e-05
2.08972e-06
1.12827e-06
2.48482e-05
2.0086e-05
4.17188e-06
1.98852e-05
3.25195e-06
1.96606e-05
2.31433e-06
1.36038e-06
1.94285e-05
1.51477e-05
4.35315e-06
1.49501e-05
3.44959e-06
1.47481e-05
2.51635e-06
1.55727e-06
1.45512e-05
1.07816e-05
4.5386e-06
1.05955e-05
3.63562e-06
1.04164e-05
2.69548e-06
1.72893e-06
1.02447e-05
6.94537e-06
4.74972e-06
6.73972e-06
3.84125e-06
6.5354e-06
2.89979e-06
1.93139e-06
6.33292e-06
2.617e-06
2.47616e-06
2.34312e-06
2.22369e-06
8.12209e-05
-1.17031e-05
9.37908e-05
-3.3006e-05
8.34908e-05
-4.70246e-05
4.74342e-05
-6.47169e-06
-1.26902e-06
8.2071e-05
-5.29593e-05
0.000133711
-0.000105958
0.000242631
-0.000281268
0.000594172
-0.000336729
0.000625226
-0.000233783
0.00030153
-0.000109602
-0.000101343
-2.58931e-05
-0.000346695
-1.21534e-05
-0.000362264
-1.41984e-05
-0.000358833
-1.73552e-05
-0.000315362
-2.04378e-05
-0.00025282
-6.89707e-05
-0.000115527
-6.91599e-05
9.22105e-05
-6.8762e-05
5.1957e-05
-2.49765e-05
2.62351e-05
-7.28405e-06
-1.82914e-05
-2.49815e-06
-1.94636e-05
-5.29945e-06
-2.49729e-05
8.75804e-05
-4.59009e-05
0.000154639
-6.51714e-05
0.000261902
-0.000173179
0.000702179
-0.000160053
0.0006121
-0.000108723
0.000250201
-2.57886e-05
-0.000184278
-4.95939e-05
-0.000322889
-4.74997e-05
-0.000364358
-5.68127e-05
-0.00034952
-6.75252e-05
-0.000304649
-8.20017e-05
-0.000238343
-0.000115177
-8.23512e-05
-5.77971e-05
3.48301e-05
-0.000126559
2.08247e-05
7.0382e-05
-0.000111912
0.000125453
-0.000111384
-3.0268e-06
-8.19365e-05
-3.47469e-05
-4.91858e-05
5.48297e-05
-5.10574e-05
0.00015651
-6.8369e-05
0.000279214
-0.000104066
0.000737877
-6.96099e-05
0.000577643
-5.91529e-05
0.000239744
-4.02317e-05
-0.000203199
-7.68908e-05
-0.00028623
-8.78543e-05
-0.000353395
-0.000106945
-0.000330429
-0.000145428
-0.000266166
-0.000176425
-0.000207347
-0.000142577
-0.000116199
-3.93887e-05
-6.8358e-05
-0.000165948
4.76815e-05
0.000215361
-4.86972e-05
0.000221831
-9.14394e-05
3.97155e-05
-8.76702e-05
-3.85161e-05
-6.93764e-05
3.65359e-05
-6.20124e-05
0.000149146
-6.97904e-05
0.000286992
-2.5747e-05
0.000693833
2.21482e-06
0.000549682
-5.08165e-06
0.000247041
-4.45042e-05
-0.000163776
-9.62419e-05
-0.000234493
-0.000120574
-0.000329063
-0.000141725
-0.000309278
-0.000164802
-0.000243088
-0.000163
-0.000209148
-9.88325e-05
-0.000180367
-1.7708e-05
-0.000149482
-0.000183656
-8.13375e-05
0.000195277
-6.33048e-05
0.000203799
-7.41747e-05
5.05855e-05
-8.31004e-05
-2.95903e-05
-8.70111e-05
4.04466e-05
-7.17462e-05
0.000133882
-5.24194e-05
0.000267665
0.000106274
0.000535139
0.000139234
0.000516722
6.62446e-05
0.00032003
-2.62399e-05
-7.12915e-05
-0.000100223
-0.00016051
-0.000143388
-0.000285898
-0.000142811
-0.000309855
-0.000123088
-0.000262811
-9.77158e-05
-0.00023452
-5.13826e-05
-0.0002267
8.41509e-07
-0.000201707
-0.000182814
-0.000217535
9.05191e-05
-0.000107465
9.37285e-05
-6.85918e-05
1.17123e-05
-8.79689e-05
-1.02132e-05
-9.28767e-05
4.53544e-05
-7.73543e-05
0.000118359
-3.22393e-05
0.00022255
0.000156212
0.000346688
0.000221393
0.000451541
0.000147189
0.000394234
3.52954e-06
7.23676e-05
-8.27415e-05
-7.42385e-05
-0.000158798
-0.000209841
-0.000148758
-0.000319896
-0.000104636
-0.000306933
-6.81389e-05
-0.000271017
-3.12689e-05
-0.00026357
5.97877e-06
-0.000238954
-0.000176836
-0.00027053
-6.45481e-05
-0.000102726
-7.40752e-05
-4.63324e-05
-4.46816e-05
-7.35461e-05
1.70006e-05
-0.000105468
7.72759e-05
-8.1588e-05
9.44797e-05
-4.04418e-05
0.000181404
4.44849e-05
0.000261761
0.000158109
0.000337917
0.000185064
0.00036728
4.69713e-05
0.00021046
-1.99116e-05
-7.35564e-06
-0.000123552
-0.000106201
-0.000173947
-0.000269501
-0.000124902
-0.000355978
-7.77172e-05
-0.000318202
-3.4863e-05
-0.000306425
1.72096e-06
-0.000275538
-0.000175115
-0.000241558
-0.000130453
-0.000188987
-0.000126646
-0.000129835
-0.000103834
-8.8304e-05
-2.45302e-05
-7.70423e-05
6.60142e-05
-7.99361e-05
9.73734e-05
-4.52197e-05
0.000146687
1.89235e-05
0.000197618
9.80441e-05
0.000258796
0.000156879
0.000308444
0.000106583
0.000260756
5.82116e-05
4.10156e-05
-4.52166e-05
-2.77279e-06
-0.000186121
-0.000128596
-0.000188994
-0.000353105
-0.000124133
-0.000383063
-5.79494e-05
-0.000372608
-5.87704e-06
-0.000327611
-0.000180992
-0.000202141
-0.000118836
-0.000204487
-0.0001243
-0.000198386
-0.000109935
-0.000156059
-6.68574e-05
-8.64617e-05
-3.58261e-06
-5.54116e-05
6.63232e-05
-3.41928e-05
0.000125468
-5.92775e-06
0.000169353
3.95388e-05
0.000213329
9.10449e-05
0.000256938
0.000119601
0.0002322
8.05298e-05
8.00872e-05
1.11693e-05
6.65878e-05
-0.000124126
6.69869e-06
-0.000206721
-0.00027051
-0.000187772
-0.000402012
-9.89077e-05
-0.000461472
-2.50735e-05
-0.000401445
-0.000206065
-0.000135356
-0.000110673
-0.000148194
-0.000111462
-0.000164075
-9.40539e-05
-0.000172578
-5.83547e-05
-0.000158514
-1.76462e-05
-0.000119987
2.77958e-05
-7.96098e-05
8.50913e-05
-4.22302e-05
0.000131974
-4.19249e-06
0.000175292
4.79282e-05
0.000204817
9.35621e-05
0.000186566
6.6075e-05
0.000107574
1.47182e-05
0.000117944
-4.88813e-05
7.0298e-05
-0.000136914
-0.000182477
-0.000180662
-0.000358265
-0.000139393
-0.000502741
-6.22103e-05
-0.000478627
-0.000268275
-0.000141474
-0.000112112
-0.000141578
-0.000111358
-0.000132706
-0.000102926
-0.000120323
-7.07372e-05
-0.000121802
-1.61673e-05
-0.000116474
2.24679e-05
-9.24661e-05
6.10831e-05
-5.53357e-05
9.48432e-05
-9.13143e-06
0.000129088
3.89672e-05
0.000156719
8.96068e-05
0.000135927
8.30138e-05
0.000114167
3.59176e-05
0.000165041
1.76856e-05
8.85301e-05
-2.57757e-05
-0.000139016
-9.67977e-05
-0.000287243
-0.00015568
-0.000443859
-8.67726e-05
-0.000547535
-0.000355048
-0.000305477
-5.87479e-05
-0.000343477
-7.3359e-05
-0.000289056
-0.000157347
-0.000209429
-0.000150364
-0.000135163
-9.04335e-05
-9.11912e-05
-2.15043e-05
-6.93764e-05
3.92683e-05
-4.13862e-05
6.68531e-05
-3.45029e-06
9.11516e-05
3.4346e-05
0.000118922
7.31067e-05
9.71659e-05
9.44338e-05
9.28402e-05
4.89111e-05
0.000210563
7.68165e-05
6.06246e-05
8.4489e-05
-0.000146688
4.37336e-05
-0.000246487
-5.38172e-05
-0.000346308
-9.51498e-05
-0.000506203
-0.000450198
-0.000459644
-9.81874e-05
-0.000408654
-0.00012435
-0.000383621
-0.00018238
-0.000328556
-0.000205428
-0.000228262
-0.000190727
-0.000134148
-0.000115618
-7.18999e-05
-2.29802e-05
-4.36573e-05
3.86104e-05
-2.22139e-05
6.97082e-05
-1.76355e-06
9.84721e-05
2.01998e-05
7.52025e-05
1.54116e-05
9.76284e-05
2.87561e-05
0.000197219
9.99541e-05
-1.05734e-05
0.000128243
-0.000174977
0.000136869
-0.000255114
8.29947e-05
-0.000292434
-6.18342e-06
-0.000417025
-0.000456381
-0.000421291
-0.000129183
-0.0003925
-0.00015314
-0.00039437
-0.000180511
-0.000406993
-0.000192805
-0.00040944
-0.00018828
-0.000376735
-0.000148324
-0.000317174
-8.25409e-05
-0.000264448
-1.41157e-05
-0.00022529
3.05499e-05
-0.000178861
5.20439e-05
-0.000150508
4.68494e-05
-0.000113111
6.02308e-05
1.5475e-05
6.86331e-05
0.000104082
-9.91807e-05
0.000119567
-0.000190461
0.000104664
-0.000240211
6.79105e-05
-0.00025568
4.41997e-06
-0.000353534
-0.000451961
-0.000365723
-0.00014026
-0.000333142
-0.000185722
-0.000306037
-0.000207616
-0.000299304
-0.000199538
-0.000314347
-0.000173237
-0.000330088
-0.000132583
-0.000328048
-8.45803e-05
-0.000302221
-3.99433e-05
-0.000259554
-1.2117e-05
-0.000201264
-6.2464e-06
-0.000135932
-1.84826e-05
-4.37323e-05
-3.1969e-05
8.11129e-05
-5.6212e-05
0.000115658
-0.000133726
0.000106802
-0.000181606
6.914e-05
-0.000202549
2.12771e-05
-0.000207817
2.66963e-07
-0.000332524
-0.000451694
-0.000206642
-0.000136787
-0.000192493
-0.000199871
-0.000168626
-0.000231483
-0.000149416
-0.000218748
-0.000142918
-0.000179734
-0.000143735
-0.000131767
-0.000139806
-8.85093e-05
-0.000120904
-5.88459e-05
-8.65572e-05
-4.64634e-05
-4.22968e-05
-5.05068e-05
5.3453e-06
-6.61247e-05
5.62114e-05
-8.2835e-05
0.000104574
-0.000104574
0.000109899
-0.000139051
9.16325e-05
-0.000163339
5.47367e-05
-0.000165653
1.23712e-05
-0.000165452
-7.40438e-06
-0.000312749
-0.000459099
-4.02719e-05
-0.000133979
-4.18507e-05
-0.000198292
-4.49788e-05
-0.000228355
-4.41046e-05
-0.000219622
-3.86421e-05
-0.000185197
-2.94542e-05
-0.000140955
-1.5691e-05
-0.000102273
3.0993e-06
-7.76362e-05
2.61509e-05
-6.95151e-05
4.93023e-05
-7.36582e-05
6.87385e-05
-8.55609e-05
8.54865e-05
-9.95828e-05
9.66216e-05
-0.000115709
9.17254e-05
-0.000134155
7.43455e-05
-0.000145959
4.69364e-05
-0.000138244
2.35219e-05
-0.000142037
-5.42122e-07
-0.000288685
-0.000459641
9.53562e-05
-0.000137047
8.5672e-05
-0.000188608
6.21971e-05
-0.00020488
3.8309e-05
-0.000195734
2.36412e-05
-0.000170529
2.07566e-05
-0.00013807
2.76089e-05
-0.000109125
4.02314e-05
-9.02588e-05
5.37512e-05
-8.30348e-05
6.52257e-05
-8.51329e-05
7.29488e-05
-9.32839e-05
7.76628e-05
-0.000104297
7.8759e-05
-0.000116806
7.27714e-05
-0.000128167
5.92158e-05
-0.000132404
3.7561e-05
-0.00011659
2.35762e-05
-0.000128052
5.08219e-06
-0.000270191
-0.000454559
0.00018088
-0.000116833
0.000150145
-0.000157873
0.000117396
-0.000172131
8.66021e-05
-0.00016494
6.21232e-05
-0.00014605
4.79273e-05
-0.000123874
4.3632e-05
-0.000104829
4.61782e-05
-9.28049e-05
5.18539e-05
-8.87105e-05
5.79605e-05
-9.12395e-05
6.29374e-05
-9.82608e-05
6.60757e-05
-0.000107435
6.63057e-05
-0.000117036
6.12881e-05
-0.00012315
4.97339e-05
-0.000120849
3.08407e-05
-9.76964e-05
2.57143e-05
-0.000122926
7.31337e-06
-0.00025179
-0.000447245
0.000211545
-8.58434e-05
0.000171061
-0.000117389
0.00013165
-0.00013272
9.90357e-05
-0.000132326
7.5201e-05
-0.000122215
6.04671e-05
-0.00010914
5.36433e-05
-9.80057e-05
5.24965e-05
-9.1658e-05
5.46583e-05
-9.08724e-05
5.82393e-05
-9.48204e-05
6.17686e-05
-0.00010179
6.38468e-05
-0.000109513
6.27162e-05
-0.000115905
5.65036e-05
-0.000116937
4.41843e-05
-0.00010853
2.67597e-05
-8.02718e-05
3.16016e-05
-0.000127768
1.77414e-05
-0.000237929
-0.000429504
0.000186906
-6.26414e-05
0.000156826
-8.73088e-05
0.000125289
-0.000101183
9.80812e-05
-0.000105118
7.83373e-05
-0.000102472
6.62082e-05
-9.7011e-05
6.03395e-05
-9.21369e-05
5.89265e-05
-9.02449e-05
6.02508e-05
-9.21967e-05
6.28604e-05
-9.74299e-05
6.53393e-05
-0.000104269
6.60052e-05
-0.000110179
6.28248e-05
-0.000112725
5.44478e-05
-0.00010856
3.96437e-05
-9.3726e-05
2.06478e-05
-6.1276e-05
3.02434e-05
-0.000137363
1.59659e-05
-0.000223652
-0.000413538
0.000150426
-4.68709e-05
0.000129925
-6.68076e-05
0.00010924
-8.04977e-05
9.17628e-05
-8.76409e-05
7.87146e-05
-8.94235e-05
7.0124e-05
-8.84204e-05
6.55616e-05
-8.75744e-05
6.42431e-05
-8.89263e-05
6.52494e-05
-9.32029e-05
6.75746e-05
-9.97549e-05
6.9678e-05
-0.000106372
6.94026e-05
-0.000109904
6.44642e-05
-0.000107786
5.39527e-05
-9.80484e-05
3.66201e-05
-7.63935e-05
1.64363e-05
-4.10924e-05
2.40962e-05
-0.000145023
1.18942e-05
-0.00021145
-0.000401644
0.000128
-3.65882e-05
0.000114773
-5.3581e-05
0.000101
-6.67242e-05
8.8595e-05
-7.52362e-05
7.86931e-05
-7.95216e-05
7.17985e-05
-8.15258e-05
6.79241e-05
-8.36999e-05
6.68547e-05
-8.78568e-05
6.83531e-05
-9.47012e-05
7.15917e-05
-0.000102993
7.43408e-05
-0.000109121
7.36295e-05
-0.000109192
6.71448e-05
-0.000101302
5.47138e-05
-8.56175e-05
3.62229e-05
-5.79027e-05
1.66956e-05
-2.15652e-05
1.67968e-05
-0.000145124
9.16096e-06
-0.000203814
-0.000392483
0.00011416
-2.92793e-05
0.000104757
-4.41779e-05
9.45739e-05
-5.65411e-05
8.48643e-05
-6.55266e-05
7.66994e-05
-7.13567e-05
7.07784e-05
-7.56048e-05
6.74163e-05
-8.03378e-05
6.70191e-05
-8.74596e-05
6.99635e-05
-9.76455e-05
7.49907e-05
-0.000108021
7.86404e-05
-0.000112771
7.72859e-05
-0.000107838
6.91338e-05
-9.31498e-05
5.50999e-05
-7.15837e-05
3.72019e-05
-4.00047e-05
2.09524e-05
-5.31556e-06
1.25369e-05
-0.000136709
8.31214e-06
-0.000199589
-0.000384171
0.000102658
-2.3731e-05
9.54957e-05
-3.70153e-05
8.74846e-05
-4.853e-05
7.9548e-05
-5.759e-05
7.26433e-05
-6.44521e-05
6.74568e-05
-7.04182e-05
6.45799e-05
-7.74608e-05
6.52346e-05
-8.81141e-05
7.0033e-05
-0.000102444
7.65456e-05
-0.000114533
8.01584e-05
-0.000116384
7.73619e-05
-0.000105041
6.73748e-05
-8.31628e-05
5.21622e-05
-5.63711e-05
3.56674e-05
-2.35099e-05
2.43896e-05
5.96233e-06
1.19122e-05
-0.000124231
8.5798e-06
-0.000196257
-0.000375591
9.22153e-05
-1.93933e-05
8.65707e-05
-3.13706e-05
8.00859e-05
-4.20451e-05
7.34366e-05
-5.09406e-05
6.74024e-05
-5.84179e-05
6.2567e-05
-6.55828e-05
5.9998e-05
-7.48917e-05
6.16512e-05
-8.97672e-05
6.7535e-05
-0.000108328
7.38472e-05
-0.000120845
7.57234e-05
-0.00011826
7.0647e-05
-9.99651e-05
5.88937e-05
-7.14094e-05
4.30996e-05
-4.0577e-05
2.79003e-05
-8.31053e-06
2.22974e-05
1.15652e-05
1.47598e-05
-0.000116694
9.02423e-06
-0.000190521
-0.000366567
8.28884e-05
-1.59392e-05
7.82783e-05
-2.67605e-05
7.28145e-05
-3.65813e-05
6.70221e-05
-4.51481e-05
6.14525e-05
-5.28482e-05
5.66355e-05
-6.07657e-05
5.41579e-05
-7.24141e-05
5.59586e-05
-9.15678e-05
6.08712e-05
-0.00011324
6.46279e-05
-0.000124602
6.32681e-05
-0.0001169
5.56018e-05
-9.22989e-05
4.25692e-05
-5.83769e-05
2.69926e-05
-2.50005e-05
1.26108e-05
6.07118e-06
1.72658e-05
6.91018e-06
1.74845e-05
-0.000116913
9.29584e-06
-0.000182332
-0.000357271
7.44781e-05
-1.30832e-05
7.05613e-05
-2.28436e-05
6.58119e-05
-3.18318e-05
6.06245e-05
-3.99605e-05
5.52929e-05
-4.75165e-05
5.04e-05
-5.58728e-05
4.75561e-05
-6.95701e-05
4.77437e-05
-9.17554e-05
4.91406e-05
-0.000114637
4.84137e-05
-0.000123875
4.31065e-05
-0.000111593
3.31394e-05
-8.23319e-05
1.98231e-05
-4.50607e-05
5.55097e-06
-1.07283e-05
-6.88603e-06
1.85081e-05
1.22819e-05
-1.22578e-05
1.74573e-05
-0.000122088
9.6046e-06
-0.00017448
-0.000347666
6.68399e-05
-1.06255e-05
6.34435e-05
-1.9447e-05
5.9296e-05
-2.76843e-05
5.46434e-05
-3.53078e-05
4.96077e-05
-4.24807e-05
4.47233e-05
-5.09883e-05
4.07188e-05
-6.55655e-05
3.73785e-05
-8.84151e-05
3.33715e-05
-0.00011063
2.71421e-05
-0.000117646
1.77186e-05
-0.00010217
6.16476e-06
-7.07781e-05
-4.79501e-06
-3.4101e-05
-1.49302e-05
-5.93127e-07
-1.60565e-05
1.96344e-05
1.24021e-05
-4.07162e-05
1.50672e-05
-0.000124753
1.05055e-05
-0.000169918
-0.000337161
5.99926e-05
-8.51049e-06
5.70742e-05
-1.65285e-05
5.35434e-05
-2.41533e-05
4.95302e-05
-3.12947e-05
4.50868e-05
-3.80373e-05
4.03121e-05
-4.62135e-05
3.4557e-05
-5.98104e-05
2.68186e-05
-8.06767e-05
1.67981e-05
-0.000100609
4.63064e-06
-0.000105478
-8.94174e-06
-8.85973e-05
-2.10718e-05
-5.8648e-05
-2.78337e-05
-2.73391e-05
-2.76248e-05
-8.01997e-07
-1.09574e-05
2.96707e-06
1.42342e-05
-6.59077e-05
9.57132e-06
-0.00012009
1.18868e-05
-0.000172233
-0.000325274
5.40057e-05
-6.72803e-06
5.1605e-05
-1.41277e-05
4.87534e-05
-2.13016e-05
4.55522e-05
-2.80935e-05
4.19848e-05
-3.44697e-05
3.75095e-05
-4.17383e-05
3.04292e-05
-5.273e-05
1.92598e-05
-6.95071e-05
4.37378e-06
-8.57234e-05
-1.24627e-05
-8.86416e-05
-2.84612e-05
-7.25987e-05
-4.02389e-05
-4.68702e-05
-4.1273e-05
-2.63051e-05
-2.62876e-05
-1.57872e-05
-1.16458e-06
-2.21559e-05
9.83368e-06
-7.69059e-05
-4.98574e-06
-0.00010527
1.2111e-05
-0.00018933
-0.000313163
4.89127e-05
-5.32989e-06
4.70607e-05
-1.22757e-05
4.48938e-05
-1.91346e-05
4.2523e-05
-2.57226e-05
3.98736e-05
-3.18203e-05
3.61045e-05
-3.79691e-05
2.91997e-05
-4.58251e-05
1.73143e-05
-5.76216e-05
8.65325e-07
-6.92743e-05
-1.69495e-05
-7.08267e-05
-3.15692e-05
-5.7979e-05
-3.87825e-05
-3.96568e-05
-3.29625e-05
-3.2125e-05
-1.19702e-05
-3.67796e-05
7.99452e-06
-4.21206e-05
-2.33292e-06
-6.65784e-05
-3.02239e-05
-7.73794e-05
4.19282e-06
-0.000223747
-0.00030897
4.44625e-05
-4.29967e-06
4.31039e-05
-1.09171e-05
4.15151e-05
-1.75457e-05
3.97567e-05
-2.3964e-05
3.78226e-05
-2.98861e-05
3.50965e-05
-3.5243e-05
2.9973e-05
-4.07016e-05
2.06966e-05
-4.83451e-05
7.3595e-06
-5.59371e-05
-6.94226e-06
-5.65249e-05
-1.60254e-05
-4.88958e-05
-1.59765e-05
-3.97057e-05
-7.27821e-06
-4.08233e-05
6.16611e-06
-5.02238e-05
1.35204e-05
-4.94748e-05
-5.33444e-06
-4.77234e-05
-3.00876e-05
-5.26262e-05
-8.29286e-06
-0.000245541
-0.000317263
4.01024e-05
-3.5108e-06
3.90833e-05
-9.89781e-06
3.78515e-05
-1.63138e-05
3.64016e-05
-2.2514e-05
3.48593e-05
-2.83437e-05
3.3022e-05
-3.34056e-05
3.01454e-05
-3.78249e-05
2.52148e-05
-4.34144e-05
1.7884e-05
-4.86063e-05
9.82867e-06
-4.84695e-05
5.66224e-06
-4.47293e-05
9.5278e-06
-4.35712e-05
1.73988e-05
-4.86942e-05
2.2595e-05
-5.54199e-05
2.44518e-05
-5.13315e-05
1.56786e-05
-3.89502e-05
4.24569e-06
-4.11931e-05
3.03938e-07
-0.000241599
-0.000316959
3.52837e-05
-2.82576e-06
3.44122e-05
-9.02624e-06
3.33165e-05
-1.5218e-05
3.19707e-05
-2.11681e-05
3.0559e-05
-2.69319e-05
2.90635e-05
-3.191e-05
2.75623e-05
-3.63237e-05
2.59729e-05
-4.18249e-05
2.3737e-05
-4.63705e-05
2.16207e-05
-4.63531e-05
2.15903e-05
-4.46989e-05
2.50562e-05
-4.70371e-05
2.99316e-05
-5.35696e-05
3.31327e-05
-5.8621e-05
3.79071e-05
-5.61059e-05
4.64712e-05
-4.75142e-05
4.86609e-05
-4.33827e-05
1.83366e-05
-0.000211275
-0.000298622
2.98584e-05
-2.15374e-06
2.90394e-05
-8.20714e-06
2.79897e-05
-1.41682e-05
2.67242e-05
-1.99025e-05
2.53496e-05
-2.55573e-05
2.38386e-05
-3.0399e-05
2.26815e-05
-3.51666e-05
2.21334e-05
-4.12768e-05
2.17188e-05
-4.59558e-05
2.22294e-05
-4.68639e-05
2.46726e-05
-4.71421e-05
2.84551e-05
-5.08197e-05
3.2036e-05
-5.71505e-05
3.63042e-05
-6.28892e-05
4.43581e-05
-6.41597e-05
6.32017e-05
-6.63578e-05
8.07167e-05
-6.08977e-05
4.31807e-05
-0.000173739
-0.000255442
2.42135e-05
-1.51904e-06
2.34645e-05
-7.45807e-06
2.25123e-05
-1.32159e-05
2.14065e-05
-1.87967e-05
2.0163e-05
-2.43139e-05
1.88007e-05
-2.90367e-05
1.77975e-05
-3.41635e-05
1.71782e-05
-4.06574e-05
1.67617e-05
-4.55394e-05
1.77703e-05
-4.78725e-05
2.10028e-05
-5.03747e-05
2.54113e-05
-5.52281e-05
2.94031e-05
-6.11424e-05
3.45298e-05
-6.80158e-05
4.23913e-05
-7.20212e-05
5.95696e-05
-8.3536e-05
7.98602e-05
-8.11881e-05
5.21314e-05
-0.00014601
-0.00020331
1.8872e-05
-9.62506e-07
1.82282e-05
-6.81426e-06
1.74386e-05
-1.24264e-05
1.6547e-05
-1.79051e-05
1.56268e-05
-2.33938e-05
1.48194e-05
-2.82293e-05
1.43639e-05
-3.37081e-05
1.40673e-05
-4.0361e-05
1.41111e-05
-4.55833e-05
1.55925e-05
-4.9354e-05
1.86812e-05
-5.34635e-05
2.23583e-05
-5.89053e-05
2.57332e-05
-6.45171e-05
3.0091e-05
-7.23736e-05
3.56403e-05
-7.75704e-05
4.53298e-05
-9.32255e-05
5.90867e-05
-9.4945e-05
4.21194e-05
-0.000129043
-0.000161191
1.40956e-05
-5.06855e-07
1.35298e-05
-6.2485e-06
1.29158e-05
-1.18124e-05
1.23062e-05
-1.72956e-05
1.18778e-05
-2.29654e-05
1.18643e-05
-2.82159e-05
1.22091e-05
-3.40529e-05
1.25287e-05
-4.06807e-05
1.31421e-05
-4.61968e-05
1.45728e-05
-5.07848e-05
1.65925e-05
-5.54832e-05
1.87267e-05
-6.10395e-05
2.10338e-05
-6.68242e-05
2.38666e-05
-7.52064e-05
2.73159e-05
-8.10196e-05
3.0269e-05
-9.61786e-05
3.5924e-05
-0.0001006
2.56626e-05
-0.000118781
-0.000135528
9.77547e-06
-3.76035e-08
9.28078e-06
-5.75386e-06
8.90916e-06
-1.14408e-05
8.72959e-06
-1.71161e-05
8.84545e-06
-2.30814e-05
9.42061e-06
-2.87912e-05
1.01597e-05
-3.4792e-05
1.05596e-05
-4.10808e-05
1.09134e-05
-4.65507e-05
1.15413e-05
-5.14126e-05
1.24763e-05
-5.64182e-05
1.36378e-05
-6.22009e-05
1.52272e-05
-6.84135e-05
1.66335e-05
-7.66126e-05
1.84458e-05
-8.28318e-05
1.7826e-05
-9.55588e-05
1.81307e-05
-0.000100905
1.23916e-05
-0.000113042
-0.000123137
5.81319e-06
4.82103e-07
5.44814e-06
-5.38887e-06
5.42013e-06
-1.14129e-05
5.667e-06
-1.73631e-05
6.05136e-06
-2.34658e-05
6.56259e-06
-2.93025e-05
6.94739e-06
-3.51769e-05
6.94206e-06
-4.10755e-05
6.83283e-06
-4.64415e-05
6.96052e-06
-5.15403e-05
7.45029e-06
-5.69079e-05
8.13836e-06
-6.28889e-05
9.05855e-06
-6.93337e-05
9.46796e-06
-7.7022e-05
1.02943e-05
-8.36582e-05
8.99035e-06
-9.42548e-05
8.13933e-06
-0.000100054
5.39065e-06
-0.000110293
-0.000117746
1.98357e-06
1.94157e-06
2.08847e-06
2.28483e-06
2.39575e-06
2.46131e-06
2.4376e-06
2.29765e-06
2.20146e-06
2.262e-06
2.45648e-06
2.67904e-06
2.95306e-06
3.00632e-06
3.38274e-06
2.84282e-06
2.86163e-06
1.92105e-06
)
;

boundaryField
{
    leftWall
    {
        type            calculated;
        value           uniform 0;
    }
    rightWall
    {
        type            calculated;
        value           uniform 0;
    }
    lowerWall
    {
        type            calculated;
        value           uniform 0;
    }
    atmosphere
    {
        type            calculated;
        value           nonuniform List<scalar> 
46
(
6.17961e-05
6.29896e-05
6.08844e-05
6.013e-05
5.93488e-05
5.82382e-05
5.70117e-05
5.55657e-05
5.3951e-05
5.21485e-05
5.01612e-05
4.79914e-05
4.56418e-05
4.31154e-05
4.0416e-05
3.7549e-05
3.45211e-05
3.13388e-05
2.80064e-05
2.45299e-05
2.09137e-05
1.71498e-05
1.32606e-05
4.9e-06
3.98207e-06
3.03281e-06
2.05082e-06
7.22193e-07
-5.34692e-06
-1.15598e-05
-1.75595e-05
-2.35768e-05
-2.9368e-05
-3.51532e-05
-4.09356e-05
-4.63453e-05
-5.16008e-05
-5.71023e-05
-6.31114e-05
-6.96077e-05
-7.70753e-05
-8.40346e-05
-9.37148e-05
-0.000100073
-0.000109353
-0.000115825
)
;
    }
    defaultFaces
    {
        type            empty;
    }
}


// ************************************************************************* //
