/*--------------------------------*- C++ -*----------------------------------*\
  =========                 |
  \\      /  F ield         | OpenFOAM: The Open Source CFD Toolbox
   \\    /   O peration     | Website:  https://openfoam.org
    \\  /    A nd           | Version:  13
     \\/     M anipulation  |
\*---------------------------------------------------------------------------*/
FoamFile
{
    format      ascii;
    class       volVectorField;
    location    "0.75";
    object      U;
}
// * * * * * * * * * * * * * * * * * * * * * * * * * * * * * * * * * * * * * //

dimensions      [0 1 -1 0 0 0 0];

internalField   nonuniform List<vector> 
2268
(
(-0.022016 0.0100594 0)
(-0.0738937 0.0126738 0)
(-0.120687 0.0102359 0)
(-0.158196 0.00855662 0)
(-0.192008 0.00636972 0)
(-0.207387 0.000965294 0)
(-0.193341 -0.00490642 0)
(-0.162718 -0.0071365 0)
(-0.132909 -0.00539384 0)
(-0.115327 -0.00217947 0)
(-0.110602 0.000948954 0)
(-0.116279 0.00328088 0)
(-0.128906 0.0048359 0)
(-0.145525 0.00611253 0)
(-0.166611 0.00593536 0)
(-0.188501 0.00100593 0)
(-0.197561 -0.00432293 0)
(-0.204891 0.00497901 0)
(-0.261725 0.0208452 0)
(-0.337013 0.0153189 0)
(-0.317793 -0.0128547 0)
(-0.201902 -0.0395898 0)
(-0.0692177 -0.0400941 0)
(-0.037251 0.0363893 0)
(-0.0950261 0.035997 0)
(-0.136081 0.0279651 0)
(-0.172273 0.0243412 0)
(-0.204696 0.0180457 0)
(-0.21586 0.00201163 0)
(-0.20278 -0.0160823 0)
(-0.169501 -0.0238033 0)
(-0.135869 -0.0180174 0)
(-0.115639 -0.00804672 0)
(-0.109168 2.18483e-05 0)
(-0.110597 0.00570842 0)
(-0.116574 0.00945295 0)
(-0.125505 0.0126874 0)
(-0.138666 0.0157311 0)
(-0.160847 0.0155838 0)
(-0.194481 0.0142916 0)
(-0.24358 0.0251826 0)
(-0.295743 0.0348303 0)
(-0.299022 0.0104421 0)
(-0.224159 -0.0457625 0)
(-0.140675 -0.0950968 0)
(-0.0447531 -0.10049 0)
(-0.0358556 0.0655025 0)
(-0.0807893 0.0582592 0)
(-0.118306 0.0454087 0)
(-0.159444 0.0415824 0)
(-0.199512 0.0311711 0)
(-0.216611 0.00359125 0)
(-0.204283 -0.0287851 0)
(-0.175114 -0.0425747 0)
(-0.143817 -0.0323163 0)
(-0.12236 -0.0146275 0)
(-0.115087 -0.00139835 0)
(-0.116088 0.00651258 0)
(-0.11902 0.0110534 0)
(-0.12007 0.0146636 0)
(-0.117893 0.0193662 0)
(-0.1168 0.0253022 0)
(-0.125369 0.0331126 0)
(-0.146274 0.0423957 0)
(-0.166926 0.035617 0)
(-0.14955 -0.00913281 0)
(-0.0931511 -0.0737593 0)
(-0.0538712 -0.121181 0)
(-0.00735755 -0.129214 0)
(-0.0275288 0.0891894 0)
(-0.0583233 0.077617 0)
(-0.0941566 0.0624829 0)
(-0.133719 0.059412 0)
(-0.170044 0.0446667 0)
(-0.181578 0.00591717 0)
(-0.171379 -0.0386387 0)
(-0.158378 -0.0565237 0)
(-0.144692 -0.0437615 0)
(-0.130943 -0.0206902 0)
(-0.124585 -0.00233913 0)
(-0.126272 0.00779252 0)
(-0.130184 0.0120078 0)
(-0.13089 0.0134175 0)
(-0.124934 0.0155309 0)
(-0.111538 0.0212021 0)
(-0.0925263 0.0317399 0)
(-0.0692455 0.0423428 0)
(-0.043413 0.0320758 0)
(-0.00980717 -0.015658 0)
(0.0244048 -0.0772245 0)
(0.0132032 -0.123769 0)
(0.0230656 -0.126094 0)
(-0.0158542 0.105873 0)
(-0.0292248 0.0932679 0)
(-0.0570845 0.0792144 0)
(-0.0845456 0.0753657 0)
(-0.105987 0.0562632 0)
(-0.103813 0.0108867 0)
(-0.0984388 -0.0394727 0)
(-0.112074 -0.0570383 0)
(-0.129802 -0.0445811 0)
(-0.136297 -0.0223468 0)
(-0.136225 -0.00267541 0)
(-0.138293 0.00946614 0)
(-0.141893 0.0135278 0)
(-0.142083 0.0124597 0)
(-0.135515 0.0105657 0)
(-0.121232 0.0116903 0)
(-0.0966405 0.0166725 0)
(-0.0568927 0.0216725 0)
(-0.00830747 0.00951128 0)
(0.034867 -0.034334 0)
(0.0615552 -0.0804712 0)
(0.0335658 -0.11923 0)
(0.0379939 -0.112694 0)
(-0.00156164 0.110061 0)
(0.00692218 0.0982719 0)
(-0.00406653 0.0846834 0)
(-0.0152041 0.0786746 0)
(-0.0156186 0.0536966 0)
(-0.00101447 0.0056465 0)
(-0.00761821 -0.0311119 0)
(-0.0529887 -0.0425706 0)
(-0.104055 -0.0317196 0)
(-0.135437 -0.0156781 0)
(-0.147281 -0.000162703 0)
(-0.151557 0.0105356 0)
(-0.154524 0.0133593 0)
(-0.152947 0.00981208 0)
(-0.143846 0.00497041 0)
(-0.128448 0.00285562 0)
(-0.106852 0.00218539 0)
(-0.0739039 -0.00105431 0)
(-0.0295676 -0.0176528 0)
(0.00867893 -0.0529429 0)
(0.040491 -0.0850425 0)
(0.0189502 -0.11497 0)
(0.0400382 -0.100753 0)
(0.0110748 0.105277 0)
(0.036791 0.102626 0)
(0.0528163 0.0941893 0)
(0.0692487 0.0866496 0)
(0.0924147 0.0585147 0)
(0.106758 0.0140656 0)
(0.0690012 -0.014181 0)
(-0.0126058 -0.0183728 0)
(-0.0848061 -0.00947711 0)
(-0.131271 -0.00274817 0)
(-0.155711 0.00572097 0)
(-0.165291 0.0140595 0)
(-0.168476 0.0154709 0)
(-0.164631 0.00855207 0)
(-0.151739 -0.000728877 0)
(-0.132989 -0.00594927 0)
(-0.111361 -0.00982853 0)
(-0.0841424 -0.0167859 0)
(-0.0502419 -0.0344589 0)
(-0.0217202 -0.0669201 0)
(0.011683 -0.0903112 0)
(0.00649499 -0.115678 0)
(0.0350209 -0.0846052 0)
(0.017738 0.0793632 0)
(0.0760393 0.0748142 0)
(0.128529 0.058846 0)
(0.167467 0.047889 0)
(0.183909 0.0320012 0)
(0.153192 0.0204206 0)
(0.066673 0.0244015 0)
(-0.0286532 0.028702 0)
(-0.0904008 0.0261655 0)
(-0.128642 0.01989 0)
(-0.154854 0.0165787 0)
(-0.172188 0.0158444 0)
(-0.180891 0.0116281 0)
(-0.178058 0.00114892 0)
(-0.162085 -0.0102107 0)
(-0.139352 -0.0159203 0)
(-0.116139 -0.0198218 0)
(-0.0902869 -0.0282963 0)
(-0.0604151 -0.0477938 0)
(-0.0318674 -0.0794097 0)
(0.00124636 -0.099692 0)
(0.0163391 -0.123491 0)
(0.0384861 -0.0682058 0)
(-0.100982 0.0475647 0)
(-0.414216 0.0620742 0)
(-0.561493 0.0056503 0)
(-0.425538 -0.0396027 0)
(-0.261078 -0.050808 0)
(-0.00926051 -0.0770551 0)
(0.264966 -0.0487565 0)
(0.355506 0.039872 0)
(0.273439 0.0175842 0)
(-0.222674 0.141435 0)
(-0.816106 0.180278 0)
(-1.18497 0.11506 0)
(-1.37825 0.0634321 0)
(-1.49191 0.022591 0)
(-1.38775 -0.0368747 0)
(-0.989814 -0.0867003 0)
(-0.491028 -0.111243 0)
(-0.158909 -0.0740647 0)
(0.229916 0.0247082 0)
(-0.225244 0.162302 0)
(-0.463841 0.151957 0)
(-0.396104 0.00192967 0)
(-0.288992 -0.10446 0)
(-0.118042 -0.137267 0)
(0.119439 -0.190909 0)
(0.277712 -0.139981 0)
(0.397032 0.0125719 0)
(-0.0967369 0.231923 0)
(-0.935229 0.3421 0)
(-1.43493 0.207705 0)
(-1.63751 0.0682961 0)
(-1.86686 0.0414215 0)
(-2.04452 0.0218843 0)
(-1.8591 -0.0920725 0)
(-1.09974 -0.289483 0)
(-0.49545 -0.277387 0)
(-0.270295 -0.181592 0)
(-0.0740395 0.00182774 0)
(-0.223994 0.273177 0)
(-0.319684 0.178803 0)
(-0.234872 -0.0612378 0)
(-0.124173 -0.173434 0)
(0.00466162 -0.217588 0)
(0.188545 -0.28226 0)
(0.224427 -0.164811 0)
(0.0818468 0.217707 0)
(-0.658821 0.515667 0)
(-1.43444 0.567284 0)
(-2.45044 0.465484 0)
(-4.04 0.42307 0)
(-4.39146 0.28766 0)
(-3.36982 0.0106638 0)
(-1.58797 -0.570748 0)
(-0.278456 -0.843281 0)
(0.201119 -0.347918 0)
(0.11152 -0.181259 0)
(-0.130335 -0.130633 0)
(-0.166645 0.354912 0)
(-0.107148 0.20248 0)
(-0.0697119 -0.0824074 0)
(0.0633453 -0.218833 0)
(0.12782 -0.255777 0)
(0.174491 -0.310093 0)
(0.0375956 -0.0824175 0)
(-0.298856 0.450715 0)
(-1.06694 0.804163 0)
(-2.13297 1.05986 0)
(-3.99443 1.2634 0)
(-4.55542 0.575956 0)
(-3.40844 -0.221819 0)
(-1.46863 -0.87031 0)
(-0.313375 -1.27483 0)
(0.0358451 -1.13721 0)
(0.265565 -0.747112 0)
(1.09216 0.1658 0)
(0.0208571 -0.156207 0)
(-0.115413 0.388059 0)
(0.13181 0.174256 0)
(0.150715 -0.107124 0)
(0.267992 -0.245625 0)
(0.259025 -0.24221 0)
(0.10677 -0.250683 0)
(-0.268504 0.114371 0)
(-0.713975 0.719488 0)
(-1.61603 1.2122 0)
(-3.06951 1.78885 0)
(-4.08472 1.5156 0)
(-3.12352 0.192073 0)
(-1.67375 -0.728923 0)
(-0.510825 -1.33574 0)
(0.0615187 -1.4845 0)
(0.128779 -1.18279 0)
(0.250321 -0.940871 0)
(0.588293 -0.0102999 0)
(0.49113 0.36607 0)
(-0.0735312 0.360839 0)
(0.252485 0.118035 0)
(0.37136 -0.148066 0)
(0.463105 -0.256347 0)
(0.379213 -0.170424 0)
(0.04389 -0.118817 0)
(-0.477184 0.3118 0)
(-1.01611 0.993622 0)
(-2.10544 1.76846 0)
(-3.45572 2.31907 0)
(-3.3605 1.34158 0)
(-1.97523 -0.251563 0)
(-0.63492 -1.2238 0)
(0.0162299 -1.63066 0)
(0.148589 -1.54587 0)
(0.133552 -1.20547 0)
(0.234129 -0.937629 0)
(0.187966 0.051847 0)
(-0.00420556 0.407018 0)
(0.00342627 0.291646 0)
(0.343343 0.0557026 0)
(0.548318 -0.204969 0)
(0.585757 -0.261169 0)
(0.447988 -0.043079 0)
(0.00775274 0.0737561 0)
(-0.607325 0.539527 0)
(-1.27089 1.35807 0)
(-2.50217 2.31912 0)
(-3.20072 2.33746 0)
(-2.24175 0.768003 0)
(-0.909857 -0.767244 0)
(-0.178308 -1.52022 0)
(0.119782 -1.71883 0)
(0.10237 -1.54661 0)
(0.0926901 -1.22443 0)
(0.155147 -0.909488 0)
(-0.107402 0.221092 0)
(-0.631859 0.415541 0)
(0.131855 0.141637 0)
(0.444134 -0.0752929 0)
(0.63102 -0.280754 0)
(0.591223 -0.249504 0)
(0.440002 0.0537595 0)
(-0.00547034 0.282962 0)
(-0.646238 0.798585 0)
(-1.40341 1.82024 0)
(-2.64646 2.69831 0)
(-2.56572 2.12798 0)
(-1.44585 0.311519 0)
(-0.33236 -1.20872 0)
(-0.0233599 -1.62061 0)
(0.0647322 -1.74488 0)
(0.0417123 -1.55082 0)
(0.0349494 -1.24436 0)
(0.0684854 -0.850916 0)
(-0.350606 0.385778 0)
(-0.405487 0.0776571 0)
(0.0181158 0.035554 0)
(0.00753925 0.0301324 0)
(-0.0299873 0.0574917 0)
(-0.0659681 0.0821766 0)
(-0.0984929 0.0900261 0)
(-0.126447 0.0876032 0)
(-0.144562 0.0726191 0)
(-0.152144 0.0508998 0)
(-0.151799 0.0355463 0)
(-0.15151 0.0285037 0)
(-0.157165 0.0307347 0)
(-0.169888 0.0338419 0)
(-0.182215 0.0250747 0)
(-0.177149 -0.000947522 0)
(-0.14834 -0.0295155 0)
(-0.125867 -0.0373346 0)
(-0.108483 -0.0419542 0)
(-0.0886345 -0.0529279 0)
(-0.0606505 -0.0771683 0)
(-0.0263535 -0.111468 0)
(0.0163697 -0.137131 0)
(0.0546196 -0.150884 0)
(0.0836379 -0.106735 0)
(-0.54626 0.102535 0)
(-0.514505 0.135664 0)
(-0.500782 0.100211 0)
(-0.47705 0.073061 0)
(-0.474023 0.061529 0)
(-0.468462 0.0550931 0)
(-0.447105 0.0467923 0)
(-0.414073 0.0361824 0)
(-0.367148 0.0281487 0)
(-0.29239 0.025824 0)
(-0.227966 0.0310386 0)
(-0.199118 0.0333395 0)
(-0.183589 0.00906043 0)
(-0.160985 -0.0326206 0)
(-0.140378 -0.0539502 0)
(-0.118809 -0.0475549 0)
(-0.106146 -0.0471644 0)
(-0.0983996 -0.0609181 0)
(-0.0797274 -0.0932465 0)
(-0.0528607 -0.139278 0)
(-0.00320226 -0.166443 0)
(0.0481277 -0.145624 0)
(0.0703096 -0.113231 0)
(-0.434901 0.854088 0)
(-0.538263 0.154315 0)
(-0.981254 0.072066 0)
(-1.23479 0.114063 0)
(-1.41344 0.123439 0)
(-1.51095 0.0823911 0)
(-1.54592 0.0292046 0)
(-1.51913 -0.0354925 0)
(-1.40751 -0.12309 0)
(-1.12635 -0.134731 0)
(-0.88879 -0.0666504 0)
(-0.772397 -0.0155268 0)
(-0.777413 0.00157944 0)
(-0.791873 -0.0144137 0)
(-0.744839 -0.0563903 0)
(-0.651986 -0.0625562 0)
(-0.575653 -0.0545272 0)
(-0.519674 -0.0703999 0)
(-0.458734 -0.106673 0)
(-0.373374 -0.147161 0)
(-0.24088 -0.192369 0)
(-0.047814 -0.207651 0)
(0.131293 -0.142082 0)
(-0.324397 1.26666 0)
(-0.490444 0.661005 0)
(-0.990192 0.56555 0)
(-1.26969 0.44804 0)
(-1.52147 0.326627 0)
(-1.77574 0.206017 0)
(-2.0748 0.0657207 0)
(-2.33737 -0.124651 0)
(-2.44124 -0.341727 0)
(-2.4349 -0.414289 0)
(-2.34243 -0.209816 0)
(-2.14005 0.00862258 0)
(-1.95559 -0.0232548 0)
(-1.79976 -0.195518 0)
(-1.7291 -0.272103 0)
(-1.62323 -0.230883 0)
(-1.44869 -0.181552 0)
(-1.2725 -0.175111 0)
(-1.11092 -0.243202 0)
(-0.89401 -0.474446 0)
(-0.587774 -0.899854 0)
(0.780956 -0.642026 0)
(1.40805 -0.483407 0)
(-0.231599 1.52416 0)
(-0.338732 1.01551 0)
(-0.706359 0.867381 0)
(-0.795741 0.681338 0)
(-0.84857 0.555036 0)
(-0.854941 0.519198 0)
(-0.908383 0.485503 0)
(-1.04189 0.315965 0)
(-1.20943 -0.0690463 0)
(-1.42261 -0.45174 0)
(-1.57671 -0.492783 0)
(-1.59332 -0.343252 0)
(-1.64599 -0.279543 0)
(-1.87091 -0.208385 0)
(-2.31453 -0.159388 0)
(-2.44777 -0.281154 0)
(-1.99546 -0.48523 0)
(-1.55313 -0.540954 0)
(-1.2357 -0.526136 0)
(-1.04998 -0.765617 0)
(-1.01897 -1.29536 0)
(-0.951947 -1.62949 0)
(-0.66999 -1.37455 0)
(-0.132325 1.72465 0)
(-0.123304 1.20532 0)
(-0.39405 0.962614 0)
(-0.309173 0.718287 0)
(-0.295318 0.51294 0)
(-0.249336 0.416441 0)
(-0.203596 0.380253 0)
(-0.231697 0.350127 0)
(-0.397927 0.211725 0)
(-0.767142 0.0616679 0)
(-1.21945 0.0202725 0)
(-1.5182 0.0665689 0)
(-1.86043 0.229399 0)
(-2.20227 0.358151 0)
(-2.25973 0.0936739 0)
(-1.95307 -0.500887 0)
(-1.57429 -0.844727 0)
(-1.38799 -0.779028 0)
(-1.2054 -0.684597 0)
(-1.105 -0.733425 0)
(-1.20029 -1.0377 0)
(-1.60377 -1.45917 0)
(-1.89653 -1.15138 0)
(0.00898721 1.75635 0)
(0.120831 1.39397 0)
(-0.115338 0.972555 0)
(0.0177381 0.662196 0)
(0.0216904 0.462016 0)
(0.0218948 0.374281 0)
(0.00850561 0.331274 0)
(-0.0198596 0.357857 0)
(-0.0860507 0.386428 0)
(-0.301935 0.359933 0)
(-0.64254 0.348104 0)
(-0.989284 0.352838 0)
(-1.27418 0.339765 0)
(-1.53212 0.206127 0)
(-1.69947 -0.176392 0)
(-1.7191 -0.695338 0)
(-1.6497 -1.02811 0)
(-1.55374 -1.00006 0)
(-1.41266 -0.876605 0)
(-1.29677 -0.795042 0)
(-1.38794 -0.841023 0)
(-1.90691 -0.808357 0)
(-2.44187 -0.933143 0)
(0.139387 1.53798 0)
(0.32247 1.49255 0)
(0.193181 1.02346 0)
(0.226157 0.643373 0)
(0.202965 0.464436 0)
(0.155969 0.418041 0)
(0.0938843 0.407042 0)
(0.0100836 0.433381 0)
(-0.0311026 0.496334 0)
(-0.107593 0.556615 0)
(-0.255158 0.608023 0)
(-0.455366 0.650134 0)
(-0.643478 0.65828 0)
(-0.838623 0.528452 0)
(-1.09232 0.144408 0)
(-1.33897 -0.494521 0)
(-1.56634 -1.03233 0)
(-1.59498 -1.09087 0)
(-1.51193 -0.982246 0)
(-1.40383 -0.790404 0)
(-1.40521 -0.616874 0)
(-1.53139 -0.419006 0)
(-1.73281 -0.454672 0)
(0.16716 1.20564 0)
(0.382456 1.41205 0)
(0.384059 1.04811 0)
(0.367305 0.688093 0)
(0.297289 0.516142 0)
(0.213929 0.489049 0)
(0.134427 0.496033 0)
(0.0351766 0.513024 0)
(-0.0232338 0.553037 0)
(-0.0537794 0.633767 0)
(-0.0930155 0.725786 0)
(-0.161375 0.790909 0)
(-0.243355 0.810811 0)
(-0.355678 0.735336 0)
(-0.589299 0.425491 0)
(-0.959513 -0.15053 0)
(-1.3676 -0.748736 0)
(-1.59853 -1.0774 0)
(-1.57257 -1.06352 0)
(-1.44188 -0.880385 0)
(-1.28114 -0.615943 0)
(-1.18913 -0.412999 0)
(-1.13824 -0.381448 0)
(0.0794601 0.965894 0)
(0.288339 1.23842 0)
(0.38765 1.00797 0)
(0.389385 0.737996 0)
(0.307733 0.598949 0)
(0.217157 0.574227 0)
(0.140637 0.579549 0)
(0.058075 0.586264 0)
(-0.00433036 0.595467 0)
(-0.0368901 0.65237 0)
(-0.045448 0.745829 0)
(-0.0519907 0.82144 0)
(-0.0649802 0.852557 0)
(-0.100458 0.839871 0)
(-0.236293 0.693248 0)
(-0.560508 0.279392 0)
(-1.03882 -0.337979 0)
(-1.49933 -0.891781 0)
(-1.71374 -1.14133 0)
(-1.61343 -1.06592 0)
(-1.3875 -0.85624 0)
(-1.08694 -0.612064 0)
(-0.855409 -0.447282 0)
(-0.0144443 0.870045 0)
(0.151944 1.05485 0)
(0.288466 0.931536 0)
(0.315531 0.770016 0)
(0.256755 0.677556 0)
(0.19037 0.651327 0)
(0.13261 0.649843 0)
(0.0761962 0.651232 0)
(0.0245878 0.645334 0)
(-0.0139294 0.672223 0)
(-0.0231848 0.73999 0)
(-0.0119882 0.808862 0)
(0.00274219 0.84926 0)
(0.00671581 0.877596 0)
(-0.0378773 0.857132 0)
(-0.229221 0.644078 0)
(-0.601179 0.190241 0)
(-1.09964 -0.417532 0)
(-1.61588 -0.967254 0)
(-1.89183 -1.1994 0)
(-1.7993 -1.1085 0)
(-1.51354 -0.920601 0)
(-1.21019 -0.713679 0)
(-0.0410701 0.84814 0)
(0.0699211 0.905546 0)
(0.186061 0.85571 0)
(0.218822 0.779652 0)
(0.192093 0.726047 0)
(0.158961 0.700984 0)
(0.1253 0.696141 0)
(0.0936748 0.69665 0)
(0.0590962 0.690122 0)
(0.0247754 0.699967 0)
(0.010814 0.739535 0)
(0.0213877 0.791062 0)
(0.0400281 0.832325 0)
(0.0532509 0.876623 0)
(0.0548717 0.919268 0)
(-0.0159931 0.854323 0)
(-0.244743 0.577479 0)
(-0.616164 0.130065 0)
(-1.10337 -0.423813 0)
(-1.6261 -0.947138 0)
(-2.04558 -1.21513 0)
(-2.14934 -1.22401 0)
(-1.94015 -1.04031 0)
(-0.0232923 0.84271 0)
(0.0438639 0.811681 0)
(0.117905 0.797695 0)
(0.147241 0.771075 0)
(0.145075 0.742308 0)
(0.136693 0.722224 0)
(0.123171 0.718004 0)
(0.110833 0.719857 0)
(0.093599 0.718378 0)
(0.0720647 0.722974 0)
(0.0594608 0.743783 0)
(0.0646708 0.778438 0)
(0.0789623 0.816503 0)
(0.0907082 0.862972 0)
(0.103523 0.923284 0)
(0.0992309 0.942191 0)
(-0.00405363 0.812302 0)
(-0.263524 0.477164 0)
(-0.603855 0.0665028 0)
(-0.935814 -0.303177 0)
(-1.40187 -0.72981 0)
(-1.92896 -1.12258 0)
(-2.27196 -1.28411 0)
(-0.00302451 0.830628 0)
(0.0384921 0.757822 0)
(0.0822364 0.757433 0)
(0.108473 0.753715 0)
(0.119431 0.738735 0)
(0.124752 0.724912 0)
(0.124798 0.722731 0)
(0.125619 0.726397 0)
(0.122871 0.729898 0)
(0.116075 0.735001 0)
(0.110827 0.747148 0)
(0.113968 0.7707 0)
(0.124274 0.805015 0)
(0.134961 0.850101 0)
(0.148174 0.908083 0)
(0.165294 0.960585 0)
(0.140251 0.9432 0)
(-0.0206561 0.743585 0)
(-0.361154 0.317799 0)
(-0.644131 0.0125744 0)
(-0.930829 -0.170139 0)
(-1.42859 -0.382389 0)
(-1.96133 -0.597576 0)
(0.00602174 0.81103 0)
(0.0361826 0.72248 0)
(0.0663057 0.727824 0)
(0.0908017 0.733829 0)
(0.107068 0.726424 0)
(0.119209 0.717794 0)
(0.127586 0.71722 0)
(0.136698 0.721903 0)
(0.144335 0.728301 0)
(0.149722 0.735371 0)
(0.15395 0.74561 0)
(0.16023 0.764077 0)
(0.170783 0.794634 0)
(0.184401 0.837339 0)
(0.201134 0.889918 0)
(0.224573 0.948067 0)
(0.239684 0.995147 0)
(0.190476 0.958351 0)
(-0.0876155 0.634026 0)
(-0.447514 0.237602 0)
(-0.656823 0.0732211 0)
(-0.948165 0.0403909 0)
(-1.43076 -0.187231 0)
(0.00816884 0.789623 0)
(0.0341564 0.694884 0)
(0.0591707 0.702509 0)
(0.0826893 0.713273 0)
(0.100963 0.710363 0)
(0.116711 0.705221 0)
(0.130119 0.705459 0)
(0.144266 0.710096 0)
(0.158515 0.717311 0)
(0.17224 0.725812 0)
(0.184932 0.736753 0)
(0.197579 0.753704 0)
(0.212736 0.780711 0)
(0.23273 0.819243 0)
(0.258223 0.866643 0)
(0.290728 0.920325 0)
(0.329434 0.985103 0)
(0.360434 1.05161 0)
(0.274327 0.959654 0)
(-0.0784562 0.556411 0)
(-0.389075 0.266173 0)
(-0.519755 0.248459 0)
(-0.612847 0.223777 0)
(0.00870768 0.768666 0)
(0.0327169 0.670838 0)
(0.0554399 0.678661 0)
(0.0783941 0.692375 0)
(0.0977526 0.692232 0)
(0.115691 0.689209 0)
(0.132265 0.689754 0)
(0.149515 0.693738 0)
(0.167669 0.700439 0)
(0.18651 0.709153 0)
(0.205488 0.720521 0)
(0.224988 0.736558 0)
(0.246992 0.759882 0)
(0.274776 0.792288 0)
(0.310675 0.83265 0)
(0.355543 0.878312 0)
(0.412577 0.93362 0)
(0.486236 1.01742 0)
(0.557788 1.08624 0)
(0.448999 0.897852 0)
(0.132296 0.555975 0)
(-0.101155 0.314259 0)
(-0.133837 0.208833 0)
(0.00943104 0.74773 0)
(0.0319744 0.648812 0)
(0.053365 0.655615 0)
(0.0759347 0.671261 0)
(0.0961095 0.672767 0)
(0.115523 0.670952 0)
(0.134255 0.671536 0)
(0.153597 0.67469 0)
(0.1741 0.680235 0)
(0.195997 0.687999 0)
(0.219227 0.698407 0)
(0.244328 0.71245 0)
(0.272887 0.731361 0)
(0.30774 0.756272 0)
(0.352064 0.786993 0)
(0.407595 0.821561 0)
(0.477791 0.85942 0)
(0.569771 0.911948 0)
(0.70646 1.00018 0)
(0.821401 1.01252 0)
(0.762591 0.805649 0)
(0.569901 0.53318 0)
(0.489629 0.307403 0)
(0.0102386 0.726454 0)
(0.0316879 0.62808 0)
(0.0522881 0.633188 0)
(0.0745612 0.649966 0)
(0.0953408 0.652377 0)
(0.11578 0.651144 0)
(0.136061 0.651551 0)
(0.156978 0.653831 0)
(0.179106 0.657954 0)
(0.202961 0.663982 0)
(0.228963 0.672185 0)
(0.257886 0.682972 0)
(0.291124 0.69667 0)
(0.330831 0.713548 0)
(0.379868 0.733357 0)
(0.440765 0.754618 0)
(0.516233 0.774631 0)
(0.610952 0.792143 0)
(0.745973 0.823871 0)
(0.929811 0.863329 0)
(1.08898 0.810663 0)
(1.13688 0.616565 0)
(1.12885 0.329795 0)
(0.0108015 0.704903 0)
(0.0315556 0.608065 0)
(0.0517016 0.611204 0)
(0.0737452 0.628511 0)
(0.0949146 0.631332 0)
(0.116039 0.630214 0)
(0.137405 0.630208 0)
(0.159526 0.631544 0)
(0.182903 0.634129 0)
(0.208126 0.638028 0)
(0.235866 0.64336 0)
(0.266981 0.650185 0)
(0.302679 0.658344 0)
(0.34457 0.667486 0)
(0.394706 0.67692 0)
(0.45544 0.685172 0)
(0.528788 0.689294 0)
(0.616784 0.683935 0)
(0.726591 0.667964 0)
(0.876831 0.648807 0)
(1.06191 0.608164 0)
(1.22528 0.496564 0)
(1.32695 0.288019 0)
(0.0110498 0.68326 0)
(0.0313945 0.588398 0)
(0.0512143 0.58955 0)
(0.0730628 0.60697 0)
(0.0944232 0.609874 0)
(0.115948 0.608534 0)
(0.137985 0.607892 0)
(0.160914 0.608174 0)
(0.185164 0.609161 0)
(0.211273 0.610813 0)
(0.239932 0.613113 0)
(0.271938 0.615896 0)
(0.308263 0.618774 0)
(0.350085 0.621082 0)
(0.398724 0.62181 0)
(0.455746 0.619385 0)
(0.522463 0.611154 0)
(0.599415 0.592563 0)
(0.686239 0.557322 0)
(0.787449 0.502423 0)
(0.909683 0.427729 0)
(1.04246 0.324689 0)
(1.13702 0.167405 0)
(0.0110714 0.661707 0)
(0.0311278 0.568957 0)
(0.0505945 0.568206 0)
(0.0722337 0.585452 0)
(0.0935995 0.588232 0)
(0.115269 0.586457 0)
(0.137601 0.585025 0)
(0.16091 0.584156 0)
(0.185571 0.583529 0)
(0.212031 0.582985 0)
(0.240879 0.582398 0)
(0.272771 0.581471 0)
(0.308432 0.579723 0)
(0.348677 0.576381 0)
(0.394298 0.57035 0)
(0.446112 0.560105 0)
(0.504699 0.543433 0)
(0.569911 0.517203 0)
(0.639967 0.476871 0)
(0.712035 0.417586 0)
(0.784507 0.336683 0)
(0.858459 0.237244 0)
(0.912628 0.112638 0)
(0.0109683 0.640389 0)
(0.0307256 0.549776 0)
(0.049737 0.547221 0)
(0.0711044 0.564085 0)
(0.0922961 0.566616 0)
(0.113877 0.564297 0)
(0.136173 0.562006 0)
(0.159457 0.559961 0)
(0.184051 0.557767 0)
(0.210319 0.555184 0)
(0.238716 0.552013 0)
(0.269739 0.547899 0)
(0.303893 0.542328 0)
(0.341694 0.534535 0)
(0.38357 0.523494 0)
(0.429837 0.507863 0)
(0.480536 0.485888 0)
(0.535142 0.455413 0)
(0.592094 0.413832 0)
(0.648275 0.358329 0)
(0.698839 0.286198 0)
(0.741897 0.199674 0)
(0.769112 0.097727 0)
(0.0108077 0.619417 0)
(0.0301756 0.530948 0)
(0.0486157 0.526685 0)
(0.0696093 0.543008 0)
(0.0904537 0.545217 0)
(0.11173 0.542325 0)
(0.133713 0.539183 0)
(0.15663 0.536014 0)
(0.180748 0.532372 0)
(0.20636 0.527978 0)
(0.233802 0.52259 0)
(0.263426 0.515848 0)
(0.295553 0.507241 0)
(0.330476 0.496074 0)
(0.368366 0.481446 0)
(0.409237 0.462253 0)
(0.452823 0.437149 0)
(0.498389 0.404607 0)
(0.544567 0.363024 0)
(0.589133 0.310988 0)
(0.628266 0.247085 0)
(0.658853 0.172535 0)
(0.67531 0.0870446 0)
(0.0106214 0.59889 0)
(0.0294756 0.512582 0)
(0.0472495 0.506715 0)
(0.0677422 0.522375 0)
(0.0880753 0.524223 0)
(0.108853 0.520778 0)
(0.130292 0.516846 0)
(0.152572 0.512656 0)
(0.175905 0.507735 0)
(0.200517 0.501791 0)
(0.226654 0.494568 0)
(0.25454 0.485723 0)
(0.284362 0.474784 0)
(0.316245 0.461152 0)
(0.350194 0.444069 0)
(0.386036 0.422659 0)
(0.42336 0.395922 0)
(0.461371 0.362792 0)
(0.498832 0.322252 0)
(0.534037 0.273555 0)
(0.564433 0.216206 0)
(0.587766 0.151346 0)
(0.599712 0.0790403 0)
(0.0104195 0.578893 0)
(0.028636 0.494779 0)
(0.045679 0.487428 0)
(0.0655351 0.50234 0)
(0.0852048 0.503804 0)
(0.105316 0.499853 0)
(0.126021 0.495222 0)
(0.147454 0.490138 0)
(0.169779 0.48413 0)
(0.193163 0.476902 0)
(0.217773 0.468208 0)
(0.24374 0.457735 0)
(0.271149 0.445074 0)
(0.300011 0.42972 0)
(0.330223 0.411065 0)
(0.361517 0.388431 0)
(0.393426 0.3611 0)
(0.425194 0.328362 0)
(0.45575 0.289606 0)
(0.483727 0.244472 0)
(0.507297 0.192891 0)
(0.525044 0.135965 0)
(0.533856 0.073856 0)
(0.0102054 0.559492 0)
(0.0276816 0.477623 0)
(0.0439489 0.46892 0)
(0.063041 0.483035 0)
(0.0819121 0.484107 0)
(0.10122 0.479711 0)
(0.121037 0.47448 0)
(0.141463 0.468643 0)
(0.162622 0.46174 0)
(0.184631 0.453482 0)
(0.207594 0.443649 0)
(0.23157 0.431966 0)
(0.256571 0.418091 0)
(0.282539 0.40161 0)
(0.309305 0.382052 0)
(0.336564 0.358907 0)
(0.36385 0.331673 0)
(0.390489 0.299897 0)
(0.415585 0.263246 0)
(0.438064 0.221597 0)
(0.456554 0.175062 0)
(0.47011 0.124588 0)
(0.47652 0.0703283 0)
(0.00998332 0.540725 0)
(0.0266493 0.461195 0)
(0.0420922 0.451267 0)
(0.0603206 0.464574 0)
(0.0782808 0.465262 0)
(0.0966765 0.460486 0)
(0.115489 0.454757 0)
(0.134794 0.448303 0)
(0.15468 0.440685 0)
(0.175227 0.431632 0)
(0.196488 0.420951 0)
(0.21847 0.40841 0)
(0.241137 0.393729 0)
(0.264389 0.376582 0)
(0.288028 0.356611 0)
(0.311745 0.333444 0)
(0.335106 0.306739 0)
(0.357526 0.276221 0)
(0.378273 0.241736 0)
(0.39651 0.203297 0)
(0.411207 0.161095 0)
(0.421708 0.115912 0)
(0.426395 0.0678729 0)
(0.00976368 0.522606 0)
(0.0255884 0.445583 0)
(0.0401157 0.43452 0)
(0.0574293 0.447048 0)
(0.0743935 0.447369 0)
(0.0917982 0.442275 0)
(0.109525 0.436151 0)
(0.127632 0.429211 0)
(0.146184 0.421041 0)
(0.165226 0.411399 0)
(0.184776 0.400115 0)
(0.204805 0.387001 0)
(0.225248 0.371836 0)
(0.245986 0.354368 0)
(0.266812 0.334333 0)
(0.287434 0.311468 0)
(0.307459 0.28555 0)
(0.326392 0.256423 0)
(0.343641 0.224043 0)
(0.358555 0.188505 0)
(0.370359 0.150027 0)
(0.37859 0.10925 0)
(0.382023 0.0662512 0)
(0.00957491 0.505111 0)
(0.0245622 0.430912 0)
(0.0380003 0.418721 0)
(0.0544076 0.430518 0)
(0.0703185 0.430492 0)
(0.0866857 0.425146 0)
(0.103279 0.418722 0)
(0.120145 0.411416 0)
(0.137338 0.402842 0)
(0.154871 0.392786 0)
(0.172738 0.381103 0)
(0.19089 0.367647 0)
(0.209246 0.352246 0)
(0.227679 0.334713 0)
(0.245991 0.314856 0)
(0.26391 0.292499 0)
(0.281097 0.267503 0)
(0.297135 0.239796 0)
(0.311551 0.209403 0)
(0.323837 0.176459 0)
(0.333405 0.14119 0)
(0.339929 0.104114 0)
(0.342438 0.0652569 0)
(0.00946378 0.488161 0)
(0.0236294 0.41734 0)
(0.0357444 0.403923 0)
(0.0512864 0.415016 0)
(0.0661032 0.414658 0)
(0.0814165 0.409136 0)
(0.0968548 0.402499 0)
(0.112466 0.394936 0)
(0.128308 0.386087 0)
(0.144365 0.375765 0)
(0.160612 0.363852 0)
(0.176993 0.350235 0)
(0.193419 0.334786 0)
(0.209765 0.317368 0)
(0.225845 0.29785 0)
(0.241419 0.27612 0)
(0.256197 0.252102 0)
(0.269835 0.22578 0)
(0.281957 0.197217 0)
(0.292171 0.16657 0)
(0.300031 0.13406 0)
(0.305306 0.100106 0)
(0.307217 0.0646852 0)
(0.00946531 0.471641 0)
(0.0228086 0.404984 0)
(0.0334106 0.390218 0)
(0.048093 0.400557 0)
(0.0617746 0.399884 0)
(0.0760366 0.394259 0)
(0.0903088 0.387489 0)
(0.104676 0.37976 0)
(0.119197 0.370744 0)
(0.133834 0.360273 0)
(0.148551 0.348259 0)
(0.163289 0.334619 0)
(0.177958 0.319258 0)
(0.192437 0.302081 0)
(0.20656 0.283002 0)
(0.220118 0.261958 0)
(0.232868 0.238919 0)
(0.244533 0.213901 0)
(0.254818 0.186991 0)
(0.263422 0.158351 0)
(0.270018 0.128192 0)
(0.274452 0.0968523 0)
(0.276101 0.0642753 0)
(0.00957071 0.455451 0)
(0.022071 0.393875 0)
(0.0310863 0.377716 0)
(0.0448377 0.387167 0)
(0.0573353 0.386182 0)
(0.0705488 0.380521 0)
(0.0836393 0.373681 0)
(0.0967785 0.365858 0)
(0.110016 0.356756 0)
(0.123291 0.346225 0)
(0.136572 0.334206 0)
(0.149796 0.32064 0)
(0.162872 0.305459 0)
(0.175689 0.288602 0)
(0.188099 0.270017 0)
(0.199927 0.249673 0)
(0.210972 0.227571 0)
(0.221012 0.20375 0)
(0.229819 0.178304 0)
(0.237171 0.151389 0)
(0.242833 0.123201 0)
(0.246711 0.0940164 0)
(0.24832 0.0637575 0)
(0.00973163 0.439541 0)
(0.0213706 0.383981 0)
(0.0288029 0.366523 0)
(0.0414989 0.374896 0)
(0.052759 0.373583 0)
(0.0649058 0.367932 0)
(0.0767801 0.361073 0)
(0.0886936 0.35321 0)
(0.100664 0.344078 0)
(0.112617 0.333549 0)
(0.124528 0.321589 0)
(0.136328 0.30816 0)
(0.147931 0.293217 0)
(0.159234 0.276723 0)
(0.170106 0.258647 0)
(0.180401 0.238986 0)
(0.189957 0.217757 0)
(0.198596 0.195012 0)
(0.206141 0.170844 0)
(0.212425 0.145398 0)
(0.217288 0.118846 0)
(0.220672 0.0914164 0)
(0.222202 0.0630243 0)
(0.00989491 0.423915 0)
(0.020667 0.375257 0)
(0.026529 0.356733 0)
(0.0380396 0.363821 0)
(0.0479967 0.36214 0)
(0.0590254 0.356531 0)
(0.0696218 0.349691 0)
(0.0802842 0.341826 0)
(0.0909675 0.332696 0)
(0.101594 0.322209 0)
(0.112147 0.310351 0)
(0.122552 0.297099 0)
(0.132725 0.282427 0)
(0.142572 0.266314 0)
(0.151979 0.248746 0)
(0.160823 0.229737 0)
(0.168969 0.209314 0)
(0.176271 0.187535 0)
(0.182593 0.164489 0)
(0.1878 0.140299 0)
(0.191783 0.115116 0)
(0.194502 0.0891305 0)
(0.19566 0.0622609 0)
(0.0100217 0.408622 0)
(0.0199047 0.367648 0)
(0.0242335 0.348432 0)
(0.0344408 0.354035 0)
(0.0430045 0.351939 0)
(0.0528333 0.346394 0)
(0.0620677 0.339596 0)
(0.0714272 0.331751 0)
(0.0807684 0.322646 0)
(0.0900237 0.312228 0)
(0.099182 0.300503 0)
(0.108161 0.287456 0)
(0.11688 0.273076 0)
(0.125255 0.257355 0)
(0.133186 0.240292 0)
(0.140565 0.221907 0)
(0.147277 0.202236 0)
(0.153203 0.181337 0)
(0.158229 0.159292 0)
(0.162245 0.136205 0)
(0.165179 0.112203 0)
(0.166995 0.0874482 0)
(0.167456 0.0618698 0)
(0.0100697 0.393796 0)
(0.0189807 0.361042 0)
(0.0219074 0.341687 0)
(0.0307134 0.345641 0)
(0.03778 0.343091 0)
(0.0463208 0.337617 0)
(0.0541084 0.330866 0)
(0.062112 0.323055 0)
(0.0700473 0.31399 0)
(0.0778789 0.303667 0)
(0.0855921 0.292101 0)
(0.0930986 0.279284 0)
(0.100328 0.265217 0)
(0.107201 0.249899 0)
(0.11363 0.233336 0)
(0.119523 0.215553 0)
(0.12478 0.196588 0)
(0.129302 0.176504 0)
(0.132996 0.15537 0)
(0.135777 0.133275 0)
(0.137603 0.110324 0)
(0.138435 0.0866433 0)
(0.138106 0.0621868 0)
(0.009953 0.379648 0)
(0.0177595 0.355293 0)
(0.0195361 0.336494 0)
(0.02688 0.338709 0)
(0.0323787 0.335691 0)
(0.0395761 0.330266 0)
(0.0458663 0.323556 0)
(0.0524941 0.315779 0)
(0.0589894 0.30677 0)
(0.0653798 0.296566 0)
(0.0716353 0.285179 0)
(0.077668 0.27261 0)
(0.0834204 0.258867 0)
(0.0888193 0.243952 0)
(0.0937913 0.227876 0)
(0.0982587 0.210663 0)
(0.102138 0.192358 0)
(0.105349 0.17302 0)
(0.107822 0.15271 0)
(0.109496 0.131499 0)
(0.110353 0.109468 0)
(0.110368 0.0867014 0)
(0.109434 0.0631908 0)
(0.00959378 0.366497 0)
(0.0161742 0.350364 0)
(0.0170971 0.332764 0)
(0.0229694 0.333242 0)
(0.0269057 0.329786 0)
(0.0327671 0.324365 0)
(0.0375734 0.317677 0)
(0.042861 0.309935 0)
(0.0479423 0.300994 0)
(0.0529386 0.290924 0)
(0.0577927 0.279725 0)
(0.0624277 0.267408 0)
(0.0667991 0.25398 0)
(0.0708426 0.239449 0)
(0.0744984 0.223826 0)
(0.0777044 0.207134 0)
(0.0803945 0.189423 0)
(0.0825047 0.170745 0)
(0.0839895 0.151151 0)
(0.0848048 0.130694 0)
(0.0849561 0.109429 0)
(0.0844192 0.0874018 0)
(0.0831279 0.064662 0)
(0.00885031 0.35446 0)
(0.0140867 0.346094 0)
(0.014476 0.330341 0)
(0.0189264 0.329153 0)
(0.0214165 0.325334 0)
(0.0259972 0.319836 0)
(0.0294032 0.31315 0)
(0.0334331 0.305427 0)
(0.0371807 0.296556 0)
(0.0408886 0.286616 0)
(0.0444595 0.275592 0)
(0.0478366 0.263503 0)
(0.0509874 0.250359 0)
(0.0538603 0.236167 0)
(0.0564065 0.220938 0)
(0.0585755 0.204699 0)
(0.0603155 0.187497 0)
(0.0615784 0.169374 0)
(0.0623372 0.150374 0)
(0.0625457 0.130529 0)
(0.0622268 0.109885 0)
(0.0613322 0.0884452 0)
(0.0598143 0.0663327 0)
(0.00808974 0.34491 0)
(0.0121026 0.343073 0)
(0.0120408 0.328997 0)
(0.0151957 0.326405 0)
(0.0164715 0.322347 0)
(0.0199538 0.316753 0)
(0.0221619 0.310071 0)
(0.0251257 0.302372 0)
(0.0277349 0.293568 0)
(0.030366 0.283745 0)
(0.03287 0.272869 0)
(0.0352162 0.26097 0)
(0.0373785 0.248058 0)
(0.039315 0.23414 0)
(0.0409824 0.219227 0)
(0.0423365 0.203349 0)
(0.043326 0.186553 0)
(0.0439132 0.168874 0)
(0.0440697 0.150348 0)
(0.0437367 0.131 0)
(0.0429362 0.110876 0)
(0.0415691 0.0899501 0)
(0.0395995 0.0684166 0)
(0.00578313 0.333443 0)
(0.00773517 0.339821 0)
(0.00751312 0.328474 0)
(0.00915993 0.324399 0)
(0.00918048 0.320184 0)
(0.0111337 0.314193 0)
(0.0119121 0.307573 0)
(0.0134562 0.29977 0)
(0.0146285 0.291055 0)
(0.0158901 0.281327 0)
(0.0170393 0.270601 0)
(0.0180968 0.25889 0)
(0.0190419 0.246209 0)
(0.0198459 0.232574 0)
(0.0204726 0.218006 0)
(0.0208889 0.202533 0)
(0.0210565 0.186193 0)
(0.0209567 0.169019 0)
(0.0205645 0.151037 0)
(0.0198474 0.132277 0)
(0.0188263 0.112765 0)
(0.017455 0.0924573 0)
(0.0157615 0.0714764 0)
(0.132143 -0.0844506 0)
(0.179904 -0.0629757 0)
(0.225615 -0.0434343 0)
(0.261575 -0.0277315 0)
(0.0667314 -0.12873 0)
(0.0841502 -0.140684 0)
(0.127075 -0.142924 0)
(0.185001 -0.136766 0)
(0.184929 -0.1344 0)
(0.265701 -0.159734 0)
(0.418139 -0.227557 0)
(0.627736 -0.24122 0)
(1.87263 -0.346791 0)
(1.82319 -0.408434 0)
(1.56568 -0.584931 0)
(1.2197 -0.321817 0)
(-0.351649 -0.73561 0)
(-0.268018 -0.199241 0)
(-0.39011 0.36753 0)
(-0.487646 0.811006 0)
(-1.95769 -0.467254 0)
(-1.98209 -0.014655 0)
(-1.94327 0.381778 0)
(-1.79005 0.692549 0)
(-2.7423 -0.476035 0)
(-2.79543 -0.193872 0)
(-2.68175 -0.0117049 0)
(-2.41389 0.0778547 0)
(-1.86949 -0.151231 0)
(-1.90096 -0.122266 0)
(-1.87039 -0.446508 0)
(-1.68958 -0.663764 0)
(-1.24555 -0.420451 0)
(-1.17294 -0.424176 0)
(-0.94892 -0.487494 0)
(-0.985965 -0.535001 0)
(-0.737533 -0.425165 0)
(-0.694052 -0.452252 0)
(-0.679024 -0.453297 0)
(-0.674458 -0.472969 0)
(-1.00359 -0.601645 0)
(-0.911245 -0.574622 0)
(-0.829445 -0.566929 0)
(-0.773224 -0.551735 0)
(-1.66057 -0.873774 0)
(-1.45918 -0.765082 0)
(-1.32214 -0.672477 0)
(-1.29136 -0.59659 0)
(-2.44583 -1.31773 0)
(-2.56474 -1.16419 0)
(-2.67474 -0.797906 0)
(-2.69664 -0.361769 0)
(-2.26936 -0.689207 0)
(-2.41451 -0.697891 0)
(-2.48098 -0.682597 0)
(-2.45853 -0.64755 0)
(-1.72585 -0.413608 0)
(-1.86625 -0.497316 0)
(-1.97085 -0.556804 0)
(-2.02304 -0.605807 0)
(-0.795398 -0.0120849 0)
(-0.915758 -0.207656 0)
(-1.02006 -0.386019 0)
(-1.08568 -0.530866 0)
(-0.160755 0.121594 0)
(-0.131499 -0.0880828 0)
(-0.145422 -0.26427 0)
(-0.209723 -0.407863 0)
(0.466278 0.109338 0)
(0.475119 -0.0185315 0)
(0.481304 -0.145329 0)
(0.490492 -0.277791 0)
(1.12806 0.083492 0)
(1.12598 -0.104699 0)
(1.11207 -0.29537 0)
(1.0939 -0.477581 0)
(1.37469 0.104957 0)
(1.38055 -0.0235792 0)
(1.36377 -0.149829 0)
(1.3316 -0.267208 0)
(1.1773 0.0338791 0)
(1.18151 -0.060397 0)
(1.17112 -0.153848 0)
(1.14848 -0.242655 0)
(0.935055 0.0165387 0)
(0.934698 -0.0461809 0)
(0.92439 -0.109049 0)
(0.906703 -0.169961 0)
(0.777918 0.0200958 0)
(0.77428 -0.030347 0)
(0.764916 -0.0801465 0)
(0.751764 -0.128234 0)
(0.679229 0.0226184 0)
(0.675722 -0.0187935 0)
(0.668651 -0.0593939 0)
(0.658934 -0.0984871 0)
(0.602212 0.0251772 0)
(0.599288 -0.00922883 0)
(0.593662 -0.0431748 0)
(0.586027 -0.0760095 0)
(0.535436 0.0278149 0)
(0.532907 -0.00156567 0)
(0.528384 -0.0306099 0)
(0.522379 -0.0587334 0)
(0.477374 0.0302541 0)
(0.475221 0.0047275 0)
(0.471554 -0.020512 0)
(0.466708 -0.0450496 0)
(0.426764 0.0325334 0)
(0.424888 0.0100782 0)
(0.421799 -0.0121561 0)
(0.417764 -0.03386 0)
(0.382052 0.0347304 0)
(0.380376 0.0147372 0)
(0.37769 -0.00507731 0)
(0.374239 -0.0245059 0)
(0.342232 0.0368671 0)
(0.340716 0.0188881 0)
(0.338345 0.00104865 0)
(0.335349 -0.0165269 0)
(0.306935 0.0389002 0)
(0.305612 0.0226013 0)
(0.303576 0.00640674 0)
(0.301085 -0.00961007 0)
(0.275953 0.040637 0)
(0.274934 0.0257092 0)
(0.273345 0.0108374 0)
(0.27138 -0.00391765 0)
(0.248421 0.0418448 0)
(0.247748 0.0279941 0)
(0.246624 0.014139 0)
(0.245196 0.000361111 0)
(0.222465 0.0424865 0)
(0.22204 0.0294834 0)
(0.221247 0.016429 0)
(0.220237 0.00345035 0)
(0.195802 0.0428509 0)
(0.195396 0.0305487 0)
(0.194672 0.0181685 0)
(0.19375 0.00589308 0)
(0.167188 0.043435 0)
(0.166582 0.0317519 0)
(0.165694 0.0199895 0)
(0.164609 0.00836429 0)
(0.137353 0.0446137 0)
(0.136489 0.0334909 0)
(0.135388 0.0222981 0)
(0.134128 0.0111969 0)
(0.108338 0.0463489 0)
(0.107323 0.0356919 0)
(0.106155 0.0249106 0)
(0.104942 0.0140439 0)
(0.0818534 0.0484056 0)
(0.0808052 0.0380472 0)
(0.0797095 0.027415 0)
(0.078661 0.0165135 0)
(0.0584179 0.0504716 0)
(0.0573836 0.0401754 0)
(0.0563955 0.0294663 0)
(0.0554937 0.0184357 0)
(0.03788 0.0528326 0)
(0.0367338 0.0425064 0)
(0.0356452 0.0317539 0)
(0.0345954 0.0207038 0)
(0.0144433 0.0558752 0)
(0.0136742 0.045399 0)
(0.0129305 0.0345661 0)
(0.0122755 0.0233612 0)
(0.340673 -0.0113351 0)
(0.491979 -0.154377 0)
(0.510905 -0.260652 0)
(0.363266 -0.147142 0)
(0.0789752 0.333681 0)
(-0.0676929 0.548316 0)
(-0.516395 1.07591 0)
(-1.03436 2.48754 0)
(-1.9159 2.95175 0)
(-1.52798 1.80264 0)
(-0.771928 -0.0685535 0)
(-0.214227 -1.53285 0)
(-0.0658227 -1.68884 0)
(-0.0575489 -1.7553 0)
(-0.0915474 -1.55347 0)
(-0.0981185 -1.25844 0)
(-0.131193 -0.712053 0)
(-0.563452 0.497673 0)
(-0.131415 -0.252608 0)
(0.278085 -0.125542 0)
(0.278639 -0.180253 0)
(0.0131104 -0.0725119 0)
(-0.197003 0.0489483 0)
(-0.0807897 0.486792 0)
(-0.11893 0.730139 0)
(-0.380602 1.25081 0)
(-0.61174 3.17704 0)
(-1.06456 3.06532 0)
(-0.691978 1.28173 0)
(-0.138132 -0.805416 0)
(-0.260422 -1.56678 0)
(-0.25049 -1.76179 0)
(-0.265181 -1.73546 0)
(-0.338917 -1.52246 0)
(-0.385475 -1.20254 0)
(-0.53199 -0.459469 0)
(-0.615171 0.35419 0)
(0.00904587 -0.470485 0)
(0.764472 -0.014129 0)
(-0.575188 0.17499 0)
(-0.658476 -0.0184848 0)
(-0.596654 -0.0661352 0)
(-0.340851 0.397631 0)
(-0.191637 0.791738 0)
(-0.340779 1.32596 0)
(-0.45307 3.63767 0)
(-0.591508 2.98001 0)
(-0.304658 1.16453 0)
(-0.167866 -1.05263 0)
(-0.317076 -1.44352 0)
(-0.477663 -1.75132 0)
(-0.493736 -1.65139 0)
(-0.620184 -1.38552 0)
(-0.957083 -1.02234 0)
(-0.993141 -0.282096 0)
(-0.487979 -0.00547011 0)
(0.132943 -0.735367 0)
(0.778279 0.55725 0)
(-0.158854 0.823993 0)
(-0.519232 0.0234717 0)
(-0.510057 -0.215807 0)
(-0.45815 0.187034 0)
(-0.298957 0.759479 0)
(-0.340581 1.40137 0)
(-0.291476 3.65635 0)
(-0.108225 2.73345 0)
(0.130836 1.05357 0)
(-0.150721 -0.961101 0)
(-0.352113 -1.2679 0)
(-0.651101 -1.66475 0)
(-0.664908 -1.52975 0)
(-0.816619 -1.17941 0)
(-0.980334 -0.979218 0)
(-0.749537 -0.759332 0)
(-0.357185 -0.575798 0)
(0.195542 -0.873403 0)
(-0.322342 1.19775 0)
(-0.385121 1.14622 0)
(-0.433414 0.328717 0)
(-0.457288 -0.0965774 0)
(-0.536008 0.185265 0)
(-0.418227 0.69149 0)
(-0.327781 1.37756 0)
(0.00324863 3.02384 0)
(0.773993 2.66891 0)
(0.796583 1.39215 0)
(-0.0245614 -0.627002 0)
(-0.271881 -0.97542 0)
(-0.780693 -1.52138 0)
(-0.788622 -1.48299 0)
(-0.689915 -1.20186 0)
(-0.628324 -1.0913 0)
(-0.406893 -1.05079 0)
(-0.163286 -0.883466 0)
(0.164618 -0.896793 0)
(-1.35412 0.929657 0)
(-0.778505 0.857382 0)
(-0.468746 0.13883 0)
(-0.399046 -0.148383 0)
(-0.554882 0.261369 0)
(-0.47576 0.643317 0)
(-0.331148 1.21735 0)
(0.160068 2.05371 0)
(1.16984 2.39794 0)
(1.335 1.85125 0)
(0.132278 0.0396653 0)
(-0.0306728 -0.535583 0)
(-0.850865 -1.26279 0)
(-0.907682 -1.53719 0)
(-0.633945 -1.3866 0)
(-0.456715 -1.24312 0)
(-0.273866 -1.2175 0)
(-0.0616738 -1.09433 0)
(0.110869 -0.866289 0)
(-1.79291 0.0941919 0)
(-0.916438 0.0616208 0)
(-0.386411 0.030403 0)
(-0.224076 0.0708789 0)
(-0.566467 0.261534 0)
(-0.489104 0.588979 0)
(-0.334412 0.995816 0)
(-0.121095 1.48481 0)
(0.487733 1.86358 0)
(1.31034 1.92945 0)
(0.50346 0.711256 0)
(0.181252 -0.189143 0)
(-0.416416 -0.82392 0)
(-0.997078 -1.56087 0)
(-0.790769 -1.59005 0)
(-0.521422 -1.38713 0)
(-0.30319 -1.33805 0)
(-0.0669758 -1.20877 0)
(0.0757277 -0.844653 0)
(-1.34283 -0.740669 0)
(-1.14511 -0.685924 0)
(-1.00037 -0.517559 0)
(-0.49301 0.0227895 0)
(-0.385922 0.451821 0)
(-0.471961 0.481416 0)
(-0.33274 0.801664 0)
(-0.133972 1.08621 0)
(0.30743 1.44458 0)
(0.790735 1.59419 0)
(0.850675 1.14939 0)
(0.346155 0.0995576 0)
(0.241969 -0.140139 0)
(-0.840009 -1.15837 0)
(-1.14428 -1.84148 0)
(-0.84688 -1.72369 0)
(-0.46874 -1.62261 0)
(-0.13412 -1.43199 0)
(0.055167 -0.859943 0)
(-1.08222 -0.599653 0)
(-1.09891 -0.611316 0)
(-1.10497 -0.529827 0)
(-0.999416 -0.321406 0)
(-0.66125 -0.0829024 0)
(-0.321546 0.275198 0)
(-0.233917 0.571041 0)
(-0.127016 0.830537 0)
(0.0509959 1.11561 0)
(0.377042 1.39107 0)
(0.693895 1.2747 0)
(0.443957 0.27406 0)
(0.378963 0.110276 0)
(-0.305928 -0.131034 0)
(-1.09427 -1.60876 0)
(-1.20053 -2.04081 0)
(-0.725781 -2.11123 0)
(-0.304052 -1.7679 0)
(0.0219744 -0.924503 0)
(-0.702135 -0.526025 0)
(-0.759623 -0.557499 0)
(-0.828826 -0.457839 0)
(-0.915838 -0.215677 0)
(-0.96494 0.136034 0)
(-0.739784 0.387029 0)
(-0.544493 0.603021 0)
(-0.307967 0.798448 0)
(-0.117401 0.998784 0)
(0.0600897 1.18006 0)
(0.440892 1.09963 0)
(0.529892 0.490416 0)
(0.312442 0.472488 0)
(-0.176551 0.249547 0)
(-0.515228 -1.06929 0)
(-0.921914 -1.84908 0)
(-1.01809 -2.3708 0)
(-0.526894 -2.11868 0)
(-0.0237702 -1.03965 0)
(-0.755832 -0.532505 0)
(-0.764233 -0.512836 0)
(-0.754861 -0.477381 0)
(-0.687685 -0.385529 0)
(-0.609568 -0.274376 0)
(-0.647025 -0.0421245 0)
(-0.605797 0.310491 0)
(-0.402787 0.552492 0)
(-0.17001 0.737241 0)
(0.0645288 0.842731 0)
(0.343266 0.783845 0)
(0.566429 0.587064 0)
(0.383254 0.69768 0)
(0.0469523 0.41727 0)
(0.0787023 -0.739147 0)
(-0.278883 -1.57642 0)
(-0.931456 -2.4148 0)
(-0.736916 -2.50938 0)
(-0.020401 -1.50815 0)
(-1.5161 -0.510966 0)
(-1.84475 -0.458125 0)
(-1.79221 -0.516889 0)
(-1.3294 -0.241275 0)
(-0.872204 0.0937238 0)
(-0.542794 0.220769 0)
(-0.427552 0.233397 0)
(-0.298273 0.327544 0)
(-0.136984 0.463193 0)
(0.0904779 0.607327 0)
(0.286445 0.571864 0)
(0.492118 0.580166 0)
(0.48295 0.91604 0)
(0.179839 0.479483 0)
(0.471034 -0.591205 0)
(0.504944 -1.18221 0)
(-0.12159 -1.89522 0)
(-0.763738 -2.80751 0)
(0.0958281 -2.09145 0)
(-2.56168 -0.17338 0)
(-2.29719 -0.419645 0)
(-2.11794 -0.996057 0)
(-1.96026 -1.21784 0)
(-1.56803 -0.931028 0)
(-0.975868 -0.361332 0)
(-0.421883 0.179469 0)
(-0.280397 0.278891 0)
(-0.167586 0.379279 0)
(-0.0284449 0.506966 0)
(-0.0101751 0.368345 0)
(0.172285 0.473788 0)
(0.0306695 1.18794 0)
(0.292312 0.186451 0)
(0.667293 -0.762175 0)
(0.70793 -1.18349 0)
(0.782337 -1.41907 0)
(-0.093154 -2.23391 0)
(0.110335 -2.15893 0)
(-2.33289 -0.613962 0)
(-2.14843 -0.648315 0)
(-2.07321 -0.777166 0)
(-2.14814 -0.902974 0)
(-2.23352 -0.971271 0)
(-2.16515 -0.811285 0)
(-1.89424 -0.366649 0)
(-1.52252 0.0914001 0)
(-1.27199 0.29488 0)
(-1.09521 0.442156 0)
(-0.94263 0.408955 0)
(-0.685571 0.486226 0)
(-0.331644 0.785053 0)
(0.443696 -0.314375 0)
(0.692181 -0.927718 0)
(0.573367 -1.23858 0)
(0.620657 -1.34082 0)
(-0.0310534 -1.68743 0)
(0.108612 -2.19924 0)
(-2.00265 -0.699699 0)
(-1.8699 -0.861006 0)
(-1.69048 -0.954307 0)
(-1.59362 -0.925201 0)
(-1.63173 -0.810482 0)
(-1.743 -0.63316 0)
(-1.79441 -0.419088 0)
(-1.71962 -0.168364 0)
(-1.53366 0.0505705 0)
(-1.26249 0.124304 0)
(-0.928519 0.0583465 0)
(-0.509339 -0.00990408 0)
(0.135413 -0.135756 0)
(0.604219 -0.604047 0)
(0.66311 -0.916403 0)
(0.47964 -1.08367 0)
(0.292498 -1.13734 0)
(-0.087503 -1.61914 0)
(0.094454 -2.16184 0)
(-1.08442 -0.729591 0)
(-1.051 -0.991646 0)
(-0.972389 -1.09394 0)
(-0.841233 -1.02287 0)
(-0.770156 -0.865243 0)
(-0.767143 -0.659076 0)
(-0.776718 -0.447292 0)
(-0.725054 -0.283354 0)
(-0.585525 -0.198892 0)
(-0.374013 -0.195656 0)
(-0.106003 -0.269349 0)
(0.179798 -0.360426 0)
(0.4645 -0.452729 0)
(0.606163 -0.680268 0)
(0.576021 -0.839216 0)
(0.40486 -0.887897 0)
(0.215793 -0.89671 0)
(-0.12255 -1.66364 0)
(0.0610858 -2.19869 0)
(-0.212878 -0.657039 0)
(-0.153775 -0.983969 0)
(-0.237155 -1.16349 0)
(-0.257868 -1.11159 0)
(-0.233661 -0.917032 0)
(-0.193051 -0.678283 0)
(-0.132244 -0.474265 0)
(-0.0452417 -0.343863 0)
(0.0699156 -0.298494 0)
(0.196305 -0.323494 0)
(0.322927 -0.389636 0)
(0.427948 -0.45851 0)
(0.506264 -0.546556 0)
(0.51722 -0.670116 0)
(0.466936 -0.75058 0)
(0.323572 -0.734186 0)
(0.229455 -0.737161 0)
(-0.0405847 -1.43892 0)
(0.0534841 -2.26795 0)
(0.51009 -0.534758 0)
(0.54322 -0.862924 0)
(0.423979 -1.03323 0)
(0.253672 -1.02083 0)
(0.142023 -0.891917 0)
(0.0977478 -0.711608 0)
(0.113691 -0.545048 0)
(0.172722 -0.432188 0)
(0.248737 -0.385877 0)
(0.320965 -0.394097 0)
(0.377024 -0.438557 0)
(0.411842 -0.498273 0)
(0.429442 -0.566777 0)
(0.410693 -0.637636 0)
(0.375184 -0.675186 0)
(0.245853 -0.617872 0)
(0.205728 -0.648583 0)
(-0.00923005 -1.34214 0)
(0.0864548 -2.25824 0)
(1.04658 -0.728769 0)
(0.91383 -0.918907 0)
(0.734848 -0.935632 0)
(0.542142 -0.878433 0)
(0.37844 -0.772629 0)
(0.274559 -0.642758 0)
(0.230287 -0.527517 0)
(0.231602 -0.45284 0)
(0.259051 -0.425172 0)
(0.294495 -0.435853 0)
(0.327345 -0.471195 0)
(0.349923 -0.517858 0)
(0.363741 -0.570011 0)
(0.344342 -0.611982 0)
(0.324484 -0.616337 0)
(0.187319 -0.520534 0)
(0.195711 -0.602453 0)
(0.00252866 -1.28523 0)
(0.110603 -2.20007 0)
(1.2371 -0.438548 0)
(1.04553 -0.627202 0)
(0.817617 -0.72665 0)
(0.608827 -0.720053 0)
(0.45043 -0.64836 0)
(0.34809 -0.56214 0)
(0.294648 -0.490287 0)
(0.277412 -0.447426 0)
(0.283536 -0.43715 0)
(0.301474 -0.45379 0)
(0.323439 -0.487861 0)
(0.339579 -0.528762 0)
(0.349458 -0.56787 0)
(0.319511 -0.585284 0)
(0.304015 -0.559154 0)
(0.138644 -0.432768 0)
(0.200878 -0.599777 0)
(0.0845658 -1.16428 0)
(0.125077 -2.1021 0)
(1.07761 -0.372446 0)
(0.935872 -0.500381 0)
(0.763578 -0.557484 0)
(0.593617 -0.561825 0)
(0.460379 -0.535327 0)
(0.375809 -0.495153 0)
(0.331214 -0.459388 0)
(0.314589 -0.441413 0)
(0.316617 -0.445363 0)
(0.32897 -0.467979 0)
(0.34552 -0.501524 0)
(0.355055 -0.534804 0)
(0.357164 -0.556928 0)
(0.31141 -0.5494 0)
(0.29511 -0.49287 0)
(0.0878528 -0.344118 0)
(0.185228 -0.636723 0)
(0.0716183 -1.12077 0)
(0.132692 -2.02729 0)
(0.856884 -0.264819 0)
(0.760137 -0.369195 0)
(0.64544 -0.435266 0)
(0.536677 -0.463025 0)
(0.451015 -0.461519 0)
(0.392487 -0.446835 0)
(0.358517 -0.434404 0)
(0.344248 -0.434178 0)
(0.344646 -0.449575 0)
(0.354836 -0.477939 0)
(0.370074 -0.510681 0)
(0.376606 -0.534415 0)
(0.372331 -0.536459 0)
(0.312576 -0.503066 0)
(0.292858 -0.413749 0)
(0.0512126 -0.248296 0)
(0.170183 -0.688295 0)
(0.0233572 -1.04802 0)
(0.140494 -1.96881 0)
(0.718668 -0.202603 0)
(0.656301 -0.289611 0)
(0.582266 -0.352694 0)
(0.508617 -0.390319 0)
(0.44569 -0.406331 0)
(0.399343 -0.410317 0)
(0.370788 -0.414534 0)
(0.357966 -0.428184 0)
(0.35933 -0.454651 0)
(0.373468 -0.490093 0)
(0.394213 -0.521528 0)
(0.402272 -0.531765 0)
(0.392274 -0.508773 0)
(0.321503 -0.447308 0)
(0.293631 -0.326029 0)
(0.0498623 -0.151489 0)
(0.163887 -0.715919 0)
(-0.0267169 -1.00598 0)
(0.149884 -1.9236 0)
(0.635111 -0.159966 0)
(0.590936 -0.236404 0)
(0.537708 -0.297552 0)
(0.482118 -0.339698 0)
(0.431731 -0.364389 0)
(0.392642 -0.379958 0)
(0.367424 -0.397107 0)
(0.356448 -0.424162 0)
(0.362882 -0.464438 0)
(0.387061 -0.509506 0)
(0.416587 -0.53728 0)
(0.425861 -0.527384 0)
(0.407944 -0.47373 0)
(0.328679 -0.383398 0)
(0.288631 -0.238227 0)
(0.0765127 -0.0634931 0)
(0.168747 -0.698206 0)
(-0.057302 -0.982809 0)
(0.161218 -1.88459 0)
(0.567996 -0.128615 0)
(0.534464 -0.196409 0)
(0.493318 -0.253745 0)
(0.448967 -0.297172 0)
(0.407329 -0.328074 0)
(0.373895 -0.353376 0)
(0.351148 -0.382222 0)
(0.34289 -0.424541 0)
(0.357657 -0.48327 0)
(0.392771 -0.538859 0)
(0.426673 -0.5571 0)
(0.43155 -0.519212 0)
(0.40275 -0.430843 0)
(0.317026 -0.313077 0)
(0.264688 -0.155758 0)
(0.0955061 0.00640072 0)
(0.175929 -0.632128 0)
(-0.0687098 -0.966156 0)
(0.174551 -1.84476 0)
(0.508242 -0.104745 0)
(0.481929 -0.165742 0)
(0.449165 -0.219244 0)
(0.412786 -0.262547 0)
(0.377533 -0.29741 0)
(0.347619 -0.329687 0)
(0.325496 -0.369248 0)
(0.320284 -0.430499 0)
(0.342346 -0.51107 0)
(0.380745 -0.573189 0)
(0.408185 -0.573506 0)
(0.401366 -0.502136 0)
(0.360255 -0.379183 0)
(0.270506 -0.238247 0)
(0.209939 -0.0787993 0)
(0.0730882 0.0508001 0)
(0.19017 -0.568592 0)
(-0.0710594 -0.944759 0)
(0.190346 -1.80198 0)
(0.455497 -0.0859706 0)
(0.434342 -0.141126 0)
(0.407204 -0.190599 0)
(0.376138 -0.232761 0)
(0.345054 -0.269726 0)
(0.316312 -0.306599 0)
(0.293864 -0.357304 0)
(0.290535 -0.440585 0)
(0.311561 -0.540755 0)
(0.339057 -0.601149 0)
(0.348646 -0.577033 0)
(0.325715 -0.472149 0)
(0.273731 -0.319039 0)
(0.184228 -0.161399 0)
(0.120757 -0.00557174 0)
(0.00651721 0.0591883 0)
(0.214214 -0.558376 0)
(-0.0798715 -0.905042 0)
(0.208457 -1.75737 0)
(0.408553 -0.0706335 0)
(0.39083 -0.12057 0)
(0.367481 -0.166009 0)
(0.340313 -0.206391 0)
(0.311979 -0.243554 0)
(0.283313 -0.28311 0)
(0.260918 -0.345266 0)
(0.254057 -0.448203 0)
(0.260299 -0.559461 0)
(0.263077 -0.610942 0)
(0.247949 -0.562042 0)
(0.20839 -0.429551 0)
(0.149336 -0.253934 0)
(0.068308 -0.0868045 0)
(0.000710685 0.0669384 0)
(-0.0730631 0.0135215 0)
(0.230907 -0.581738 0)
(-0.0950975 -0.863565 0)
(0.226957 -1.71206 0)
(0.366362 -0.0577603 0)
(0.350974 -0.102859 0)
(0.330621 -0.144446 0)
(0.306895 -0.182604 0)
(0.280928 -0.218347 0)
(0.253369 -0.259443 0)
(0.230898 -0.329921 0)
(0.211858 -0.44264 0)
(0.191505 -0.554617 0)
(0.161432 -0.594684 0)
(0.119302 -0.526322 0)
(0.0636642 -0.376607 0)
(0.00336797 -0.192173 0)
(-0.052667 -0.0212775 0)
(-0.0995717 0.109331 0)
(-0.0689341 -0.131531 0)
(0.224816 -0.607837 0)
(-0.10419 -0.833559 0)
(0.241323 -1.66427 0)
(0.328517 -0.0466711 0)
(0.315201 -0.0874677 0)
(0.297833 -0.125797 0)
(0.277616 -0.161505 0)
(0.255009 -0.195115 0)
(0.230694 -0.236165 0)
(0.206716 -0.306702 0)
(0.170296 -0.415512 0)
(0.119845 -0.519205 0)
(0.0553943 -0.54735 0)
(-0.0139865 -0.466442 0)
(-0.0859437 -0.312536 0)
(-0.138366 -0.140214 0)
(-0.151692 0.0134313 0)
(-0.125797 0.0715315 0)
(-0.00565873 -0.277936 0)
(0.184848 -0.604873 0)
(-0.104885 -0.826398 0)
(0.244999 -1.61026 0)
(0.295318 -0.0370521 0)
(0.284169 -0.074393 0)
(0.270021 -0.110223 0)
(0.253731 -0.143826 0)
(0.235918 -0.175538 0)
(0.21623 -0.213559 0)
(0.190882 -0.274407 0)
(0.141121 -0.367024 0)
(0.0681232 -0.454772 0)
(-0.0245122 -0.470984 0)
(-0.116165 -0.385432 0)
(-0.195809 -0.243829 0)
(-0.235407 -0.109403 0)
(-0.196471 -0.0148336 0)
(-0.0597682 -0.0350267 0)
(0.041666 -0.361432 0)
(0.0847854 -0.554254 0)
(-0.122842 -0.841007 0)
(0.230688 -1.54844 0)
(0.26676 -0.0292038 0)
(0.258089 -0.0639506 0)
(0.247246 -0.0979625 0)
(0.234973 -0.130329 0)
(0.221942 -0.160519 0)
(0.207208 -0.192977 0)
(0.184031 -0.238492 0)
(0.133302 -0.307526 0)
(0.0550853 -0.374139 0)
(-0.0468104 -0.381894 0)
(-0.141225 -0.305657 0)
(-0.203362 -0.195576 0)
(-0.211828 -0.133737 0)
(-0.140166 -0.133201 0)
(0.0266877 -0.17485 0)
(0.0413828 -0.360776 0)
(-0.0711016 -0.434835 0)
(-0.180401 -0.943241 0)
(0.191641 -1.48986 0)
(0.241751 -0.0232228 0)
(0.235388 -0.0561057 0)
(0.227471 -0.0888483 0)
(0.218466 -0.120452 0)
(0.208675 -0.149536 0)
(0.198238 -0.176948 0)
(0.181189 -0.208056 0)
(0.142907 -0.253514 0)
(0.0810582 -0.298892 0)
(-0.00166857 -0.30338 0)
(-0.0752699 -0.253569 0)
(-0.10211 -0.189035 0)
(-0.0708887 -0.184425 0)
(-0.0120987 -0.235303 0)
(0.0852591 -0.246401 0)
(0.0542176 -0.282895 0)
(-0.133028 -0.318617 0)
(-0.181534 -1.23054 0)
(0.118018 -1.48569 0)
(0.217645 -0.0188632 0)
(0.21282 -0.0503799 0)
(0.206884 -0.0820459 0)
(0.199748 -0.112744 0)
(0.191429 -0.141237 0)
(0.183517 -0.166171 0)
(0.172785 -0.188795 0)
(0.152043 -0.218557 0)
(0.119481 -0.2482 0)
(0.0739704 -0.250213 0)
(0.032856 -0.227779 0)
(0.0255554 -0.207119 0)
(0.0757629 -0.22396 0)
(0.107755 -0.263869 0)
(0.147519 -0.249506 0)
(0.131037 -0.203211 0)
(0.0379321 -0.241687 0)
(-0.00676951 -1.2322 0)
(0.0201166 -1.58866 0)
(0.191478 -0.0154498 0)
(0.187304 -0.0459546 0)
(0.182241 -0.0765718 0)
(0.175738 -0.106073 0)
(0.167937 -0.134192 0)
(0.160575 -0.158506 0)
(0.152682 -0.179109 0)
(0.144019 -0.204451 0)
(0.134715 -0.22719 0)
(0.121104 -0.227026 0)
(0.111782 -0.215867 0)
(0.115925 -0.222717 0)
(0.153926 -0.252887 0)
(0.166117 -0.276717 0)
(0.203242 -0.257521 0)
(0.226371 -0.195869 0)
(0.277144 -0.184424 0)
(0.194281 -1.11691 0)
(0.0336995 -1.54138 0)
(0.162288 -0.0122236 0)
(0.158268 -0.0420285 0)
(0.153509 -0.0715746 0)
(0.147336 -0.0998478 0)
(0.139969 -0.127593 0)
(0.132286 -0.151401 0)
(0.124725 -0.173361 0)
(0.119694 -0.201446 0)
(0.11716 -0.223757 0)
(0.115913 -0.225275 0)
(0.123707 -0.220806 0)
(0.138808 -0.235462 0)
(0.169649 -0.267311 0)
(0.174159 -0.292967 0)
(0.226218 -0.289093 0)
(0.268981 -0.266674 0)
(0.412261 -0.224379 0)
(0.395727 -0.90876 0)
(0.117617 -1.35905 0)
(0.131828 -0.00894984 0)
(0.128114 -0.0382801 0)
(0.123715 -0.0667859 0)
(0.118379 -0.0941731 0)
(0.111665 -0.121259 0)
(0.104598 -0.144233 0)
(0.0983451 -0.16821 0)
(0.0935626 -0.199262 0)
(0.0897275 -0.222236 0)
(0.0896576 -0.229278 0)
(0.102716 -0.236113 0)
(0.121761 -0.2576 0)
(0.154545 -0.287441 0)
(0.159207 -0.316972 0)
(0.218307 -0.329482 0)
(0.246641 -0.363877 0)
(0.391421 -0.333518 0)
(0.426011 -0.749142 0)
(0.171171 -1.10037 0)
(0.102919 -0.00602091 0)
(0.0997542 -0.0348923 0)
(0.095847 -0.0625061 0)
(0.0917985 -0.0893121 0)
(0.0859219 -0.115777 0)
(0.0814603 -0.138571 0)
(0.0787219 -0.164329 0)
(0.0758699 -0.19636 0)
(0.0740106 -0.22043 0)
(0.0771692 -0.235566 0)
(0.0917739 -0.25332 0)
(0.108104 -0.279475 0)
(0.135142 -0.306354 0)
(0.137326 -0.341365 0)
(0.190465 -0.363156 0)
(0.192539 -0.435198 0)
(0.294538 -0.435188 0)
(0.324768 -0.662898 0)
(0.146045 -0.869481 0)
(0.0770177 -0.00354907 0)
(0.0743898 -0.0319107 0)
(0.0708843 -0.0590104 0)
(0.068186 -0.0854921 0)
(0.0639737 -0.112277 0)
(0.0630832 -0.136445 0)
(0.0651814 -0.163918 0)
(0.0658546 -0.196409 0)
(0.0677512 -0.222659 0)
(0.0734318 -0.243838 0)
(0.0841976 -0.266015 0)
(0.0933168 -0.292508 0)
(0.110401 -0.319273 0)
(0.110863 -0.359321 0)
(0.149751 -0.385878 0)
(0.137608 -0.46604 0)
(0.189716 -0.487031 0)
(0.194907 -0.606409 0)
(0.0860384 -0.710895 0)
(0.0538961 -0.00153523 0)
(0.0513756 -0.0294044 0)
(0.0484857 -0.0565726 0)
(0.0474524 -0.0834268 0)
(0.0462829 -0.111624 0)
(0.0483123 -0.138341 0)
(0.0534193 -0.167312 0)
(0.0554759 -0.198786 0)
(0.0572714 -0.225775 0)
(0.060166 -0.24907 0)
(0.0645886 -0.27249 0)
(0.0690606 -0.299792 0)
(0.0792603 -0.329135 0)
(0.0803266 -0.370052 0)
(0.102235 -0.399898 0)
(0.0897711 -0.468743 0)
(0.104478 -0.49659 0)
(0.0924942 -0.565557 0)
(0.0384811 -0.620722 0)
(0.0327288 0.000970581 0)
(0.0302162 -0.0268463 0)
(0.0286867 -0.055347 0)
(0.0297035 -0.0837163 0)
(0.0311171 -0.113219 0)
(0.0337364 -0.141555 0)
(0.0370171 -0.170391 0)
(0.0373235 -0.19959 0)
(0.0368361 -0.225832 0)
(0.0368506 -0.250109 0)
(0.0385192 -0.27551 0)
(0.0416184 -0.304369 0)
(0.0469044 -0.335591 0)
(0.0479416 -0.373914 0)
(0.0565092 -0.406119 0)
(0.0498214 -0.460397 0)
(0.0487244 -0.488961 0)
(0.0391613 -0.539823 0)
(0.0158402 -0.577413 0)
(0.0113542 0.00346838 0)
(0.0105364 -0.0259883 0)
(0.0106783 -0.0561563 0)
(0.0118689 -0.0852928 0)
(0.0126212 -0.114522 0)
(0.0131728 -0.142648 0)
(0.0132735 -0.170744 0)
(0.0126706 -0.198826 0)
(0.0119579 -0.225088 0)
(0.0118759 -0.250599 0)
(0.0126656 -0.277316 0)
(0.0138298 -0.30651 0)
(0.0152911 -0.338068 0)
(0.0157402 -0.374393 0)
(0.017785 -0.40816 0)
(0.0165072 -0.455382 0)
(0.0155038 -0.486154 0)
(0.0136014 -0.53158 0)
(0.00538679 -0.56333 0)
)
;

boundaryField
{
    leftWall
    {
        type            noSlip;
    }
    rightWall
    {
        type            noSlip;
    }
    lowerWall
    {
        type            noSlip;
    }
    atmosphere
    {
        type            pressureInletOutletVelocity;
        value           nonuniform List<vector> 
46
(
(0.00578313 0.333443 0)
(0.00773517 0.339821 0)
(0.00751312 0.328474 0)
(0.00915993 0.324399 0)
(0.00918048 0.320184 0)
(0.0111337 0.314193 0)
(0.0119121 0.307573 0)
(0.0134562 0.29977 0)
(0.0146285 0.291055 0)
(0.0158901 0.281327 0)
(0.0170393 0.270601 0)
(0.0180968 0.25889 0)
(0.0190419 0.246209 0)
(0.0198459 0.232574 0)
(0.0204726 0.218006 0)
(0.0208889 0.202533 0)
(0.0210565 0.186193 0)
(0.0209567 0.169019 0)
(0.0205645 0.151037 0)
(0.0198474 0.132277 0)
(0.0188263 0.112765 0)
(0.017455 0.0924573 0)
(0.0157615 0.0714764 0)
(0.0144433 0.0558752 0)
(0.0136742 0.045399 0)
(0.0129305 0.0345661 0)
(0.0122755 0.0233612 0)
(0.0113542 0.00346838 0)
(0 -0.0259883 0)
(0 -0.0561563 0)
(0 -0.0852928 0)
(0 -0.114522 0)
(0 -0.142648 0)
(0 -0.170744 0)
(0 -0.198826 0)
(0 -0.225088 0)
(0 -0.250599 0)
(0 -0.277316 0)
(0 -0.30651 0)
(0 -0.338068 0)
(0 -0.374393 0)
(0 -0.40816 0)
(0 -0.455382 0)
(0 -0.486154 0)
(0 -0.53158 0)
(0 -0.56333 0)
)
;
    }
    defaultFaces
    {
        type            empty;
    }
}


// ************************************************************************* //
