/*--------------------------------*- C++ -*----------------------------------*\
  =========                 |
  \\      /  F ield         | OpenFOAM: The Open Source CFD Toolbox
   \\    /   O peration     | Website:  https://openfoam.org
    \\  /    A nd           | Version:  13
     \\/     M anipulation  |
\*---------------------------------------------------------------------------*/
FoamFile
{
    format      ascii;
    class       surfaceScalarField;
    location    "0.45";
    object      phi;
}
// * * * * * * * * * * * * * * * * * * * * * * * * * * * * * * * * * * * * * //

dimensions      [0 3 -1 0 0 0 0];

internalField   nonuniform List<scalar> 
4432
(
-3.81175e-06
3.81175e-06
-4.29202e-06
4.80276e-07
-8.92408e-07
-3.39961e-06
4.64837e-06
-5.54077e-06
1.09191e-05
-6.27074e-06
1.67223e-05
-5.8032e-06
2.14297e-05
-4.7074e-06
2.49147e-05
-3.48499e-06
2.73154e-05
-2.40067e-06
2.88514e-05
-1.536e-06
2.97225e-05
-8.71073e-07
3.00534e-05
-3.30944e-07
2.98241e-05
2.29346e-07
2.88423e-05
9.81755e-07
2.6781e-05
2.06126e-06
2.30955e-05
3.68551e-06
1.71208e-05
5.97473e-06
8.74235e-06
8.37844e-06
6.68933e-08
8.67546e-06
-7.59927e-06
7.66616e-06
-1.6159e-05
8.5597e-06
-1.59643e-05
-1.94698e-07
-1.59643e-05
-3.96343e-06
7.77518e-06
-3.99147e-06
5.08319e-07
-4.75688e-07
-6.91539e-06
5.04931e-06
-1.10658e-05
1.12665e-05
-1.24879e-05
1.69907e-05
-1.15274e-05
2.16155e-05
-9.33219e-06
2.50345e-05
-6.90404e-06
2.74061e-05
-4.77223e-06
2.89575e-05
-3.08744e-06
2.98885e-05
-1.80204e-06
3.03481e-05
-7.90588e-07
3.04759e-05
1.01561e-07
3.04194e-05
1.03825e-06
3.01904e-05
2.29023e-06
2.96124e-05
4.26359e-06
2.7967e-05
7.62014e-06
2.35537e-05
1.27917e-05
1.43148e-05
1.79144e-05
1.15374e-06
2.08272e-05
-9.2178e-06
1.89312e-05
-9.08076e-06
-3.31767e-07
-2.5045e-05
-3.52763e-06
1.13028e-05
-3.37522e-06
3.5592e-07
1.79029e-07
-1.04696e-05
5.64493e-06
-1.65317e-05
1.17018e-05
-1.85448e-05
1.72176e-05
-1.70432e-05
2.16208e-05
-1.37354e-05
2.48518e-05
-1.0135e-05
2.71069e-05
-7.02738e-06
2.86249e-05
-4.60543e-06
2.95949e-05
-2.77202e-06
3.01347e-05
-1.33035e-06
3.02953e-05
-5.90334e-08
3.00802e-05
1.25329e-06
2.95215e-05
2.84894e-06
2.87715e-05
5.01363e-06
2.8164e-05
8.22765e-06
2.74667e-05
1.3489e-05
2.44026e-05
2.09785e-05
1.66922e-05
2.85376e-05
6.91249e-06
2.8711e-05
1.55226e-06
5.02844e-06
-2.34928e-05
-2.89206e-06
1.41949e-05
-2.46491e-06
-7.12268e-08
1.01412e-06
-1.39487e-05
6.3331e-06
-2.18506e-05
1.21632e-05
-2.43749e-05
1.74212e-05
-2.23012e-05
2.15478e-05
-1.7862e-05
2.45453e-05
-1.31325e-05
2.66662e-05
-9.14833e-06
2.81636e-05
-6.10283e-06
2.92078e-05
-3.8162e-06
2.98876e-05
-2.01013e-06
3.02292e-05
-4.00636e-07
3.02089e-05
1.27365e-06
2.97978e-05
3.26e-06
2.90113e-05
5.80007e-06
2.80804e-05
9.15864e-06
2.77261e-05
1.38432e-05
2.7988e-05
2.07166e-05
2.67514e-05
2.97741e-05
2.18906e-05
3.35718e-05
1.15718e-05
1.53472e-05
-1.19209e-05
-2.0742e-06
1.62691e-05
-1.22566e-06
-9.19761e-07
2.04437e-06
-1.72187e-05
6.99356e-06
-2.67998e-05
1.25223e-05
-2.99036e-05
1.75082e-05
-2.7287e-05
2.13546e-05
-2.17085e-05
2.41228e-05
-1.59007e-05
2.61278e-05
-1.11534e-05
2.76355e-05
-7.61048e-06
2.87918e-05
-4.97257e-06
2.96507e-05
-2.86902e-06
3.02067e-05
-9.56629e-07
3.04222e-05
1.05814e-06
3.02736e-05
3.40868e-06
2.97663e-05
6.30733e-06
2.89693e-05
9.95561e-06
2.82739e-05
1.45385e-05
2.86918e-05
2.02987e-05
3.01618e-05
2.83041e-05
2.87607e-05
3.49729e-05
1.81786e-05
2.59293e-05
6.25769e-06
-1.01676e-06
1.72858e-05
4.15183e-07
-2.3517e-06
3.41774e-06
-2.02213e-05
7.88188e-06
-3.1264e-05
1.29591e-05
-3.49809e-05
1.75503e-05
-3.18783e-05
2.10558e-05
-2.5214e-05
2.35966e-05
-1.84414e-05
2.55291e-05
-1.30859e-05
2.71061e-05
-9.1875e-06
2.84316e-05
-6.29809e-06
2.95154e-05
-3.95283e-06
3.03169e-05
-1.75807e-06
3.07699e-05
6.051e-07
3.08524e-05
3.32616e-06
3.0594e-05
6.5658e-06
3.00891e-05
1.04605e-05
2.94514e-05
1.51762e-05
2.92113e-05
2.05389e-05
3.0402e-05
2.71134e-05
3.04253e-05
3.49496e-05
2.13021e-05
3.50525e-05
2.75598e-05
2.91377e-07
1.69945e-05
2.59238e-06
-4.6527e-06
5.81847e-06
-2.34473e-05
9.85842e-06
-3.53039e-05
1.41534e-05
-3.92758e-05
1.79686e-05
-3.56935e-05
2.09022e-05
-2.81476e-05
2.31232e-05
-2.06624e-05
2.4965e-05
-1.49277e-05
2.66245e-05
-1.0847e-05
2.81432e-05
-7.81676e-06
2.94799e-05
-5.28959e-06
3.05557e-05
-2.8338e-06
3.1288e-05
-1.27192e-07
3.16056e-05
3.0085e-06
3.15487e-05
6.62277e-06
3.12304e-05
1.07787e-05
3.07837e-05
1.56229e-05
3.02798e-05
2.10427e-05
3.04666e-05
2.69266e-05
3.03896e-05
3.50267e-05
2.36448e-05
4.17973e-05
5.12046e-05
2.28047e-06
1.4714e-05
5.86208e-06
-8.23431e-06
1.0055e-05
-2.76403e-05
1.3699e-05
-3.89479e-05
1.66633e-05
-4.22401e-05
1.91718e-05
-3.8202e-05
2.12859e-05
-3.02617e-05
2.31189e-05
-2.24954e-05
2.48393e-05
-1.6648e-05
2.65265e-05
-1.25342e-05
2.81532e-05
-9.44351e-06
2.96449e-05
-6.78123e-06
3.09039e-05
-4.09286e-06
3.18338e-05
-1.05709e-06
3.23893e-05
2.45303e-06
3.25886e-05
6.42342e-06
3.24773e-05
1.089e-05
3.2187e-05
1.59133e-05
3.17711e-05
2.14586e-05
3.14055e-05
2.72922e-05
3.07349e-05
3.56973e-05
2.51216e-05
4.74106e-05
7.63262e-05
4.5184e-05
-4.5184e-05
0.000128065
-8.28798e-05
0.000155883
-2.78183e-05
0.000118365
3.75176e-05
6.95899e-05
4.87757e-05
4.41253e-05
2.54648e-05
3.25585e-05
1.15669e-05
2.22555e-05
1.03026e-05
1.12064e-05
1.1049e-05
-2.40042e-07
1.14468e-05
-1.25317e-05
1.22914e-05
-2.62353e-05
1.37034e-05
-4.20061e-05
1.57707e-05
-6.042e-05
1.84139e-05
-7.98465e-05
1.94261e-05
-9.13624e-05
1.15155e-05
-8.08618e-05
-1.05005e-05
-4.20286e-05
-3.88333e-05
-4.20288e-05
4.13159e-05
-8.65008e-05
0.000108743
-0.000150305
0.000148144
-6.72205e-05
0.00014118
4.44822e-05
0.000104429
8.55275e-05
6.71296e-05
6.27637e-05
4.13817e-05
3.73145e-05
2.46426e-05
2.70418e-05
1.14272e-05
2.42647e-05
-1.07799e-06
2.3952e-05
-1.38554e-05
2.50683e-05
-2.82491e-05
2.80968e-05
-4.49277e-05
3.2449e-05
-6.4088e-05
3.75738e-05
-8.36948e-05
3.90328e-05
-9.5541e-05
2.33615e-05
-8.50195e-05
-2.10222e-05
-4.45251e-05
-7.93281e-05
-8.65537e-05
3.91439e-05
-0.000125645
8.13763e-05
-0.000192537
0.000111905
-9.77487e-05
0.000115869
4.0518e-05
9.44332e-05
0.000106963
6.33068e-05
9.38903e-05
3.81597e-05
6.2462e-05
2.22128e-05
4.29885e-05
1.0389e-05
3.60885e-05
-8.50201e-07
3.5191e-05
-1.2677e-05
3.68951e-05
-2.63623e-05
4.17822e-05
-4.26845e-05
4.87711e-05
-6.24751e-05
5.73639e-05
-8.51019e-05
6.16594e-05
-0.000101899
4.01581e-05
-9.36943e-05
-2.92269e-05
-4.96445e-05
-0.000123378
-0.000136198
3.63691e-05
-0.000162015
5.34665e-05
-0.000209634
7.70512e-05
-0.000121333
8.37109e-05
3.38585e-05
7.28406e-05
0.000117834
5.15317e-05
0.000115199
3.31988e-05
8.0795e-05
2.0681e-05
5.55067e-05
1.03229e-05
4.64465e-05
-1.9472e-07
4.57087e-05
-1.16905e-05
4.83912e-05
-2.50959e-05
5.51876e-05
-4.1418e-05
6.5093e-05
-6.22051e-05
7.81509e-05
-8.85253e-05
8.79791e-05
-0.000111751
6.33838e-05
-0.000106029
-3.49494e-05
-5.59104e-05
-0.000173496
-0.000192109
2.49636e-05
-0.000186979
2.48508e-05
-0.000209521
4.40936e-05
-0.000140576
5.26817e-05
2.52703e-05
4.99446e-05
0.000120571
3.90914e-05
0.000126053
2.86038e-05
9.12826e-05
1.94689e-05
6.46417e-05
1.03309e-05
5.55843e-05
3.52133e-07
5.56878e-05
-1.06443e-05
5.93881e-05
-2.3595e-05
6.81383e-05
-3.9735e-05
8.12331e-05
-6.15152e-05
9.99309e-05
-9.2354e-05
0.000118818
-0.000123408
9.44378e-05
-0.000117403
-4.0954e-05
-5.84571e-05
-0.000232443
-0.000250567
-3.57097e-07
-0.000186622
-1.46106e-05
-0.000195267
4.60452e-06
-0.000159791
2.20819e-05
7.79308e-06
2.95135e-05
0.000113139
2.87092e-05
0.000126857
2.47122e-05
9.52793e-05
1.82356e-05
7.11182e-05
1.01898e-05
6.36301e-05
9.14093e-07
6.49637e-05
-9.31866e-06
6.96213e-05
-2.14736e-05
8.02933e-05
-3.70842e-05
9.68435e-05
-5.9691e-05
0.000122537
-9.52729e-05
0.0001544
-0.000132918
0.000132083
-0.00011974
-5.41317e-05
-5.3449e-05
-0.000298734
-0.000304015
-2.65882e-05
-0.000160033
-4.23585e-05
-0.000179497
-2.03341e-05
-0.000181816
4.94097e-07
-1.30351e-05
1.45402e-05
9.90934e-05
2.10709e-05
0.000120326
2.13323e-05
9.50177e-05
1.6802e-05
7.56485e-05
1.00839e-05
7.03484e-05
1.66738e-06
7.33803e-05
-7.63929e-06
7.89277e-05
-1.86903e-05
9.13444e-05
-3.32518e-05
0.000111405
-5.59625e-05
0.000145248
-9.41161e-05
0.000192554
-0.000131463
0.00016943
-0.00010736
-7.82356e-05
-4.3448e-05
-0.000362646
-0.000347463
-3.06703e-05
-0.000129363
-4.34694e-05
-0.000166698
-3.35271e-05
-0.000191758
-1.34854e-05
-3.30772e-05
5.41053e-06
8.01976e-05
1.62474e-05
0.000109489
1.89215e-05
9.23433e-05
1.59588e-05
7.86114e-05
1.0226e-05
7.60815e-05
2.47632e-06
8.11299e-05
-5.65595e-06
8.70598e-05
-1.50721e-05
0.000100761
-2.7765e-05
0.000124098
-4.89158e-05
0.000166399
-8.50038e-05
0.000228642
-0.000113085
0.000197512
-8.65991e-05
-0.000104721
-3.35388e-05
-0.000415707
-0.000381002
1.24903e-05
2.22367e-06
2.81115e-05
-2.38554e-05
4.08282e-05
-4.0357e-05
4.52292e-05
-4.3349e-05
4.5176e-05
-4.21868e-05
4.5351e-05
-3.8377e-05
4.73589e-05
-3.22696e-05
5.07702e-05
-2.59067e-05
5.48519e-05
-2.07297e-05
5.90671e-05
-1.67493e-05
6.30068e-05
-1.33832e-05
6.63961e-05
-1.01706e-05
6.90818e-05
-6.77859e-06
7.09147e-05
-2.88994e-06
7.17463e-05
1.62139e-06
7.23101e-05
5.8597e-06
7.24959e-05
1.07042e-05
7.24418e-05
1.59673e-05
7.25474e-05
2.13529e-05
7.29335e-05
2.69062e-05
7.46927e-05
3.39381e-05
8.11444e-05
4.09589e-05
5.57001e-05
0.00010177
2.35755e-05
-2.13519e-05
5.14647e-05
-5.17446e-05
6.62668e-05
-5.51591e-05
6.135e-05
-3.84321e-05
5.11245e-05
-3.19613e-05
4.52262e-05
-3.24788e-05
4.5069e-05
-3.21124e-05
4.90542e-05
-2.98919e-05
5.51535e-05
-2.68291e-05
6.18416e-05
-2.34373e-05
6.79906e-05
-1.95323e-05
7.27756e-05
-1.49555e-05
7.58356e-05
-9.83857e-06
7.75464e-05
-4.60079e-06
7.88037e-05
3.64119e-07
7.85307e-05
6.13271e-06
7.81016e-05
1.11333e-05
7.76404e-05
1.64286e-05
7.83853e-05
2.0608e-05
8.0914e-05
2.43775e-05
8.60543e-05
2.87977e-05
9.51761e-05
3.18372e-05
3.72309e-05
0.000113645
3.36911e-05
-5.50429e-05
6.26947e-05
-8.07483e-05
6.24421e-05
-5.49065e-05
4.05579e-05
-1.65479e-05
2.53332e-05
-1.67366e-05
1.91134e-05
-2.6259e-05
1.7101e-05
-3.01e-05
1.97565e-05
-3.25475e-05
2.61328e-05
-3.32053e-05
3.48236e-05
-3.21282e-05
4.4689e-05
-2.93978e-05
5.49225e-05
-2.5189e-05
6.49674e-05
-1.98834e-05
7.55669e-05
-1.52004e-05
8.27192e-05
-6.78817e-06
8.57462e-05
3.10575e-06
8.39547e-05
1.29248e-05
8.021e-05
2.01732e-05
7.96537e-05
2.11643e-05
8.19859e-05
2.20453e-05
8.62337e-05
2.45499e-05
9.18507e-05
2.62201e-05
2.73543e-05
0.000101727
2.55611e-05
-8.0604e-05
1.28874e-05
-6.80746e-05
-4.08735e-06
-3.79317e-05
-1.34487e-05
-7.18665e-06
-1.5859e-05
-1.43263e-05
-2.1722e-05
-2.03961e-05
-3.02408e-05
-2.15811e-05
-3.89383e-05
-2.385e-05
-4.76127e-05
-2.45309e-05
-5.52178e-05
-2.4523e-05
-6.1671e-05
-2.29446e-05
-6.59902e-05
-2.08699e-05
-5.93248e-05
-2.65489e-05
-2.65803e-05
-4.79449e-05
3.031e-05
-6.36784e-05
5.97443e-05
-2.63286e-05
7.19392e-05
7.2987e-07
7.9026e-05
1.30864e-05
8.6693e-05
1.34974e-05
8.97348e-05
1.90035e-05
9.07764e-05
2.35083e-05
9.32124e-05
2.37841e-05
2.39445e-05
9.66222e-05
-1.92393e-05
-6.13647e-05
-3.15159e-05
-5.5798e-05
-3.84411e-05
-3.10067e-05
-2.25747e-05
-2.30531e-05
-1.46314e-05
-2.22696e-05
-1.39359e-05
-2.10916e-05
-1.50669e-05
-2.045e-05
-1.77588e-05
-2.1158e-05
-2.0087e-05
-2.22026e-05
-2.0108e-05
-2.45019e-05
-1.7606e-05
-2.54467e-05
-1.67611e-05
-2.17149e-05
-2.87116e-05
-1.45986e-05
-6.14893e-05
-1.51673e-05
-9.74013e-05
-2.77664e-05
-8.67959e-05
-3.69339e-05
-4.83876e-05
-3.76784e-05
1.28313e-05
-4.81324e-05
5.67124e-05
-3.03838e-05
7.46015e-05
1.11442e-06
8.59659e-05
1.21439e-05
9.56733e-05
1.40767e-05
1.94676e-05
0.00010015
-2.58093e-05
-3.55555e-05
-2.85125e-05
-5.30948e-05
-2.1897e-05
-3.76222e-05
-1.74592e-05
-2.7491e-05
-1.61698e-05
-2.3559e-05
-1.55846e-05
-2.16768e-05
-1.59696e-05
-2.0065e-05
-1.73728e-05
-1.97547e-05
-1.82469e-05
-2.13285e-05
-1.78446e-05
-2.49042e-05
-1.54718e-05
-2.78195e-05
-1.16892e-05
-2.54977e-05
-1.29652e-05
-1.33226e-05
-3.24542e-05
4.32176e-06
-5.64738e-05
-3.74674e-06
-5.87318e-05
-3.46758e-05
-4.26933e-05
-5.37168e-05
-3.50023e-05
-5.58234e-05
-2.42455e-05
-4.11406e-05
-9.21516e-06
-1.3916e-05
1.95789e-05
-1.66501e-05
6.35056e-05
-2.985e-05
-2.29063e-06
8.52638e-05
-1.14167e-05
-2.41388e-05
-1.48551e-05
-4.96564e-05
-1.64068e-05
-3.60705e-05
-1.57011e-05
-2.81967e-05
-1.50686e-05
-2.41915e-05
-1.4614e-05
-2.21314e-05
-1.45514e-05
-2.01276e-05
-1.50972e-05
-1.92088e-05
-1.60254e-05
-2.04002e-05
-1.71848e-05
-2.37448e-05
-1.77413e-05
-2.72631e-05
-1.64347e-05
-2.68043e-05
-1.24423e-05
-1.7315e-05
-5.77927e-06
-2.34126e-06
-6.99568e-06
-2.53026e-06
-5.47195e-06
-3.61995e-05
-1.64153e-06
-5.75472e-05
4.19749e-06
-6.16625e-05
2.05967e-05
-5.75397e-05
5.66179e-05
-4.99371e-05
8.73524e-05
-4.73845e-05
9.27259e-05
-3.52235e-05
1.20026e-05
7.84326e-05
-6.9681e-06
-1.71707e-05
-1.10327e-05
-4.55918e-05
-1.25617e-05
-3.45415e-05
-1.27678e-05
-2.79907e-05
-1.22307e-05
-2.47285e-05
-1.17007e-05
-2.26614e-05
-1.13143e-05
-2.05139e-05
-1.15225e-05
-1.90006e-05
-1.26787e-05
-1.92439e-05
-1.48362e-05
-2.15873e-05
-1.72686e-05
-2.48308e-05
-1.80367e-05
-2.60362e-05
-1.37731e-05
-2.15786e-05
-2.84234e-06
-1.3272e-05
9.38333e-06
-1.47559e-05
1.25462e-05
-3.93624e-05
9.28967e-06
-5.42907e-05
1.17192e-05
-6.4092e-05
2.20431e-05
-6.78635e-05
4.10604e-05
-6.89543e-05
6.5617e-05
-7.19411e-05
8.8004e-05
-5.76104e-05
-3.82908e-06
0.000103836
-5.3147e-06
-1.1856e-05
-8.35354e-06
-4.25529e-05
-9.39219e-06
-3.35028e-05
-9.96961e-06
-2.74132e-05
-9.89864e-06
-2.47994e-05
-9.52557e-06
-2.30345e-05
-8.92276e-06
-2.11167e-05
-8.47907e-06
-1.94442e-05
-8.73192e-06
-1.8991e-05
-1.00019e-05
-2.03173e-05
-1.19692e-05
-2.28636e-05
-1.30133e-05
-2.49921e-05
-9.59122e-06
-2.50007e-05
8.64582e-07
-2.37278e-05
1.2669e-05
-2.65604e-05
1.37806e-05
-4.0474e-05
1.11318e-05
-5.1642e-05
8.5295e-06
-6.14897e-05
1.15216e-05
-7.08555e-05
1.77424e-05
-7.5175e-05
2.44695e-05
-7.8668e-05
4.1183e-05
-7.4324e-05
-3.77011e-05
7.50548e-05
-3.49113e-06
-8.36486e-06
-5.94719e-06
-4.00967e-05
-7.17963e-06
-3.22703e-05
-7.83306e-06
-2.67598e-05
-7.97434e-06
-2.46582e-05
-7.70862e-06
-2.33002e-05
-6.98899e-06
-2.18363e-05
-5.97999e-06
-2.04533e-05
-5.14886e-06
-1.98222e-05
-4.95497e-06
-2.05113e-05
-5.40453e-06
-2.24141e-05
-5.65231e-06
-2.47443e-05
-3.86334e-06
-2.67897e-05
1.39764e-06
-2.89889e-05
7.44858e-06
-3.26114e-05
7.98382e-06
-4.10093e-05
5.81264e-06
-4.94708e-05
2.05202e-06
-5.7729e-05
-1.97171e-06
-6.68316e-05
-4.84856e-06
-7.22981e-05
-6.7093e-06
-7.68072e-05
-3.20837e-06
-7.78249e-05
-5.66442e-05
1.57347e-05
-2.27806e-06
-6.08675e-06
-4.27858e-06
-3.80961e-05
-5.4998e-06
-3.1049e-05
-6.20463e-06
-2.60549e-05
-6.46409e-06
-2.43988e-05
-6.32797e-06
-2.34364e-05
-5.70743e-06
-2.2457e-05
-4.61307e-06
-2.15477e-05
-3.33434e-06
-2.1101e-05
-2.29593e-06
-2.15498e-05
-1.70007e-06
-2.301e-05
-1.26894e-06
-2.51755e-05
-3.86025e-07
-2.76728e-05
1.21456e-06
-3.05896e-05
3.00316e-06
-3.44001e-05
2.07422e-06
-4.00804e-05
-1.35412e-06
-4.60424e-05
-7.09312e-06
-5.19898e-05
-1.43321e-05
-5.95924e-05
-2.06738e-05
-6.59563e-05
-2.54021e-05
-7.2079e-05
-2.86776e-05
-7.45495e-05
-6.12863e-05
-2.40356e-05
-1.53598e-06
-4.55066e-06
-3.17229e-06
-3.64596e-05
-4.29548e-06
-2.99257e-05
-5.00844e-06
-2.5342e-05
-5.36766e-06
-2.40396e-05
-5.39245e-06
-2.34118e-05
-5.03127e-06
-2.28183e-05
-4.24543e-06
-2.23337e-05
-3.1698e-06
-2.21768e-05
-2.10979e-06
-2.26099e-05
-1.34164e-06
-2.37783e-05
-9.23788e-07
-2.55935e-05
-7.40525e-07
-2.78561e-05
-7.87063e-07
-3.05431e-05
-1.39528e-06
-3.3792e-05
-3.52917e-06
-3.79465e-05
-7.21837e-06
-4.2353e-05
-1.25637e-05
-4.66443e-05
-2.04027e-05
-5.17533e-05
-2.92643e-05
-5.70946e-05
-3.87246e-05
-6.26187e-05
-4.78692e-05
-6.54049e-05
-5.96531e-05
-4.95023e-05
-1.06692e-06
-3.48362e-06
-2.42937e-06
-3.50969e-05
-3.46619e-06
-2.88888e-05
-4.17469e-06
-2.46335e-05
-4.60255e-06
-2.36118e-05
-4.7815e-06
-2.32329e-05
-4.70004e-06
-2.28999e-05
-4.34038e-06
-2.26935e-05
-3.76188e-06
-2.27554e-05
-3.14962e-06
-2.32223e-05
-2.73996e-06
-2.41881e-05
-2.69535e-06
-2.56382e-05
-3.04917e-06
-2.75024e-05
-3.85984e-06
-2.97325e-05
-5.26168e-06
-3.23901e-05
-7.65009e-06
-3.55579e-05
-1.10857e-05
-3.89172e-05
-1.55105e-05
-4.22194e-05
-2.17768e-05
-4.5487e-05
-3.02808e-05
-4.85906e-05
-4.15199e-05
-5.13797e-05
-5.44728e-05
-5.24519e-05
-4.96259e-05
-6.44999e-05
-8.04103e-07
-2.67938e-06
-1.94856e-06
-3.39522e-05
-2.90239e-06
-2.79349e-05
-3.60592e-06
-2.393e-05
-4.09429e-06
-2.31235e-05
-4.39983e-06
-2.29275e-05
-4.54087e-06
-2.27589e-05
-4.53286e-06
-2.27016e-05
-4.42023e-06
-2.28682e-05
-4.30988e-06
-2.33328e-05
-4.35754e-06
-2.41406e-05
-4.69569e-06
-2.53002e-05
-5.40676e-06
-2.67914e-05
-6.54898e-06
-2.85902e-05
-8.24766e-06
-3.06913e-05
-1.07346e-05
-3.30708e-05
-1.40971e-05
-3.55546e-05
-1.83007e-05
-3.80157e-05
-2.35095e-05
-4.02782e-05
-3.00918e-05
-4.20084e-05
-3.85943e-05
-4.28772e-05
-4.89365e-05
-4.21096e-05
-3.89842e-05
-5.95782e-05
-6.63606e-07
-2.01563e-06
-1.64744e-06
-3.29682e-05
-2.53425e-06
-2.7048e-05
-3.2328e-06
-2.32314e-05
-3.77101e-06
-2.25853e-05
-4.18084e-06
-2.25176e-05
-4.48664e-06
-2.24531e-05
-4.71849e-06
-2.24698e-05
-4.92381e-06
-2.2663e-05
-5.17457e-06
-2.30822e-05
-5.56438e-06
-2.3751e-05
-6.18795e-06
-2.46768e-05
-7.12974e-06
-2.58496e-05
-8.46716e-06
-2.72527e-05
-1.03082e-05
-2.88501e-05
-1.28047e-05
-3.05742e-05
-1.60573e-05
-3.2302e-05
-2.01708e-05
-3.39023e-05
-2.52414e-05
-3.52077e-05
-3.12221e-05
-3.60277e-05
-3.80059e-05
-3.60934e-05
-4.52639e-05
-3.48515e-05
-3.19082e-05
-5.23399e-05
-5.86823e-07
-1.42867e-06
-1.46278e-06
-3.20921e-05
-2.30541e-06
-2.62053e-05
-2.9992e-06
-2.25375e-05
-3.57719e-06
-2.20072e-05
-4.07153e-06
-2.20232e-05
-4.50348e-06
-2.20211e-05
-4.90246e-06
-2.20709e-05
-5.31307e-06
-2.22526e-05
-5.79152e-06
-2.2604e-05
-6.40526e-06
-2.31374e-05
-7.22569e-06
-2.38564e-05
-8.32681e-06
-2.47485e-05
-9.78776e-06
-2.57917e-05
-1.16878e-05
-2.695e-05
-1.41156e-05
-2.81463e-05
-1.71369e-05
-2.92807e-05
-2.08087e-05
-3.02307e-05
-2.51585e-05
-3.0858e-05
-3.0172e-05
-3.10142e-05
-3.5762e-05
-3.05033e-05
-4.16191e-05
-2.89945e-05
-2.6346e-05
-4.71814e-05
-5.41421e-07
-8.87149e-07
-1.35313e-06
-3.12804e-05
-2.16726e-06
-2.53911e-05
-2.85785e-06
-2.18468e-05
-3.466e-06
-2.13989e-05
-4.02787e-06
-2.14612e-05
-4.55944e-06
-2.14895e-05
-5.08433e-06
-2.1546e-05
-5.63975e-06
-2.16973e-05
-6.27316e-06
-2.19708e-05
-7.03743e-06
-2.23732e-05
-7.99124e-06
-2.29026e-05
-9.19816e-06
-2.35415e-05
-1.07144e-05
-2.42754e-05
-1.26133e-05
-2.50512e-05
-1.4944e-05
-2.58156e-05
-1.77507e-05
-2.64742e-05
-2.106e-05
-2.69214e-05
-2.48624e-05
-2.70556e-05
-2.91095e-05
-2.67671e-05
-3.36837e-05
-2.59291e-05
-3.83472e-05
-2.4331e-05
-2.19107e-05
-4.27827e-05
-5.06344e-07
-3.80747e-07
-1.28368e-06
-3.0503e-05
-2.08458e-06
-2.45901e-05
-2.774e-06
-2.11572e-05
-3.40499e-06
-2.07677e-05
-4.01592e-06
-2.08501e-05
-4.62258e-06
-2.08828e-05
-5.24362e-06
-2.09251e-05
-5.90482e-06
-2.10362e-05
-6.64714e-06
-2.12286e-05
-7.51487e-06
-2.15056e-05
-8.55633e-06
-2.18612e-05
-9.80949e-06
-2.22884e-05
-1.13338e-05
-2.2751e-05
-1.31725e-05
-2.32125e-05
-1.53625e-05
-2.36258e-05
-1.79307e-05
-2.39061e-05
-2.08634e-05
-2.39889e-05
-2.4151e-05
-2.3768e-05
-2.77349e-05
-2.31832e-05
-3.15091e-05
-2.2155e-05
-3.52941e-05
-2.05461e-05
-1.83276e-05
-3.88773e-05
-4.70424e-07
8.97014e-08
-1.23897e-06
-2.97344e-05
-2.0338e-06
-2.37952e-05
-2.72136e-06
-2.04695e-05
-3.36646e-06
-2.01223e-05
-4.01107e-06
-2.02053e-05
-4.66838e-06
-2.02254e-05
-5.35257e-06
-2.02409e-05
-6.08814e-06
-2.03007e-05
-6.90324e-06
-2.04136e-05
-7.83101e-06
-2.05778e-05
-8.90759e-06
-2.07846e-05
-1.01754e-05
-2.10205e-05
-1.16689e-05
-2.12576e-05
-1.34136e-05
-2.1468e-05
-1.54431e-05
-2.15964e-05
-1.77461e-05
-2.16031e-05
-2.03406e-05
-2.13943e-05
-2.31824e-05
-2.09262e-05
-2.62199e-05
-2.01457e-05
-2.93637e-05
-1.90114e-05
-3.24794e-05
-1.74306e-05
-1.53844e-05
-3.54227e-05
-4.2874e-07
5.18433e-07
-1.20422e-06
-2.89589e-05
-1.99788e-06
-2.30014e-05
-2.68097e-06
-1.97862e-05
-3.3329e-06
-1.94702e-05
-3.99735e-06
-1.95407e-05
-4.68508e-06
-1.95377e-05
-5.40736e-06
-1.95187e-05
-6.18305e-06
-1.95251e-05
-7.03504e-06
-1.95616e-05
-7.98989e-06
-1.9623e-05
-9.07505e-06
-1.96995e-05
-1.03209e-05
-1.97747e-05
-1.17526e-05
-1.9826e-05
-1.33862e-05
-1.98344e-05
-1.52405e-05
-1.97422e-05
-1.7324e-05
-1.95195e-05
-1.96029e-05
-1.91154e-05
-2.20627e-05
-1.84665e-05
-2.46525e-05
-1.7556e-05
-2.72972e-05
-1.63668e-05
-2.98951e-05
-1.48328e-05
-1.29357e-05
-3.23439e-05
-3.79388e-07
8.97804e-07
-1.17178e-06
-2.81665e-05
-1.96459e-06
-2.22085e-05
-2.63971e-06
-1.91109e-05
-3.29119e-06
-1.88186e-05
-3.96369e-06
-1.88682e-05
-4.66532e-06
-1.88361e-05
-5.40452e-06
-1.87795e-05
-6.19624e-06
-1.87334e-05
-7.05888e-06
-1.86989e-05
-8.01282e-06
-1.8669e-05
-9.07945e-06
-1.86329e-05
-1.02795e-05
-1.85748e-05
-1.16304e-05
-1.84752e-05
-1.31511e-05
-1.83138e-05
-1.48384e-05
-1.80549e-05
-1.66955e-05
-1.76624e-05
-1.871e-05
-1.71009e-05
-2.08478e-05
-1.63287e-05
-2.30696e-05
-1.53344e-05
-2.53169e-05
-1.41197e-05
-2.75128e-05
-1.26371e-05
-1.08694e-05
-2.95792e-05
-3.26159e-07
1.22396e-06
-1.13555e-06
-2.73571e-05
-1.92354e-06
-2.14204e-05
-2.58661e-06
-1.84477e-05
-3.23129e-06
-1.81739e-05
-3.90202e-06
-1.81975e-05
-4.60409e-06
-1.81341e-05
-5.34362e-06
-1.804e-05
-6.13236e-06
-1.79446e-05
-6.98553e-06
-1.78456e-05
-7.91873e-06
-1.77358e-05
-8.94734e-06
-1.76043e-05
-1.00859e-05
-1.74363e-05
-1.13472e-05
-1.7214e-05
-1.27431e-05
-1.69179e-05
-1.42745e-05
-1.65234e-05
-1.59353e-05
-1.60016e-05
-1.77112e-05
-1.5325e-05
-1.95745e-05
-1.44656e-05
-2.14933e-05
-1.34157e-05
-2.34216e-05
-1.21915e-05
-2.53047e-05
-1.07541e-05
-9.09355e-06
-2.70808e-05
-2.68066e-07
1.49203e-06
-1.08767e-06
-2.65374e-05
-1.86477e-06
-2.06432e-05
-2.51253e-06
-1.77999e-05
-3.14487e-06
-1.75416e-05
-3.80524e-06
-1.75373e-05
-4.49752e-06
-1.74419e-05
-5.22616e-06
-1.73114e-05
-6.00079e-06
-1.71699e-05
-6.82988e-06
-1.70165e-05
-7.72521e-06
-1.68404e-05
-8.7021e-06
-1.66275e-05
-9.7707e-06
-1.63679e-05
-1.09394e-05
-1.60454e-05
-1.22136e-05
-1.56436e-05
-1.35912e-05
-1.51457e-05
-1.50693e-05
-1.45235e-05
-1.66338e-05
-1.37604e-05
-1.82629e-05
-1.28365e-05
-1.99337e-05
-1.1745e-05
-2.1617e-05
-1.05082e-05
-2.32462e-05
-9.12519e-06
-7.54238e-06
-2.47976e-05
-2.0549e-07
1.69754e-06
-1.02371e-06
-2.5719e-05
-1.78239e-06
-1.98845e-05
-2.41036e-06
-1.7172e-05
-3.02654e-06
-1.69255e-05
-3.67024e-06
-1.68937e-05
-4.34131e-06
-1.67709e-05
-5.04542e-06
-1.66073e-05
-5.78934e-06
-1.64259e-05
-6.58209e-06
-1.62238e-05
-7.43274e-06
-1.59899e-05
-8.35103e-06
-1.57094e-05
-9.343e-06
-1.5376e-05
-1.04146e-05
-1.49739e-05
-1.15709e-05
-1.44873e-05
-1.28112e-05
-1.39054e-05
-1.4119e-05
-1.32155e-05
-1.5498e-05
-1.23814e-05
-1.69267e-05
-1.14079e-05
-1.8388e-05
-1.02839e-05
-1.98509e-05
-9.04544e-06
-2.12994e-05
-7.67696e-06
-6.15364e-06
-2.26884e-05
-1.40925e-07
1.83851e-06
-9.404e-07
-2.49194e-05
-1.66794e-06
-1.91569e-05
-2.2738e-06
-1.65662e-05
-2.86682e-06
-1.63326e-05
-3.4853e-06
-1.62753e-05
-4.13061e-06
-1.61256e-05
-4.80503e-06
-1.59328e-05
-5.51512e-06
-1.57158e-05
-6.26729e-06
-1.54717e-05
-7.06861e-06
-1.51887e-05
-7.91885e-06
-1.48593e-05
-8.82851e-06
-1.44665e-05
-9.80074e-06
-1.40016e-05
-1.08408e-05
-1.34472e-05
-1.19446e-05
-1.28015e-05
-1.31136e-05
-1.20464e-05
-1.43213e-05
-1.11737e-05
-1.55707e-05
-1.01584e-05
-1.68543e-05
-9.00036e-06
-1.81566e-05
-7.74334e-06
-1.94423e-05
-6.39146e-06
-4.89643e-06
-2.06995e-05
-6.75459e-08
1.90614e-06
-8.33147e-07
-2.41536e-05
-1.52686e-06
-1.84631e-05
-2.10517e-06
-1.59879e-05
-2.67088e-06
-1.5767e-05
-3.25948e-06
-1.56868e-05
-3.87264e-06
-1.55125e-05
-4.5095e-06
-1.5296e-05
-5.17344e-06
-1.50519e-05
-5.87344e-06
-1.47717e-05
-6.61245e-06
-1.44498e-05
-7.39705e-06
-1.40748e-05
-8.22896e-06
-1.36347e-05
-9.11271e-06
-1.31179e-05
-1.0036e-05
-1.25238e-05
-1.10091e-05
-1.18283e-05
-1.20271e-05
-1.10284e-05
-1.30965e-05
-1.01042e-05
-1.41995e-05
-9.05537e-06
-1.53144e-05
-7.88564e-06
-1.64546e-05
-6.60333e-06
-1.76231e-05
-5.22296e-06
-3.73835e-06
-1.87811e-05
2.39266e-08
1.88234e-06
-7.05485e-07
-2.3424e-05
-1.36441e-06
-1.78041e-05
-1.90944e-06
-1.54428e-05
-2.43939e-06
-1.52371e-05
-2.98929e-06
-1.51369e-05
-3.55829e-06
-1.49435e-05
-4.14858e-06
-1.47057e-05
-4.76424e-06
-1.44363e-05
-5.40757e-06
-1.41285e-05
-6.08184e-06
-1.37756e-05
-6.79362e-06
-1.33631e-05
-7.53859e-06
-1.28897e-05
-8.3163e-06
-1.23402e-05
-9.13467e-06
-1.17054e-05
-9.98869e-06
-1.09742e-05
-1.08839e-05
-1.01332e-05
-1.1796e-05
-9.19211e-06
-1.27382e-05
-8.11321e-06
-1.37179e-05
-6.90606e-06
-1.47384e-05
-5.58298e-06
-1.57649e-05
-4.19639e-06
-2.68019e-06
-1.68228e-05
1.33866e-07
1.74864e-06
-5.63672e-07
-2.27263e-05
-1.18802e-06
-1.71797e-05
-1.69696e-06
-1.49339e-05
-2.18521e-06
-1.47489e-05
-2.69038e-06
-1.46318e-05
-3.2103e-06
-1.44235e-05
-3.74613e-06
-1.41698e-05
-4.30095e-06
-1.38815e-05
-4.87914e-06
-1.35503e-05
-5.48226e-06
-1.31725e-05
-6.10346e-06
-1.2742e-05
-6.75201e-06
-1.22412e-05
-7.42751e-06
-1.16647e-05
-8.13129e-06
-1.10016e-05
-8.85845e-06
-1.0247e-05
-9.60043e-06
-9.39114e-06
-1.037e-05
-8.42248e-06
-1.11665e-05
-7.31677e-06
-1.19794e-05
-6.09324e-06
-1.28197e-05
-4.74271e-06
-1.3721e-05
-3.29497e-06
-1.73947e-06
-1.46615e-05
2.64827e-07
1.48396e-06
-4.16905e-07
-2.20444e-05
-1.017e-06
-1.65795e-05
-1.48299e-06
-1.44679e-05
-1.9267e-06
-1.43052e-05
-2.38053e-06
-1.41779e-05
-2.84501e-06
-1.3959e-05
-3.3211e-06
-1.36937e-05
-3.8104e-06
-1.33922e-05
-4.30839e-06
-1.30523e-05
-4.82146e-06
-1.26595e-05
-5.35268e-06
-1.22108e-05
-5.89814e-06
-1.16958e-05
-6.46331e-06
-1.10995e-05
-7.03449e-06
-1.04304e-05
-7.61643e-06
-9.66505e-06
-8.21292e-06
-8.79462e-06
-8.82388e-06
-7.81154e-06
-9.4265e-06
-6.71421e-06
-1.00489e-05
-5.47083e-06
-1.07013e-05
-4.09022e-06
-1.1386e-05
-2.6101e-06
-9.99653e-07
-1.21257e-05
4.1726e-07
1.06679e-06
-2.76618e-07
-2.13505e-05
-8.57405e-07
-1.59987e-05
-1.28162e-06
-1.40437e-05
-1.67588e-06
-1.39109e-05
-2.08321e-06
-1.37705e-05
-2.49515e-06
-1.3547e-05
-2.90652e-06
-1.32823e-05
-3.32233e-06
-1.29763e-05
-3.74476e-06
-1.26298e-05
-4.17244e-06
-1.22318e-05
-4.60643e-06
-1.17769e-05
-5.0455e-06
-1.12568e-05
-5.4821e-06
-1.0663e-05
-5.92029e-06
-9.9923e-06
-6.35245e-06
-9.23294e-06
-6.78161e-06
-8.36553e-06
-7.19278e-06
-7.40049e-06
-7.60023e-06
-6.30684e-06
-7.98854e-06
-5.08251e-06
-8.36797e-06
-3.71066e-06
-8.77432e-06
-2.20363e-06
-5.69038e-07
-9.20493e-06
5.73775e-07
4.93036e-07
-1.52935e-07
-2.06238e-05
-7.2767e-07
-1.5424e-05
-1.11335e-06
-1.3658e-05
-1.46736e-06
-1.35568e-05
-1.83241e-06
-1.34053e-05
-2.19525e-06
-1.31841e-05
-2.55641e-06
-1.29211e-05
-2.91036e-06
-1.26223e-05
-3.26211e-06
-1.2278e-05
-3.61169e-06
-1.18822e-05
-3.95783e-06
-1.14308e-05
-4.29862e-06
-1.09161e-05
-4.62237e-06
-1.03393e-05
-4.93497e-06
-9.67974e-06
-5.22823e-06
-8.93974e-06
-5.48599e-06
-8.10792e-06
-5.71093e-06
-7.17571e-06
-5.8966e-06
-6.12128e-06
-6.03076e-06
-4.94835e-06
-6.10721e-06
-3.63414e-06
-6.15894e-06
-2.15188e-06
-5.49454e-07
-6.17861e-06
7.58781e-07
-2.65768e-07
-4.27517e-08
-1.98223e-05
-6.34827e-07
-1.48319e-05
-9.8876e-07
-1.33039e-05
-1.31695e-06
-1.32285e-05
-1.65385e-06
-1.30683e-05
-1.98489e-06
-1.2853e-05
-2.30712e-06
-1.25988e-05
-2.62153e-06
-1.23079e-05
-2.92589e-06
-1.19737e-05
-3.22079e-06
-1.15874e-05
-3.50156e-06
-1.11501e-05
-3.76406e-06
-1.06537e-05
-4.01183e-06
-1.00916e-05
-4.22719e-06
-9.46442e-06
-4.40918e-06
-8.75787e-06
-4.5334e-06
-7.98387e-06
-4.60956e-06
-7.09969e-06
-4.596e-06
-6.13486e-06
-4.50171e-06
-5.04256e-06
-4.31106e-06
-3.82472e-06
-3.99682e-06
-2.46617e-06
-9.67606e-07
-3.57879e-06
9.40564e-07
-1.20634e-06
2.07312e-08
-1.89024e-05
-5.82565e-07
-1.42285e-05
-9.19873e-07
-1.29665e-05
-1.23939e-06
-1.29089e-05
-1.56463e-06
-1.2743e-05
-1.88167e-06
-1.25359e-05
-2.18792e-06
-1.22925e-05
-2.48332e-06
-1.20125e-05
-2.76778e-06
-1.16893e-05
-3.03322e-06
-1.13221e-05
-3.28416e-06
-1.08993e-05
-3.51473e-06
-1.04231e-05
-3.71163e-06
-9.89468e-06
-3.87315e-06
-9.30296e-06
-3.9809e-06
-8.65027e-06
-4.03353e-06
-7.93137e-06
-3.9942e-06
-7.13905e-06
-3.86488e-06
-6.26407e-06
-3.61265e-06
-5.29466e-06
-3.21601e-06
-4.22135e-06
-2.63358e-06
-3.04872e-06
-1.73916e-06
-1.8622e-06
1.10061e-06
-2.30693e-06
5.87799e-08
-1.78606e-05
-5.5783e-07
-1.36119e-05
-8.88336e-07
-1.2636e-05
-1.21311e-06
-1.2584e-05
-1.5422e-06
-1.24139e-05
-1.85998e-06
-1.22181e-05
-2.16582e-06
-1.19867e-05
-2.45979e-06
-1.17186e-05
-2.74028e-06
-1.14089e-05
-3.00844e-06
-1.10541e-05
-3.25489e-06
-1.06529e-05
-3.47498e-06
-1.0203e-05
-3.66664e-06
-9.70295e-06
-3.81017e-06
-9.15949e-06
-3.89913e-06
-8.56145e-06
-3.91415e-06
-7.91645e-06
-3.83704e-06
-7.21611e-06
-3.64419e-06
-6.4568e-06
-3.30878e-06
-5.63e-06
-2.79174e-06
-4.73847e-06
-2.07046e-06
-3.77015e-06
-2.72402e-06
-1.08573e-06
1.21533e-06
-3.52226e-06
7.53916e-08
-1.67207e-05
-5.40954e-07
-1.29956e-05
-8.71229e-07
-1.23057e-05
-1.211e-06
-1.22442e-05
-1.54266e-06
-1.20822e-05
-1.86433e-06
-1.18964e-05
-2.17562e-06
-1.16754e-05
-2.47647e-06
-1.14177e-05
-2.7654e-06
-1.112e-05
-3.0398e-06
-1.07796e-05
-3.2948e-06
-1.03977e-05
-3.52542e-06
-9.97217e-06
-3.71765e-06
-9.51067e-06
-3.86888e-06
-9.00834e-06
-3.95292e-06
-8.47755e-06
-3.96553e-06
-7.90389e-06
-3.88451e-06
-7.29708e-06
-3.68492e-06
-6.65631e-06
-3.32357e-06
-5.99137e-06
-2.77327e-06
-5.28887e-06
-1.99053e-06
-4.55297e-06
-3.79968e-06
-9.14854e-07
1.2739e-06
-4.79619e-06
7.65884e-08
-1.55235e-05
-5.14485e-07
-1.24046e-05
-8.39487e-07
-1.19808e-05
-1.18451e-06
-1.18992e-05
-1.51456e-06
-1.17521e-05
-1.83464e-06
-1.15763e-05
-2.14541e-06
-1.13646e-05
-2.44732e-06
-1.11159e-05
-2.73891e-06
-1.08284e-05
-3.01354e-06
-1.05049e-05
-3.26886e-06
-1.01423e-05
-3.49709e-06
-9.74384e-06
-3.69263e-06
-9.31516e-06
-3.84061e-06
-8.86046e-06
-3.93314e-06
-8.3851e-06
-3.94629e-06
-7.89071e-06
-3.86505e-06
-7.37824e-06
-3.66239e-06
-6.85895e-06
-3.31231e-06
-6.34152e-06
-2.77256e-06
-5.82869e-06
-1.99287e-06
-5.33263e-06
-4.87681e-06
-9.15635e-07
1.26804e-06
-6.0643e-06
6.87999e-08
-1.43245e-05
-4.69557e-07
-1.18663e-05
-7.791e-07
-1.16712e-05
-1.11209e-06
-1.15662e-05
-1.42572e-06
-1.14385e-05
-1.73071e-06
-1.12713e-05
-2.02706e-06
-1.10683e-05
-2.31483e-06
-1.08282e-05
-2.59129e-06
-1.0552e-05
-2.85356e-06
-1.02426e-05
-3.09565e-06
-9.90009e-06
-3.31146e-06
-9.52798e-06
-3.49394e-06
-9.13272e-06
-3.63204e-06
-8.72243e-06
-3.71447e-06
-8.30268e-06
-3.72705e-06
-7.87809e-06
-3.64881e-06
-7.45644e-06
-3.45636e-06
-7.05142e-06
-3.12168e-06
-6.67623e-06
-2.60677e-06
-6.34354e-06
-1.86619e-06
-6.07304e-06
-5.89527e-06
-8.47588e-07
1.16752e-06
-7.23193e-06
5.47494e-08
-1.32119e-05
-4.00846e-07
-1.14108e-05
-6.80431e-07
-1.13916e-05
-9.80534e-07
-1.12661e-05
-1.2608e-06
-1.11581e-05
-1.53353e-06
-1.09985e-05
-1.7982e-06
-1.08036e-05
-2.05417e-06
-1.05722e-05
-2.29928e-06
-1.03068e-05
-2.53078e-06
-1.0011e-05
-2.74383e-06
-9.68693e-06
-2.93264e-06
-9.33918e-06
-3.09038e-06
-8.97509e-06
-3.20912e-06
-8.6038e-06
-3.27849e-06
-8.23333e-06
-3.28546e-06
-7.87105e-06
-3.21255e-06
-7.52928e-06
-3.03929e-06
-7.22464e-06
-2.74024e-06
-6.9752e-06
-2.27989e-06
-6.80375e-06
-1.61892e-06
-6.73386e-06
-6.80314e-06
-7.10906e-07
9.70384e-07
-8.20245e-06
4.52494e-08
-1.22869e-05
-3.03634e-07
-1.1062e-05
-5.38593e-07
-1.11567e-05
-7.8316e-07
-1.10214e-05
-1.01187e-06
-1.09293e-05
-1.2342e-06
-1.07761e-05
-1.44899e-06
-1.05888e-05
-1.65599e-06
-1.03652e-05
-1.85349e-06
-1.01093e-05
-2.0395e-06
-9.82495e-06
-2.21053e-06
-9.51598e-06
-2.36149e-06
-9.18842e-06
-2.48709e-06
-8.84968e-06
-2.58143e-06
-8.50951e-06
-2.63726e-06
-8.17739e-06
-2.64309e-06
-7.86512e-06
-2.58618e-06
-7.5862e-06
-2.45026e-06
-7.36063e-06
-2.21368e-06
-7.21175e-06
-1.85255e-06
-7.16471e-06
-1.32739e-06
-7.25886e-06
-7.53298e-06
-5.97385e-07
7.24385e-07
-8.92696e-06
5.24684e-08
-1.16151e-05
-1.82951e-07
-1.08267e-05
-3.57257e-07
-1.09823e-05
-5.29908e-07
-1.08487e-05
-6.92098e-07
-1.07671e-05
-8.4774e-07
-1.06205e-05
-9.98329e-07
-1.04383e-05
-1.14286e-06
-1.02208e-05
-1.28063e-06
-9.9716e-06
-1.41031e-06
-9.69541e-06
-1.52982e-06
-9.39669e-06
-1.63545e-06
-9.08301e-06
-1.72408e-06
-8.76118e-06
-1.79189e-06
-8.4417e-06
-1.83245e-06
-8.13683e-06
-1.84138e-06
-7.85627e-06
-1.80805e-06
-7.61961e-06
-1.72177e-06
-7.44683e-06
-1.56989e-06
-7.36341e-06
-1.33342e-06
-7.40097e-06
-9.83173e-07
-7.60896e-06
-8.01369e-06
-5.02406e-07
4.808e-07
-9.40784e-06
6.45818e-08
-1.1199e-05
-6.91755e-08
-1.06929e-05
-1.71335e-07
-1.08801e-05
-2.67098e-07
-1.07528e-05
-3.56937e-07
-1.06772e-05
-4.42015e-07
-1.05354e-05
-5.23514e-07
-1.03569e-05
-6.01433e-07
-1.01429e-05
-6.75379e-07
-9.89772e-06
-7.45375e-07
-9.62555e-06
-8.08983e-07
-9.33327e-06
-8.66598e-07
-9.02555e-06
-9.14317e-07
-8.71351e-06
-9.50178e-07
-8.4058e-06
-9.74309e-07
-8.11266e-06
-9.79543e-07
-7.85103e-06
-9.62066e-07
-7.63706e-06
-9.15846e-07
-7.49295e-06
-8.32781e-07
-7.44635e-06
-7.01963e-07
-7.53169e-06
-5.20966e-07
-7.7899e-06
-8.27818e-06
-2.56418e-07
2.12603e-07
4.05875e-08
-3.84658e-09
-3.33468e-08
-5.94707e-08
-8.36368e-08
-1.06104e-07
-1.27148e-07
-1.46882e-07
-1.65254e-07
-1.81889e-07
-1.96936e-07
-2.09265e-07
-2.18774e-07
-2.24694e-07
-2.2644e-07
-2.22452e-07
-2.11104e-07
-1.90379e-07
-1.57654e-07
-1.09452e-07
-4.32041e-08
4.81332e-08
7.64165e-05
2.53539e-05
5.57847e-05
2.06319e-05
4.33969e-05
1.23878e-05
2.09397e-07
4.31875e-05
0.000119513
1.9486e-05
0.000121767
1.83782e-05
0.000119287
1.48673e-05
1.04615e-05
0.000109035
0.000108343
1.28703e-05
0.000114061
1.26599e-05
0.000116854
1.20747e-05
1.14569e-05
0.000115859
9.81636e-05
1.13289e-05
9.97577e-05
1.10658e-05
0.000101109
1.07233e-05
1.04785e-05
0.000102087
0.000100403
1.1076e-05
9.98565e-05
1.16124e-05
9.90254e-05
1.15544e-05
1.15456e-05
9.79583e-05
9.09109e-05
5.42887e-06
9.55188e-05
7.00457e-06
9.96201e-05
7.45303e-06
1.00489e-05
0.000101117
6.97448e-05
1.41166e-05
6.91724e-05
7.57693e-06
7.70829e-05
-4.57436e-07
5.87869e-06
8.12531e-05
0.000103851
1.41009e-05
9.28513e-05
1.85769e-05
7.81626e-05
1.42312e-05
1.67296e-05
6.73118e-05
8.91098e-05
4.57801e-08
9.74559e-05
1.02305e-05
9.69259e-05
1.47611e-05
1.87013e-05
9.49541e-05
2.88666e-05
-1.30861e-05
4.21997e-05
-3.10253e-06
5.26961e-05
4.26484e-06
1.03978e-05
6.09996e-05
-1.79936e-05
-1.9128e-05
-8.96258e-06
-1.21336e-05
7.47267e-07
-5.44493e-06
3.33177e-07
1.08121e-05
-4.56758e-05
-2.29544e-05
-3.92842e-05
-1.85251e-05
-3.10044e-05
-1.37247e-05
-9.16208e-06
-2.1509e-05
-6.62347e-05
-2.12195e-05
-6.56952e-05
-1.90645e-05
-6.29009e-05
-1.6519e-05
-1.38739e-05
-5.8189e-05
-6.39705e-05
-1.68273e-05
-6.75386e-05
-1.54964e-05
-7.00995e-05
-1.39581e-05
-1.22548e-05
-7.17186e-05
-5.55062e-05
-1.3661e-05
-5.84833e-05
-1.25193e-05
-6.11824e-05
-1.1259e-05
-9.87479e-06
-6.35625e-05
-4.95691e-05
-1.12734e-05
-5.17494e-05
-1.03392e-05
-5.37119e-05
-9.29649e-06
-8.11757e-06
-5.54692e-05
-4.47152e-05
-9.341e-06
-4.6493e-05
-8.56145e-06
-4.8088e-05
-7.70148e-06
-6.71877e-06
-4.94867e-05
-4.04462e-05
-7.77216e-06
-4.19035e-05
-7.1042e-06
-4.32301e-05
-6.37486e-06
-5.5405e-06
-4.44084e-05
-3.6715e-05
-6.47993e-06
-3.79193e-05
-5.89987e-06
-3.90213e-05
-5.27291e-06
-4.55507e-06
-4.00067e-05
-3.34221e-05
-5.40186e-06
-3.4431e-05
-4.89096e-06
-3.53597e-05
-4.34436e-06
-3.71756e-06
-3.61973e-05
-3.04936e-05
-4.48769e-06
-3.1355e-05
-4.02977e-06
-3.21543e-05
-3.54513e-06
-2.98841e-06
-3.28835e-05
-2.78725e-05
-3.6962e-06
-2.86252e-05
-3.27722e-06
-2.93324e-05
-2.83796e-06
-2.33364e-06
-2.99872e-05
-2.54991e-05
-2.99487e-06
-2.61766e-05
-2.59987e-06
-2.68257e-05
-2.1889e-06
-1.71856e-06
-2.74407e-05
-2.33251e-05
-2.35817e-06
-2.39536e-05
-1.97138e-06
-2.45719e-05
-1.57054e-06
-1.11224e-06
-2.51782e-05
-2.12925e-05
-1.7651e-06
-2.18907e-05
-1.37303e-06
-2.24958e-05
-9.65286e-07
-5.06905e-07
-2.31011e-05
-1.93395e-05
-1.20644e-06
-1.99168e-05
-7.95558e-07
-2.05177e-05
-3.64178e-07
1.17862e-07
-2.11424e-05
-1.73473e-05
-6.81678e-07
-1.79016e-05
-2.41174e-07
-1.84911e-05
2.25456e-07
7.3703e-07
-1.91102e-05
-1.51381e-05
-2.05042e-07
-1.56459e-05
2.66591e-07
-1.61895e-05
7.69144e-07
1.30994e-06
-1.67624e-05
-1.25093e-05
1.7848e-07
-1.29253e-05
6.8261e-07
-1.33722e-05
1.216e-06
1.77858e-06
-1.38407e-05
-9.43481e-06
4.08262e-07
-9.68668e-06
9.34442e-07
-9.95553e-06
1.48485e-06
2.06493e-06
-1.02418e-05
-6.19138e-06
4.20933e-07
-6.20519e-06
9.48199e-07
-6.21189e-06
1.49152e-06
2.05174e-06
-6.19865e-06
-3.35252e-06
1.94531e-07
-3.09472e-06
6.90302e-07
-2.79854e-06
1.19531e-06
1.70811e-06
-2.45495e-06
-1.43047e-06
-2.3733e-07
-9.41543e-07
2.01292e-07
-3.70928e-07
6.24724e-07
1.0506e-06
2.86529e-07
-5.2614e-07
-7.96934e-07
1.19733e-07
-4.44632e-07
8.66538e-07
-1.22005e-07
1.91978e-07
1.72511e-06
-2.94221e-07
-1.41752e-06
4.29206e-07
-1.16813e-06
1.26994e-06
-9.62663e-07
-7.64869e-07
2.22678e-06
-2.77099e-07
-2.05599e-06
4.72304e-07
-1.91757e-06
1.33972e-06
-1.82997e-06
-1.74774e-06
2.32264e-06
-2.27661e-07
-2.67582e-06
5.01881e-07
-2.64711e-06
1.34113e-06
-2.66914e-06
-2.70025e-06
2.29365e-06
-1.56246e-07
-3.23038e-06
4.96156e-07
-3.29951e-06
1.24178e-06
-3.41467e-06
-3.5508e-06
2.09245e-06
-1.53594e-07
-3.67408e-06
3.6763e-07
-3.82065e-06
9.60609e-07
-4.00748e-06
-4.22834e-06
1.63823e-06
-1.84782e-07
-3.99162e-06
1.84259e-07
-4.18959e-06
6.06459e-07
-4.4295e-06
-4.71568e-06
1.09391e-06
-6.85031e-08
-4.17945e-06
1.48032e-07
-4.40604e-06
3.99341e-07
-4.68062e-06
-5.01149e-06
6.95279e-07
1.16122e-07
1.92955e-07
2.81921e-07
3.86062e-07
-2.83366e-05
-5.78389e-05
-4.53076e-05
-0.000149727
-5.76732e-05
-0.000179392
-1.39106e-05
-7.68401e-05
1.8864e-05
4.7423e-05
3.11801e-05
9.71732e-05
3.53139e-05
8.82095e-05
3.1783e-05
8.21425e-05
2.60321e-05
8.18324e-05
1.30845e-05
9.40774e-05
-1.73836e-06
0.000101882
-1.63139e-05
0.000115336
-3.37757e-05
0.00014156
-6.1364e-05
0.000193988
-0.000108877
0.000276155
-0.000149947
0.000238581
-0.000123613
-0.000131056
-5.28316e-05
-0.000486488
-0.000433834
6.01413e-05
-8.94497e-06
-1.31643e-05
-7.64217e-05
-3.15167e-05
-0.00016104
2.65102e-05
-0.000134867
4.16244e-05
3.23092e-05
2.88694e-05
0.000109929
2.58114e-05
9.12681e-05
3.0929e-05
7.70251e-05
2.22892e-05
9.04717e-05
9.04549e-06
0.000107321
4.43356e-06
0.000106494
5.83481e-06
0.000113935
1.04311e-05
0.000136964
1.65683e-05
0.000187851
1.52395e-05
0.000277484
1.56225e-05
0.000238198
-1.4775e-07
-0.000115286
-2.05179e-05
-0.000466118
-0.000454352
8.84122e-05
1.85014e-05
2.78761e-05
-1.58855e-05
-1.64453e-05
-0.000116718
-1.57959e-05
-0.000135516
3.13194e-05
-1.48058e-05
3.3745e-05
0.000107503
3.29158e-05
9.20974e-05
4.16543e-05
6.82864e-05
3.14522e-05
0.000100674
1.38783e-05
0.000124895
4.19691e-06
0.000116176
1.12246e-05
0.000106908
3.36929e-05
0.000114496
8.391e-05
0.000137633
0.000130947
0.000230447
0.000175863
0.000193282
0.000184961
-0.000124383
2.0212e-05
-0.000301369
-0.00043414
9.26599e-05
2.7929e-05
5.25244e-05
2.42499e-05
-5.44479e-05
-9.74618e-06
-0.000100408
-8.9556e-05
-7.77149e-05
-3.74982e-05
-6.68127e-06
3.64697e-05
4.21908e-05
4.32253e-05
3.72913e-05
7.31853e-05
1.80231e-05
0.000119942
6.70759e-06
0.000136211
-1.11117e-05
0.000133995
-4.02543e-06
9.98217e-05
4.70917e-05
6.33787e-05
0.000139054
4.56714e-05
0.000189043
0.000180458
0.000247152
0.000135172
0.000235106
-0.000112337
4.9022e-05
-0.000115285
-0.000385118
9.47591e-05
3.11282e-05
7.71532e-05
4.18559e-05
1.74691e-05
4.99379e-05
-0.0001092
3.71129e-05
-0.000169167
2.24691e-05
-0.000149947
1.725e-05
-5.76111e-05
-4.9111e-05
-5.32032e-05
6.87772e-05
-9.68877e-05
0.000163627
-9.60626e-05
0.000135386
-4.74598e-05
8.53918e-05
-2.20272e-06
5.45645e-05
5.14963e-06
5.60261e-05
8.16839e-05
-3.08621e-05
0.000118734
0.000143408
0.000123943
0.000129964
3.86994e-05
-2.70943e-05
5.99429e-05
-0.000136529
-0.000325175
0.000101725
3.05202e-05
0.000102307
4.12734e-05
9.46509e-05
5.75944e-05
6.27448e-05
6.90191e-05
1.4922e-05
7.02918e-05
-3.53727e-05
6.75448e-05
-0.000150362
6.58781e-05
-0.000158576
7.69915e-05
-9.16634e-05
9.6715e-05
-4.80659e-05
9.17883e-05
-3.97511e-05
7.70773e-05
-4.96049e-05
6.44183e-05
-4.89109e-05
5.5332e-05
-0.000112747
3.29737e-05
-2.65352e-05
5.7196e-05
6.46677e-05
3.87604e-05
6.13466e-05
-2.37731e-05
5.71941e-05
-0.000132376
-0.000267981
9.62897e-05
1.54836e-05
0.000110001
2.75618e-05
0.000121956
4.56397e-05
0.000129285
6.16902e-05
0.000127709
7.18672e-05
0.000118906
7.63486e-05
0.000106418
7.83658e-05
0.000100941
8.24682e-05
0.000111574
8.60824e-05
0.000123487
7.98753e-05
0.000130299
7.02647e-05
0.000132032
6.26852e-05
0.000129562
5.78027e-05
0.000110814
5.17215e-05
0.000115804
5.22058e-05
0.000122501
3.20633e-05
0.000112236
-1.35086e-05
7.35857e-05
-9.37255e-05
-0.000194395
4.43616e-05
3.84338e-05
8.74702e-05
-1.55467e-05
0.000113087
2.00227e-05
0.000133664
4.1113e-05
0.000151196
5.43358e-05
0.000164586
6.29588e-05
0.000176048
6.69029e-05
0.000187514
7.10024e-05
0.000199697
7.38998e-05
0.000209526
7.00463e-05
0.000217295
6.24955e-05
0.000223209
5.6771e-05
0.000225566
5.54455e-05
0.000220757
5.65307e-05
0.000215938
5.70249e-05
0.000198503
4.94984e-05
0.000163986
2.10087e-05
9.84815e-05
-2.82211e-05
-9.59135e-05
8.70839e-05
4.63041e-05
7.19726e-05
-4.35352e-07
6.55151e-05
2.64805e-05
0.000106343
2.8492e-07
0.000135056
2.56229e-05
0.000156522
4.14931e-05
0.000174546
4.88785e-05
0.000190482
5.5067e-05
0.000205175
5.92065e-05
0.000217933
5.72879e-05
0.000228556
5.18733e-05
0.000237838
4.74887e-05
0.000245252
4.80314e-05
0.00024838
5.34025e-05
0.000242184
6.32212e-05
0.000214931
7.67517e-05
0.00016377
7.21695e-05
9.27652e-05
4.27834e-05
-3.14821e-06
7.42199e-05
3.30841e-05
5.83392e-05
1.54458e-05
6.71393e-05
1.76805e-05
7.22611e-05
-4.8368e-06
9.30969e-05
4.78704e-06
0.000116523
1.80668e-05
0.000140422
2.49802e-05
0.000163973
3.15159e-05
0.00018503
3.81494e-05
0.000202482
3.98355e-05
0.000215093
3.92629e-05
0.000225322
3.72594e-05
0.000234157
3.91958e-05
0.000239049
4.85112e-05
0.000225401
7.68692e-05
0.000183881
0.000118272
0.000131534
0.000124516
7.3854e-05
0.000100463
7.07058e-05
3.06329e-05
1.32636e-05
3.3828e-05
1.2251e-05
4.24365e-05
9.07222e-06
3.90826e-05
-1.48294e-06
4.42414e-05
-3.71739e-07
5.41797e-05
8.12842e-06
6.56001e-05
1.35598e-05
8.03689e-05
1.6747e-05
9.78446e-05
2.06736e-05
0.000110704
2.69757e-05
0.000118463
3.15042e-05
0.000128186
2.75362e-05
0.000146133
2.12492e-05
0.00015298
4.16636e-05
0.000120242
0.000109608
7.37201e-05
0.000164794
6.43752e-05
0.000133861
4.39632e-05
0.000120875
0.000114669
9.21209e-07
-9.16649e-06
1.63285e-05
-3.15617e-06
2.58544e-05
-4.53603e-07
2.11948e-05
3.17664e-06
8.91543e-06
1.19076e-05
-2.25253e-06
1.92963e-05
-8.90782e-06
2.0215e-05
-7.62289e-06
1.5462e-05
3.06334e-06
9.98721e-06
1.90536e-05
1.09853e-05
3.04032e-05
2.01544e-05
2.91038e-05
2.88353e-05
-2.82078e-06
5.31736e-05
-5.38547e-05
9.26975e-05
-8.15159e-05
0.000137269
-2.10835e-05
0.000104361
1.65096e-05
9.6268e-05
2.01562e-05
0.000117229
0.000134825
-4.40686e-05
-2.32868e-05
-3.54391e-05
-1.17857e-05
-3.53191e-05
-5.73542e-07
-4.36429e-05
1.15004e-05
-5.22639e-05
2.05286e-05
-5.71607e-05
2.41932e-05
-5.78945e-05
2.09488e-05
-5.46816e-05
1.22491e-05
-4.76165e-05
2.92218e-06
-3.87721e-05
2.14087e-06
-3.59561e-05
1.73385e-05
-5.49788e-05
4.78581e-05
-0.000108435
0.00010663
-0.000157352
0.000141615
-0.000115153
9.50692e-05
-5.07687e-05
3.99771e-05
-1.07936e-05
5.62929e-05
5.79552e-06
0.00010064
0.000140621
-7.32028e-05
-2.18026e-05
-7.38148e-05
-1.11736e-05
-7.54132e-05
1.02491e-06
-7.58436e-05
1.19308e-05
-7.43215e-05
1.90065e-05
-6.97237e-05
1.95953e-05
-6.34928e-05
1.4718e-05
-5.92342e-05
7.9904e-06
-5.96127e-05
3.30066e-06
-6.30525e-05
5.58051e-06
-7.27127e-05
2.69985e-05
-0.000101924
7.70698e-05
-0.000137378
0.000142083
-0.000145071
0.000149308
-0.000116233
6.62309e-05
-6.34105e-05
-1.28455e-05
-2.45878e-05
1.74701e-05
3.09669e-06
7.29552e-05
0.000143717
-6.83561e-05
-1.7009e-05
-7.17544e-05
-7.77527e-06
-7.29846e-05
2.25529e-06
-7.19141e-05
1.08605e-05
-6.78991e-05
1.49917e-05
-6.21463e-05
1.38426e-05
-5.66863e-05
9.25804e-06
-5.38708e-05
5.17503e-06
-5.61386e-05
5.56843e-06
-6.4834e-05
1.42757e-05
-8.01752e-05
4.23396e-05
-0.000107379
0.000104274
-0.000136483
0.000171186
-0.00014476
0.000157586
-0.000149376
7.0847e-05
-6.93066e-05
-9.29153e-05
-2.41021e-05
-2.77343e-05
7.64158e-06
4.12115e-05
0.000151359
-5.88115e-05
-1.36666e-05
-6.11028e-05
-5.48391e-06
-6.18968e-05
3.04931e-06
-6.081e-05
9.77359e-06
-5.80642e-05
1.22459e-05
-5.40886e-05
9.86713e-06
-4.96754e-05
4.84487e-06
-4.63755e-05
1.87513e-06
-4.69575e-05
6.15039e-06
-5.37932e-05
2.11113e-05
-6.42879e-05
5.28344e-05
-7.51073e-05
0.000115093
-8.88497e-05
0.000184929
-0.000106541
0.000175277
-5.75447e-05
2.18511e-05
-4.43246e-05
-0.000106135
-4.12382e-06
-6.79351e-05
1.27988e-05
2.42889e-05
0.000164158
-5.20027e-05
-1.11506e-05
-5.34355e-05
-4.05091e-06
-5.37503e-05
3.3643e-06
-5.28674e-05
8.89096e-06
-5.06633e-05
1.0042e-05
-4.69607e-05
6.16472e-06
-4.21146e-05
-1.15406e-09
-3.75155e-05
-2.72402e-06
-3.53011e-05
3.93592e-06
-3.67993e-05
2.26094e-05
-3.82868e-05
5.4322e-05
-2.95737e-05
0.00010638
-1.16396e-05
0.000166995
-2.01259e-06
0.00016565
1.06034e-05
9.23512e-06
1.06063e-05
-0.000106138
9.31077e-06
-6.66396e-05
6.038e-06
2.75616e-05
0.000170196
-4.65009e-05
-9.05804e-06
-4.75947e-05
-2.95708e-06
-4.76341e-05
3.40379e-06
-4.66052e-05
7.86228e-06
-4.42426e-05
7.67967e-06
-4.01999e-05
2.12216e-06
-3.46763e-05
-5.5246e-06
-2.89254e-05
-8.47491e-06
-2.45555e-05
-4.33968e-07
-2.17868e-05
1.98408e-05
-1.75444e-05
5.00797e-05
-3.23958e-07
8.91598e-05
3.02505e-05
0.00013642
5.38898e-05
0.00014201
4.17598e-05
2.13654e-05
3.90925e-06
-6.82879e-05
-7.77035e-06
-5.496e-05
-1.34765e-05
3.32678e-05
0.000156719
-4.17607e-05
-7.30397e-06
-4.26079e-05
-2.10981e-06
-4.24271e-05
3.22318e-06
-4.11768e-05
6.61212e-06
-3.86621e-05
5.16509e-06
-3.44569e-05
-2.08305e-06
-2.85835e-05
-1.1398e-05
-2.22669e-05
-1.47916e-05
-1.70696e-05
-5.63131e-06
-1.30106e-05
1.5782e-05
-8.72825e-06
4.57975e-05
2.04754e-06
7.83839e-05
1.67758e-05
0.000121692
2.32352e-05
0.000135551
2.81069e-06
4.179e-05
-1.12764e-05
-5.42008e-05
-2.2555e-05
-4.36814e-05
-3.12398e-05
4.19526e-05
0.000125479
-3.77009e-05
-5.80037e-06
-3.83772e-05
-1.43345e-06
-3.80333e-05
2.87946e-06
-3.66697e-05
5.24864e-06
-3.41551e-05
2.65046e-06
-2.99971e-05
-6.24106e-06
-2.41766e-05
-1.72186e-05
-1.7995e-05
-2.09731e-05
-1.32104e-05
-1.0416e-05
-9.8706e-06
1.24421e-05
-7.34602e-06
4.32729e-05
-6.04686e-06
7.70848e-05
-3.98145e-06
0.000119627
-9.54763e-06
0.000141117
-1.18077e-05
4.405e-05
-1.85441e-05
-4.74644e-05
-3.67158e-05
-2.55096e-05
-3.03944e-05
3.56312e-05
9.50851e-05
-3.42225e-05
-4.46124e-06
-3.48225e-05
-8.33248e-07
-3.44602e-05
2.51725e-06
-3.3174e-05
3.96254e-06
-3.08274e-05
3.03827e-07
-2.69232e-05
-1.01452e-05
-2.1579e-05
-2.2563e-05
-1.62637e-05
-2.62884e-05
-1.24921e-05
-1.41877e-05
-1.00841e-05
1.00342e-05
-8.5528e-06
4.17415e-05
-1.11879e-05
7.97198e-05
-1.08554e-05
0.000119294
-1.11639e-05
0.000141425
-1.4721e-05
4.76072e-05
-1.19307e-05
-5.02548e-05
-2.81183e-05
-9.32205e-06
-2.23072e-05
2.98202e-05
7.27779e-05
-3.12389e-05
-3.20951e-06
-3.18728e-05
-1.99398e-07
-3.16733e-05
2.31774e-06
-3.0677e-05
2.96601e-06
-2.88011e-05
-1.57225e-06
-2.56699e-05
-1.32766e-05
-2.1404e-05
-2.68288e-05
-1.74073e-05
-3.02852e-05
-1.48027e-05
-1.67923e-05
-1.26079e-05
7.83947e-06
-1.17093e-05
4.08428e-05
-1.50866e-05
8.30971e-05
-2.03477e-05
0.000124555
-3.43004e-05
0.000155378
-6.23732e-05
7.568e-05
-1.70767e-05
-9.55512e-05
-1.41212e-05
-1.22776e-05
-1.65743e-05
3.22733e-05
5.62036e-05
-2.86828e-05
-1.96733e-06
-2.94666e-05
5.84338e-07
-2.95441e-05
2.39498e-06
-2.90148e-05
2.43647e-06
-2.79311e-05
-2.65588e-06
-2.59809e-05
-1.52269e-05
-2.33297e-05
-2.94801e-05
-2.12183e-05
-3.23966e-05
-1.99347e-05
-1.80759e-05
-1.79253e-05
5.83005e-06
-1.74985e-05
4.0416e-05
-2.17117e-05
8.73103e-05
-3.05293e-05
0.000133373
-3.51275e-05
0.000159976
-3.00023e-05
7.05548e-05
-4.11069e-05
-8.44466e-05
-2.79538e-05
-2.54307e-05
-2.8013e-05
3.23325e-05
2.81906e-05
-2.65009e-05
-6.44634e-07
-2.7449e-05
1.53241e-06
-2.7835e-05
2.78083e-06
-2.79523e-05
2.55352e-06
-2.77959e-05
-2.81236e-06
-2.72127e-05
-1.581e-05
-2.65703e-05
-3.01224e-05
-2.67268e-05
-3.22402e-05
-2.70034e-05
-1.77992e-05
-2.55428e-05
4.36945e-06
-2.59923e-05
4.08657e-05
-3.42019e-05
9.552e-05
-4.65972e-05
0.000145768
-3.73868e-05
0.000150766
-1.20675e-05
4.52355e-05
-1.28076e-05
-8.37065e-05
-1.36572e-05
-2.45811e-05
-1.99123e-05
3.85876e-05
8.27832e-06
-2.45051e-05
7.59238e-07
-2.55817e-05
2.60884e-06
-2.63359e-05
3.53495e-06
-2.71764e-05
3.3941e-06
-2.79846e-05
-2.00408e-06
-2.87642e-05
-1.50305e-05
-3.03973e-05
-2.84892e-05
-3.29118e-05
-2.97256e-05
-3.52457e-05
-1.54653e-05
-3.66682e-05
5.79214e-06
-4.22778e-05
4.64753e-05
-5.93834e-05
0.000112626
-7.66766e-05
0.000163061
-6.65539e-05
0.000140643
-4.78842e-05
2.65657e-05
-4.33211e-05
-8.82695e-05
-1.08189e-05
-5.70833e-05
1.03534e-05
1.74154e-05
1.86317e-05
-2.25527e-05
2.16948e-06
-2.37865e-05
3.84261e-06
-2.49418e-05
4.69037e-06
-2.64793e-05
4.9316e-06
-2.82811e-05
-2.02162e-07
-3.0379e-05
-1.29327e-05
-3.39628e-05
-2.49055e-05
-3.91944e-05
-2.44939e-05
-4.6293e-05
-8.36661e-06
-5.4847e-05
1.43462e-05
-6.94608e-05
6.10891e-05
-9.35926e-05
0.000136757
-0.00011684
0.000186309
-0.000129754
0.000153557
-0.000131178
2.79902e-05
-0.000115376
-0.000104072
-6.03508e-05
-0.000112108
-6.10168e-06
-3.68337e-05
1.253e-05
-2.05547e-05
3.61394e-06
-2.19277e-05
5.21572e-06
-2.35224e-05
6.28531e-06
-2.57603e-05
7.16953e-06
-2.84596e-05
2.49705e-06
-3.13984e-05
-9.99402e-06
-3.54467e-05
-2.08572e-05
-4.26345e-05
-1.73059e-05
-5.57145e-05
4.71346e-06
-7.29024e-05
3.15342e-05
-9.12471e-05
7.94338e-05
-0.000109359
0.000154869
-0.000123794
0.000200744
-0.000130718
0.00016048
-0.000138105
3.53774e-05
-0.00014862
-9.35565e-05
-8.74304e-05
-0.000173298
-2.4767e-05
-9.94972e-05
-1.22369e-05
-1.8069e-05
4.92082e-06
-1.95071e-05
6.654e-06
-2.13903e-05
8.16847e-06
-2.41868e-05
9.96607e-06
-2.77938e-05
6.10381e-06
-3.0501e-05
-7.28678e-06
-3.33781e-05
-1.798e-05
-3.99752e-05
-1.07087e-05
-5.49582e-05
1.96965e-05
-7.82262e-05
5.48022e-05
-9.46223e-05
9.58298e-05
-9.68502e-05
0.000157097
-8.82816e-05
0.000192176
-7.69346e-05
0.000149134
-7.19915e-05
3.04345e-05
-6.87242e-05
-9.68238e-05
-7.62122e-05
-0.00016581
-3.84216e-05
-0.000137288
-5.06585e-05
-1.49173e-05
5.99759e-06
-1.63348e-05
8.07162e-06
-1.82035e-05
1.00371e-05
-2.11455e-05
1.2908e-05
-2.56932e-05
1.06514e-05
-2.81386e-05
-4.84119e-06
-2.93578e-05
-1.67607e-05
-3.29335e-05
-7.13287e-06
-4.27831e-05
2.95461e-05
-6.52053e-05
7.72243e-05
-7.95473e-05
0.000110172
-6.98306e-05
0.000147381
-4.18107e-05
0.000164156
-1.26705e-05
0.000119994
-5.31279e-06
2.30767e-05
-1.93406e-05
-8.27958e-05
-3.76439e-05
-0.000147507
-3.48851e-05
-0.000140047
-8.55436e-05
-1.09029e-05
6.65876e-06
-1.19671e-05
9.13595e-06
-1.35066e-05
1.15765e-05
-1.61574e-05
1.55587e-05
-2.12317e-05
1.57259e-05
-2.67884e-05
7.15679e-07
-2.93373e-05
-1.42118e-05
-3.3469e-05
-3.00121e-06
-3.62061e-05
3.2283e-05
-4.40113e-05
8.50294e-05
-5.21157e-05
0.000118276
-3.80623e-05
0.000133327
1.50056e-06
0.000124593
5.79622e-05
6.35319e-05
8.59486e-05
-4.9097e-06
7.76319e-05
-7.4479e-05
2.685e-05
-9.67247e-05
6.32799e-06
-0.000119525
-7.92156e-05
-6.12417e-06
6.58426e-06
-6.40183e-06
9.41358e-06
-7.19904e-06
1.23738e-05
-8.86165e-06
1.72213e-05
-1.35389e-05
2.04032e-05
-2.45377e-05
1.17145e-05
-3.76258e-05
-1.12382e-06
-4.61441e-05
5.51692e-06
-4.80117e-05
3.41505e-05
-4.04287e-05
7.74463e-05
-3.12898e-05
0.000109137
-3.21493e-06
0.000105252
5.70846e-05
6.42936e-05
0.000129113
-8.49618e-06
0.000170216
-4.60127e-05
0.00014659
-5.08532e-05
0.000105466
-5.5601e-05
4.73342e-05
-6.13928e-05
-3.18815e-05
-1.49946e-06
5.62876e-06
-5.17779e-07
8.43186e-06
1.03079e-07
1.1753e-05
3.37741e-07
1.69867e-05
-1.81845e-06
2.25595e-05
-1.24931e-05
2.23891e-05
-3.01174e-05
1.65004e-05
-4.24763e-05
1.78757e-05
-4.72428e-05
3.8917e-05
-3.86825e-05
6.8886e-05
-8.23064e-06
7.86854e-05
4.79503e-05
4.9071e-05
0.000121944
-9.70009e-06
0.00016921
-5.57616e-05
0.000176486
-5.32892e-05
0.000176417
-5.07847e-05
0.000144704
-2.38877e-05
7.5948e-05
7.36314e-06
4.40666e-05
2.09615e-06
3.81915e-06
4.28538e-06
6.24266e-06
6.58903e-06
9.44933e-06
9.53416e-06
1.40416e-05
1.20595e-05
2.00342e-05
8.6567e-06
2.57918e-05
-1.78175e-06
2.69387e-05
-1.67589e-05
3.28527e-05
-2.99639e-05
5.21219e-05
-2.82402e-05
6.71622e-05
4.88023e-06
4.55648e-05
6.08836e-05
-6.93242e-06
0.000112225
-6.10414e-05
0.000145287
-8.88236e-05
0.000143698
-5.17004e-05
0.000125302
-3.23889e-05
0.000119705
-1.82901e-05
7.36724e-05
5.33954e-05
0.000117739
4.14049e-06
1.40376e-06
7.18879e-06
3.19437e-06
1.08326e-05
5.80562e-06
1.58996e-05
8.97461e-06
2.20857e-05
1.38481e-05
2.68158e-05
2.10616e-05
2.9837e-05
2.39175e-05
3.04002e-05
3.22895e-05
2.8921e-05
5.3601e-05
4.13933e-05
5.46898e-05
7.93152e-05
7.64284e-06
0.000127073
-5.46901e-05
0.000157846
-9.18146e-05
0.000163869
-9.48468e-05
0.000175162
-6.29932e-05
0.00017138
-2.86069e-05
0.000101777
5.13125e-05
6.14145e-05
9.37579e-05
0.000179153
4.95886e-06
-1.32832e-06
8.46299e-06
-3.09744e-07
1.29388e-05
1.32998e-06
1.89512e-05
2.96219e-06
2.70069e-05
5.79233e-06
3.7042e-05
1.10264e-05
4.94878e-05
1.14717e-05
6.31139e-05
1.86636e-05
8.0612e-05
3.61028e-05
0.000102569
3.27323e-05
0.000129062
-1.88499e-05
0.000170089
-9.57174e-05
0.000203985
-0.00012571
0.000203271
-9.41328e-05
0.00019039
-5.01126e-05
0.000159283
2.5002e-06
8.2613e-05
0.000127983
3.99492e-05
0.000136422
0.000219103
5.12641e-06
-4.13214e-06
8.75769e-06
-3.94105e-06
1.35682e-05
-3.48045e-06
1.9851e-05
-3.32044e-06
2.84241e-05
-2.78073e-06
4.07669e-05
-1.31629e-06
5.60578e-05
-3.81925e-06
7.20272e-05
2.69406e-06
9.14573e-05
1.66726e-05
0.000117848
6.34187e-06
0.000149259
-5.02615e-05
0.000180223
-0.000126681
0.000194987
-0.000140474
0.000189668
-8.88142e-05
0.000166675
-2.71196e-05
0.000125378
4.37978e-05
6.73699e-05
0.00018599
3.90564e-05
0.000164735
0.000258159
4.98222e-06
-6.82068e-06
8.49928e-06
-7.45796e-06
1.32146e-05
-8.1956e-06
1.94629e-05
-9.56884e-06
2.77625e-05
-1.10803e-05
3.97838e-05
-1.33375e-05
5.46205e-05
-1.86557e-05
7.17303e-05
-1.44157e-05
9.45292e-05
-6.12624e-06
0.000125692
-2.48213e-05
0.000162385
-8.69543e-05
0.000196167
-0.000160464
0.000189308
-0.000133615
0.000179048
-7.85541e-05
0.000158923
-6.99526e-06
0.00011031
9.24113e-05
6.9773e-05
0.000226527
3.86324e-05
0.000195876
0.000296791
4.50227e-06
-9.23035e-06
7.68933e-06
-1.06448e-05
1.20339e-05
-1.254e-05
1.78304e-05
-1.53653e-05
2.57173e-05
-1.89671e-05
3.61827e-05
-2.38029e-05
5.01069e-05
-3.25799e-05
7.00375e-05
-3.43464e-05
9.69172e-05
-3.30058e-05
0.000133871
-6.17749e-05
0.000177902
-0.000130985
0.000185046
-0.000167608
0.000162835
-0.000111403
0.000140457
-5.61762e-05
0.000120061
1.34005e-05
8.43084e-05
0.000128164
6.26055e-05
0.00024823
3.52927e-05
0.000223189
0.000332084
3.60182e-06
-1.11938e-05
6.23991e-06
-1.32827e-05
9.91534e-06
-1.62154e-05
1.48957e-05
-2.03455e-05
2.19858e-05
-2.60569e-05
3.13274e-05
-3.31444e-05
4.42651e-05
-4.55174e-05
6.47757e-05
-5.48567e-05
9.43863e-05
-6.26165e-05
0.000134649
-0.000102037
0.000169495
-0.000165831
0.000170528
-0.000168641
0.000143619
-8.44941e-05
0.000108615
-2.11724e-05
8.24321e-05
3.9584e-05
6.81498e-05
0.000142446
5.8676e-05
0.000257704
2.23213e-05
0.000259543
0.000354405
2.46949e-06
-1.25693e-05
4.37991e-06
-1.51932e-05
7.09446e-06
-1.89301e-05
1.09159e-05
-2.41669e-05
1.63907e-05
-3.15315e-05
2.43975e-05
-4.11509e-05
3.51854e-05
-5.63053e-05
5.33112e-05
-7.29824e-05
8.3763e-05
-9.30682e-05
0.000123839
-0.000142113
0.000154299
-0.000196291
0.000166015
-0.000180357
0.000138691
-5.71706e-05
0.0001025
1.50185e-05
8.24159e-05
5.96683e-05
8.1773e-05
0.000143089
8.25955e-05
0.000256881
2.3124e-05
0.000319015
0.000377529
1.47431e-06
-1.33482e-05
2.60628e-06
-1.63251e-05
4.24236e-06
-2.05661e-05
6.60625e-06
-2.65306e-05
9.97575e-06
-3.49009e-05
1.52081e-05
-4.63831e-05
2.21954e-05
-6.32926e-05
3.41116e-05
-8.48986e-05
5.57245e-05
-0.000114681
8.62619e-05
-0.00017265
0.000119999
-0.000230029
0.000144567
-0.000204925
0.000136284
-4.88877e-05
0.000118265
3.30378e-05
0.000115704
6.2229e-05
0.000130225
0.000128567
0.000154873
0.000232233
7.53481e-05
0.000398539
0.000452877
6.53724e-07
1.05497e-06
1.6397e-06
2.48916e-06
3.71292e-06
5.58409e-06
8.10561e-06
1.23753e-05
1.99777e-05
2.87544e-05
4.52527e-05
8.82613e-05
0.000107899
0.000108406
0.000108192
0.000134358
0.000155234
6.326e-05
)
;

boundaryField
{
    leftWall
    {
        type            calculated;
        value           uniform 0;
    }
    rightWall
    {
        type            calculated;
        value           uniform 0;
    }
    lowerWall
    {
        type            calculated;
        value           uniform 0;
    }
    atmosphere
    {
        type            calculated;
        value           nonuniform List<scalar> 
46
(
-9.62051e-06
-1.1027e-05
-1.06484e-05
-1.08505e-05
-1.07266e-05
-1.0653e-05
-1.0513e-05
-1.03358e-05
-1.01231e-05
-9.87933e-06
-9.60894e-06
-9.31828e-06
-9.01324e-06
-8.70395e-06
-8.39983e-06
-8.11095e-06
-7.85509e-06
-7.64838e-06
-7.51352e-06
-7.47893e-06
-7.57987e-06
-7.85618e-06
-8.36948e-06
-4.24733e-06
-4.48282e-06
-4.76951e-06
-5.11565e-06
-1.3616e-05
-1.67264e-05
-2.11507e-05
-2.73799e-05
-3.61246e-05
-4.82543e-05
-6.58141e-05
-8.91682e-05
-0.000122284
-0.000181427
-0.000246527
-0.000247933
-6.85254e-05
3.25306e-05
6.24435e-05
0.0001024
0.000211358
0.000490514
0.000516137
)
;
    }
    defaultFaces
    {
        type            empty;
    }
}


// ************************************************************************* //
