/*--------------------------------*- C++ -*----------------------------------*\
  =========                 |
  \\      /  F ield         | OpenFOAM: The Open Source CFD Toolbox
   \\    /   O peration     | Website:  https://openfoam.org
    \\  /    A nd           | Version:  13
     \\/     M anipulation  |
\*---------------------------------------------------------------------------*/
FoamFile
{
    format      ascii;
    class       volVectorField;
    location    "0.45";
    object      U;
}
// * * * * * * * * * * * * * * * * * * * * * * * * * * * * * * * * * * * * * //

dimensions      [0 1 -1 0 0 0 0];

internalField   nonuniform List<vector> 
2268
(
(-0.0355867 0.0104132 0)
(-0.0580049 0.00189331 0)
(-0.0360961 -0.00910421 0)
(0.0183868 -0.0148839 0)
(0.0879851 -0.0169042 0)
(0.157776 -0.0156652 0)
(0.219216 -0.0126961 0)
(0.267011 -0.00936619 0)
(0.300691 -0.00640025 0)
(0.322694 -0.00402646 0)
(0.335929 -0.002201 0)
(0.342468 -0.000745484 0)
(0.343533 0.000946032 0)
(0.337222 0.00332059 0)
(0.321253 0.00710997 0)
(0.291054 0.0130688 0)
(0.239548 0.0215111 0)
(0.159805 0.029902 0)
(0.0445649 0.0267844 0)
(-0.039328 0.0142533 0)
(-0.164168 0.0264229 0)
(-0.234403 0.00645377 0)
(-0.0766715 -0.059461 0)
(-0.0429366 0.0311416 0)
(-0.0547395 0.00290794 0)
(-0.0323613 -0.0279987 0)
(0.0232059 -0.044987 0)
(0.0926657 -0.0509011 0)
(0.161726 -0.0471208 0)
(0.222052 -0.0382463 0)
(0.268769 -0.0283464 0)
(0.301791 -0.0195816 0)
(0.323705 -0.0126015 0)
(0.337385 -0.0072488 0)
(0.345014 -0.00300331 0)
(0.347705 0.0010343 0)
(0.347958 0.00583516 0)
(0.346491 0.0125215 0)
(0.343228 0.0228712 0)
(0.334546 0.038824 0)
(0.309214 0.060821 0)
(0.233121 0.0766622 0)
(0.113602 0.0780299 0)
(-0.0970216 0.0643159 0)
(-0.152644 -0.015821 0)
(-0.00649674 -0.132899 0)
(-0.0389918 0.0513131 0)
(-0.0488337 0.00246413 0)
(-0.0244895 -0.0472236 0)
(0.0310104 -0.0748805 0)
(0.0989153 -0.0842144 0)
(0.165892 -0.0776157 0)
(0.223571 -0.0627503 0)
(0.267691 -0.0463847 0)
(0.298837 -0.0320874 0)
(0.319877 -0.0208378 0)
(0.333632 -0.0122847 0)
(0.341997 -0.00555743 0)
(0.345947 0.000234205 0)
(0.345713 0.00624847 0)
(0.341325 0.0136521 0)
(0.333514 0.0244978 0)
(0.324901 0.0420515 0)
(0.321156 0.0712733 0)
(0.309961 0.107908 0)
(0.259644 0.13793 0)
(0.11815 0.130041 0)
(0.000949434 0.010055 0)
(0.0569216 -0.147061 0)
(-0.0339702 0.0688335 0)
(-0.0395469 0.00103703 0)
(-0.0132775 -0.0664803 0)
(0.0405648 -0.104234 0)
(0.105683 -0.116408 0)
(0.169998 -0.10674 0)
(0.224477 -0.0858123 0)
(0.265405 -0.0632394 0)
(0.294282 -0.0439273 0)
(0.314422 -0.0289737 0)
(0.328553 -0.017688 0)
(0.338231 -0.00881085 0)
(0.344089 -0.000984016 0)
(0.346122 0.00710601 0)
(0.343982 0.0167849 0)
(0.337344 0.0294582 0)
(0.326823 0.0470311 0)
(0.316782 0.073674 0)
(0.318983 0.114202 0)
(0.326327 0.163509 0)
(0.280255 0.177881 0)
(0.182942 0.0602921 0)
(0.125759 -0.0951429 0)
(-0.0285156 0.0823815 0)
(-0.0261375 -0.00252757 0)
(0.000637803 -0.0845645 0)
(0.0504907 -0.131754 0)
(0.111482 -0.146853 0)
(0.172707 -0.134203 0)
(0.22398 -0.107155 0)
(0.261745 -0.0786007 0)
(0.28847 -0.0548637 0)
(0.307995 -0.0369187 0)
(0.322912 -0.023509 0)
(0.334359 -0.0128941 0)
(0.342546 -0.00336593 0)
(0.34718 0.006615 0)
(0.347853 0.0183654 0)
(0.344333 0.0330939 0)
(0.337011 0.0520584 0)
(0.326659 0.0767679 0)
(0.320668 0.110594 0)
(0.336199 0.159325 0)
(0.34863 0.191531 0)
(0.284907 0.117293 0)
(0.175003 -0.0155277 0)
(-0.0216314 0.0909841 0)
(-0.00765989 -0.00857078 0)
(0.0183519 -0.101363 0)
(0.0638812 -0.157428 0)
(0.119178 -0.175866 0)
(0.175348 -0.160424 0)
(0.222361 -0.12737 0)
(0.256747 -0.0931941 0)
(0.281656 -0.0655627 0)
(0.301201 -0.0451527 0)
(0.317603 -0.0300247 0)
(0.331422 -0.0179255 0)
(0.342385 -0.00686038 0)
(0.349825 0.0047617 0)
(0.353147 0.018405 0)
(0.352239 0.0350236 0)
(0.347835 0.0555154 0)
(0.341026 0.0806021 0)
(0.332781 0.109754 0)
(0.333754 0.148347 0)
(0.357121 0.188729 0)
(0.322562 0.166077 0)
(0.202021 0.0945158 0)
(-0.0123937 0.0936135 0)
(0.0162348 -0.0202149 0)
(0.0457272 -0.118932 0)
(0.0908877 -0.181332 0)
(0.138221 -0.202367 0)
(0.18407 -0.184026 0)
(0.223159 -0.145348 0)
(0.25257 -0.106671 0)
(0.27521 -0.0764895 0)
(0.294827 -0.0546272 0)
(0.312958 -0.0383042 0)
(0.329455 -0.0248023 0)
(0.343514 -0.0118997 0)
(0.354193 0.00196727 0)
(0.360496 0.0176249 0)
(0.362049 0.0357273 0)
(0.359678 0.0572937 0)
(0.354928 0.0832992 0)
(0.349336 0.112438 0)
(0.341448 0.144815 0)
(0.351729 0.187382 0)
(0.333249 0.207416 0)
(0.231172 0.206632 0)
(-0.00095561 0.0886036 0)
(0.0438091 -0.0331332 0)
(0.0916233 -0.136804 0)
(0.14147 -0.200745 0)
(0.176134 -0.222051 0)
(0.20399 -0.201077 0)
(0.230799 -0.157692 0)
(0.253875 -0.115519 0)
(0.273939 -0.0841321 0)
(0.293225 -0.0623431 0)
(0.312271 -0.0462962 0)
(0.330331 -0.0327628 0)
(0.346337 -0.0191881 0)
(0.359197 -0.00337244 0)
(0.368038 0.0157783 0)
(0.372439 0.0367691 0)
(0.372887 0.0596543 0)
(0.369973 0.0853188 0)
(0.366504 0.114142 0)
(0.359399 0.144785 0)
(0.356168 0.188377 0)
(0.347104 0.243895 0)
(0.225867 0.354332 0)
(0.23624 -0.127514 0)
(0.934253 -0.229552 0)
(1.67218 -0.0621658 0)
(1.74005 0.112119 0)
(1.12378 0.133963 0)
(0.574923 0.0541767 0)
(0.404261 0.0169002 0)
(0.315491 0.0213118 0)
(0.191229 0.026553 0)
(0.06152 0.0281477 0)
(-0.0734231 0.0302987 0)
(-0.22183 0.0335806 0)
(-0.389106 0.0382962 0)
(-0.587319 0.0444544 0)
(-0.817238 0.0465582 0)
(-1.00793 0.0270722 0)
(-0.996633 -0.0261622 0)
(-0.697521 -0.0950212 0)
(-0.238634 -0.102896 0)
(0.227914 -0.34687 0)
(0.799029 -0.605877 0)
(1.42046 -0.212747 0)
(1.84479 0.22328 0)
(1.53797 0.338907 0)
(0.934326 0.220616 0)
(0.558954 0.115976 0)
(0.361502 0.088648 0)
(0.200804 0.0856728 0)
(0.057544 0.0862039 0)
(-0.0846935 0.0909662 0)
(-0.239805 0.101652 0)
(-0.415988 0.117054 0)
(-0.62618 0.135508 0)
(-0.865699 0.140992 0)
(-1.05461 0.0845725 0)
(-1.04642 -0.0737812 0)
(-0.742975 -0.28163 0)
(-0.253347 -0.307728 0)
(0.305582 -0.52252 0)
(0.618788 -0.858624 0)
(1.02006 -0.443635 0)
(1.45255 0.186146 0)
(1.35122 0.473222 0)
(0.87333 0.384548 0)
(0.521542 0.242684 0)
(0.325825 0.17026 0)
(0.180749 0.146677 0)
(0.0541049 0.143518 0)
(-0.0757504 0.150209 0)
(-0.221338 0.169347 0)
(-0.390472 0.196751 0)
(-0.599751 0.22947 0)
(-0.860965 0.242625 0)
(-1.10434 0.153833 0)
(-1.14456 -0.116671 0)
(-0.831843 -0.480379 0)
(-0.282593 -0.531098 0)
(0.36355 -0.684767 0)
(0.401186 -0.99421 0)
(0.664168 -0.607306 0)
(1.05459 0.112547 0)
(1.01032 0.535926 0)
(0.678988 0.511832 0)
(0.440715 0.35205 0)
(0.295402 0.241355 0)
(0.174136 0.200813 0)
(0.0579102 0.196347 0)
(-0.0665301 0.206914 0)
(-0.207794 0.235248 0)
(-0.373976 0.276059 0)
(-0.585521 0.327733 0)
(-0.875763 0.360275 0)
(-1.18841 0.250928 0)
(-1.29044 -0.144779 0)
(-0.947994 -0.696909 0)
(-0.308618 -0.79184 0)
(0.33357 -0.876331 0)
(0.135821 -1.06912 0)
(0.344086 -0.634212 0)
(0.684062 0.160057 0)
(0.662294 0.588637 0)
(0.475222 0.592588 0)
(0.363255 0.422996 0)
(0.270219 0.293929 0)
(0.169598 0.248513 0)
(0.0616112 0.246592 0)
(-0.0572705 0.261782 0)
(-0.192666 0.299303 0)
(-0.353398 0.354995 0)
(-0.563834 0.430987 0)
(-0.887446 0.498068 0)
(-1.293 0.384652 0)
(-1.4606 -0.161287 0)
(-1.02207 -0.955762 0)
(-0.284592 -1.08815 0)
(0.242844 -0.992039 0)
(-0.356843 -0.992486 0)
(-0.0433433 -0.735024 0)
(0.269757 0.102703 0)
(0.348005 0.581201 0)
(0.311992 0.623032 0)
(0.30082 0.458379 0)
(0.245843 0.331275 0)
(0.163456 0.288663 0)
(0.0646738 0.291865 0)
(-0.0462903 0.312934 0)
(-0.172397 0.360604 0)
(-0.3235 0.432239 0)
(-0.526242 0.538687 0)
(-0.884049 0.659258 0)
(-1.39981 0.55768 0)
(-1.58214 -0.178088 0)
(-0.961916 -1.25993 0)
(-0.20182 -1.34941 0)
(0.105386 -0.825698 0)
(-0.767803 -0.856077 0)
(-0.278187 -0.826024 0)
(-0.0562803 0.00358333 0)
(0.111349 0.527995 0)
(0.202327 0.607964 0)
(0.251792 0.465404 0)
(0.22013 0.357989 0)
(0.156123 0.329105 0)
(0.0692453 0.339147 0)
(-0.0321169 0.361917 0)
(-0.1466 0.416357 0)
(-0.283473 0.505484 0)
(-0.467558 0.649538 0)
(-0.847356 0.840411 0)
(-1.44959 0.73758 0)
(-1.5115 -0.253097 0)
(-0.770259 -1.59689 0)
(-0.119198 -1.57049 0)
(0.119658 -0.667102 0)
(-0.694797 -0.906832 0)
(-0.445692 -0.887225 0)
(-0.244169 -0.101717 0)
(-0.0337621 0.452215 0)
(0.14383 0.563482 0)
(0.217608 0.456844 0)
(0.202549 0.374471 0)
(0.154657 0.348401 0)
(0.0744253 0.368281 0)
(-0.0161554 0.401614 0)
(-0.114453 0.468787 0)
(-0.230306 0.57325 0)
(-0.37983 0.756384 0)
(-0.74981 1.01852 0)
(-1.35623 0.871662 0)
(-1.21646 -0.540089 0)
(-0.604513 -1.94334 0)
(-0.0374192 -1.78267 0)
(0.0185598 0.0558373 0)
(0.101691 -0.0682333 0)
(0.194999 -0.171763 0)
(0.246884 -0.224024 0)
(0.247032 -0.235974 0)
(0.237634 -0.213665 0)
(0.245144 -0.171498 0)
(0.262271 -0.129065 0)
(0.283089 -0.0965815 0)
(0.305701 -0.0736035 0)
(0.328029 -0.0561417 0)
(0.348066 -0.0412494 0)
(0.364488 -0.0274161 0)
(0.376637 -0.0131554 0)
(0.384049 0.00345319 0)
(0.387767 0.0265691 0)
(0.389668 0.055297 0)
(0.390069 0.0871217 0)
(0.390071 0.119984 0)
(0.392594 0.152608 0)
(0.395178 0.194186 0)
(0.43534 0.247135 0)
(0.466396 0.411242 0)
(0.0404922 -0.0358179 0)
(0.197969 -0.17902 0)
(0.33871 -0.256619 0)
(0.369538 -0.253857 0)
(0.304065 -0.232339 0)
(0.24588 -0.21389 0)
(0.234139 -0.191564 0)
(0.24942 -0.164611 0)
(0.27833 -0.138778 0)
(0.313747 -0.115671 0)
(0.349284 -0.0928574 0)
(0.379863 -0.0677469 0)
(0.401665 -0.0396783 0)
(0.41363 -0.0103396 0)
(0.41993 0.0201074 0)
(0.423016 0.0443329 0)
(0.421504 0.0647779 0)
(0.418594 0.0855455 0)
(0.418238 0.106181 0)
(0.427351 0.131902 0)
(0.443744 0.166805 0)
(0.482232 0.199107 0)
(0.544022 0.25694 0)
(0.0769609 -0.166916 0)
(0.260112 -0.371277 0)
(0.381449 -0.370385 0)
(0.298526 -0.193325 0)
(0.162625 -0.134018 0)
(0.109271 -0.155771 0)
(0.0893354 -0.174234 0)
(0.0937966 -0.177724 0)
(0.119863 -0.170862 0)
(0.161251 -0.157848 0)
(0.211898 -0.139565 0)
(0.266622 -0.116344 0)
(0.321618 -0.0887635 0)
(0.376241 -0.0566066 0)
(0.431254 -0.0224355 0)
(0.459184 0.00933433 0)
(0.461147 0.0500446 0)
(0.443169 0.0953461 0)
(0.426098 0.11989 0)
(0.429106 0.134128 0)
(0.448347 0.149007 0)
(0.475597 0.15755 0)
(0.514697 0.158272 0)
(0.0611901 -0.435524 0)
(0.126442 -0.547362 0)
(0.074264 -0.278599 0)
(-0.0879766 0.0157042 0)
(-0.0939832 -0.029553 0)
(-0.083873 -0.105296 0)
(-0.141634 -0.125966 0)
(-0.186232 -0.144778 0)
(-0.235221 -0.153522 0)
(-0.278212 -0.150305 0)
(-0.31332 -0.13514 0)
(-0.351365 -0.116213 0)
(-0.364221 -0.119927 0)
(-0.323219 -0.146405 0)
(0.0662195 -0.062067 0)
(0.268003 0.0151861 0)
(0.369034 0.0695385 0)
(0.412101 0.105288 0)
(0.45201 0.108855 0)
(0.478188 0.114928 0)
(0.486459 0.129135 0)
(0.491816 0.129364 0)
(0.506956 0.12576 0)
(-0.0609314 -0.439435 0)
(-0.164655 -0.181226 0)
(-0.190981 -0.0529201 0)
(-0.169507 -0.0698416 0)
(-0.0889627 -0.112014 0)
(-0.0764931 -0.105772 0)
(-0.0761274 -0.104209 0)
(-0.0882577 -0.116437 0)
(-0.103925 -0.124196 0)
(-0.110749 -0.134911 0)
(-0.100601 -0.139687 0)
(-0.0800084 -0.134313 0)
(-0.0851981 -0.160201 0)
(-0.215038 -0.297804 0)
(-0.489622 -0.425037 0)
(-0.616765 -0.217499 0)
(-0.389502 -0.0382082 0)
(-0.0584669 0.0443221 0)
(0.244784 0.0566744 0)
(0.375667 0.0902822 0)
(0.43866 0.12485 0)
(0.495067 0.13865 0)
(0.528636 0.143121 0)
(-0.117337 -0.230545 0)
(-0.15872 -0.319669 0)
(-0.145085 -0.247508 0)
(-0.0949805 -0.152932 0)
(-0.0880961 -0.125239 0)
(-0.0828376 -0.115522 0)
(-0.0838406 -0.108536 0)
(-0.0896366 -0.107673 0)
(-0.0970105 -0.115188 0)
(-0.0972333 -0.133091 0)
(-0.0899244 -0.143133 0)
(-0.0710322 -0.117398 0)
(-0.0430611 -0.0268384 0)
(-0.11309 0.0788357 0)
(-0.296176 -0.027914 0)
(-0.320759 -0.261837 0)
(-0.242499 -0.377617 0)
(-0.226459 -0.460921 0)
(-0.179834 -0.298943 0)
(-0.135118 -0.0296818 0)
(0.00614125 0.0358433 0)
(0.290176 0.0540316 0)
(0.417242 0.0968834 0)
(-0.067855 -0.163676 0)
(-0.0627388 -0.2898 0)
(-0.0924773 -0.200462 0)
(-0.0839283 -0.153782 0)
(-0.0831781 -0.129352 0)
(-0.0779207 -0.117717 0)
(-0.0779087 -0.10836 0)
(-0.0792316 -0.106171 0)
(-0.0829379 -0.115663 0)
(-0.0883186 -0.135576 0)
(-0.0941438 -0.153788 0)
(-0.0969583 -0.146309 0)
(-0.0791886 -0.0889479 0)
(-0.0368328 -0.0071423 0)
(-0.0557142 0.00744284 0)
(-0.033687 -0.138204 0)
(-0.00501408 -0.262236 0)
(-0.00979257 -0.265903 0)
(0.0591189 -0.270099 0)
(0.189625 -0.214432 0)
(0.376835 -0.222344 0)
(0.528567 -0.303766 0)
(0.438032 -0.0912931 0)
(-0.0339042 -0.106907 0)
(-0.0444821 -0.250314 0)
(-0.0690255 -0.186991 0)
(-0.0688935 -0.152737 0)
(-0.067355 -0.132655 0)
(-0.0636474 -0.120584 0)
(-0.0612825 -0.108696 0)
(-0.0603988 -0.101843 0)
(-0.0636051 -0.10564 0)
(-0.072331 -0.121367 0)
(-0.0861762 -0.140007 0)
(-0.0997642 -0.141144 0)
(-0.0923723 -0.0996543 0)
(-0.0474615 -0.0305305 0)
(0.00535983 -0.040375 0)
(0.0845167 -0.221616 0)
(0.0625178 -0.316207 0)
(0.0464678 -0.364781 0)
(0.0867001 -0.350772 0)
(0.166534 -0.33059 0)
(0.259137 -0.340803 0)
(0.402316 -0.196634 0)
(0.553828 0.121996 0)
(-0.0196414 -0.075786 0)
(-0.0367345 -0.23843 0)
(-0.0505503 -0.184944 0)
(-0.0525205 -0.149826 0)
(-0.0538245 -0.134129 0)
(-0.0522275 -0.123421 0)
(-0.0495043 -0.111969 0)
(-0.0461893 -0.10269 0)
(-0.0450836 -0.101539 0)
(-0.0489193 -0.111229 0)
(-0.0585584 -0.127287 0)
(-0.0699222 -0.138053 0)
(-0.0675385 -0.130436 0)
(-0.0319526 -0.11041 0)
(0.0407007 -0.121348 0)
(0.084437 -0.212376 0)
(0.0716379 -0.276718 0)
(0.0517135 -0.330383 0)
(0.0487239 -0.377328 0)
(0.0859423 -0.397699 0)
(0.0995695 -0.421345 0)
(0.129235 -0.386664 0)
(0.304129 -0.143343 0)
(-0.0106488 -0.05244 0)
(-0.0250093 -0.222686 0)
(-0.0373422 -0.177715 0)
(-0.0410572 -0.146396 0)
(-0.0429149 -0.133625 0)
(-0.0424978 -0.125088 0)
(-0.0398873 -0.115747 0)
(-0.0349077 -0.107032 0)
(-0.0293537 -0.103382 0)
(-0.026188 -0.108149 0)
(-0.0272618 -0.11994 0)
(-0.0304811 -0.133145 0)
(-0.028463 -0.142395 0)
(-0.012016 -0.150146 0)
(0.0269629 -0.169628 0)
(0.0485466 -0.223767 0)
(0.0408048 -0.275964 0)
(0.0262662 -0.324711 0)
(-0.000195841 -0.376432 0)
(-0.0178888 -0.400667 0)
(-0.0317272 -0.414497 0)
(-0.0572229 -0.4019 0)
(0.0129131 -0.260706 0)
(-0.00573628 -0.0372701 0)
(-0.0171459 -0.210362 0)
(-0.0278063 -0.170632 0)
(-0.032149 -0.142573 0)
(-0.0344623 -0.132511 0)
(-0.0348027 -0.126271 0)
(-0.0328807 -0.119717 0)
(-0.0281703 -0.113438 0)
(-0.0213251 -0.110121 0)
(-0.0145858 -0.112585 0)
(-0.0101358 -0.121299 0)
(-0.00783297 -0.133781 0)
(-0.00500715 -0.147346 0)
(0.00112195 -0.163218 0)
(0.0121637 -0.184781 0)
(0.0188717 -0.221926 0)
(0.00459361 -0.258123 0)
(-0.0166824 -0.294799 0)
(-0.0553611 -0.340584 0)
(-0.0970578 -0.374292 0)
(-0.127477 -0.40549 0)
(-0.163539 -0.411922 0)
(-0.156667 -0.310398 0)
(-0.00298852 -0.0279206 0)
(-0.0123122 -0.200763 0)
(-0.0211418 -0.164382 0)
(-0.0255401 -0.138621 0)
(-0.0282437 -0.13074 0)
(-0.0292573 -0.126551 0)
(-0.0284506 -0.122461 0)
(-0.0253796 -0.118857 0)
(-0.0201044 -0.117213 0)
(-0.0139078 -0.119355 0)
(-0.00868878 -0.126182 0)
(-0.00549807 -0.136881 0)
(-0.00406768 -0.149984 0)
(-0.00370385 -0.165506 0)
(-0.0041359 -0.185145 0)
(-0.0107654 -0.210811 0)
(-0.0262408 -0.237862 0)
(-0.0474994 -0.26471 0)
(-0.0844819 -0.297464 0)
(-0.133303 -0.330815 0)
(-0.184713 -0.367123 0)
(-0.244639 -0.387678 0)
(-0.27977 -0.338362 0)
(-0.00149487 -0.0212659 0)
(-0.00911211 -0.192692 0)
(-0.0165916 -0.158492 0)
(-0.0209704 -0.134773 0)
(-0.0238537 -0.128582 0)
(-0.0254611 -0.12595 0)
(-0.0257501 -0.123587 0)
(-0.0245735 -0.121916 0)
(-0.021912 -0.12181 0)
(-0.0183982 -0.124239 0)
(-0.0153236 -0.129855 0)
(-0.0139158 -0.138484 0)
(-0.0147163 -0.149518 0)
(-0.0176783 -0.162718 0)
(-0.0231489 -0.178447 0)
(-0.0329878 -0.198133 0)
(-0.0483036 -0.218742 0)
(-0.0686101 -0.238637 0)
(-0.0968919 -0.260074 0)
(-0.137068 -0.28257 0)
(-0.191634 -0.305305 0)
(-0.261442 -0.318628 0)
(-0.327579 -0.304756 0)
(-0.000902355 -0.0165079 0)
(-0.00712883 -0.185993 0)
(-0.0135467 -0.153149 0)
(-0.0178297 -0.130942 0)
(-0.0208751 -0.12608 0)
(-0.02298 -0.124595 0)
(-0.0241648 -0.123322 0)
(-0.024494 -0.122727 0)
(-0.0240832 -0.123466 0)
(-0.0232988 -0.12603 0)
(-0.0228867 -0.130744 0)
(-0.023729 -0.137632 0)
(-0.0264415 -0.146526 0)
(-0.0312883 -0.157276 0)
(-0.0386351 -0.170027 0)
(-0.0496005 -0.184769 0)
(-0.0650892 -0.200354 0)
(-0.0855139 -0.215813 0)
(-0.111077 -0.230444 0)
(-0.142477 -0.242395 0)
(-0.183572 -0.250169 0)
(-0.235238 -0.248772 0)
(-0.29251 -0.233297 0)
(-0.000755927 -0.0126563 0)
(-0.00593672 -0.180328 0)
(-0.0115847 -0.148209 0)
(-0.0157694 -0.127159 0)
(-0.0189436 -0.123291 0)
(-0.0214625 -0.122632 0)
(-0.0233577 -0.122048 0)
(-0.0247515 -0.121987 0)
(-0.0258525 -0.123009 0)
(-0.0269701 -0.125415 0)
(-0.0285475 -0.129358 0)
(-0.031125 -0.134888 0)
(-0.0352106 -0.141963 0)
(-0.0411652 -0.150491 0)
(-0.0495585 -0.160337 0)
(-0.0610461 -0.171219 0)
(-0.0763176 -0.18235 0)
(-0.0960794 -0.193055 0)
(-0.12096 -0.202604 0)
(-0.151199 -0.209675 0)
(-0.186282 -0.212733 0)
(-0.224513 -0.207941 0)
(-0.262779 -0.191412 0)
(-0.000759497 -0.00930674 0)
(-0.00522594 -0.17537 0)
(-0.0103746 -0.143569 0)
(-0.0144647 -0.123406 0)
(-0.017751 -0.120269 0)
(-0.0206028 -0.120169 0)
(-0.0230711 -0.120021 0)
(-0.0252552 -0.120222 0)
(-0.027362 -0.121242 0)
(-0.0296748 -0.123316 0)
(-0.0325195 -0.126529 0)
(-0.0362672 -0.130909 0)
(-0.0413219 -0.136392 0)
(-0.048072 -0.142898 0)
(-0.0569999 -0.150224 0)
(-0.0685526 -0.157958 0)
(-0.0831276 -0.165516 0)
(-0.101171 -0.172189 0)
(-0.122872 -0.177227 0)
(-0.148293 -0.179708 0)
(-0.177359 -0.178296 0)
(-0.208457 -0.170866 0)
(-0.239067 -0.156351 0)
(-0.000788288 -0.00626086 0)
(-0.00478569 -0.170865 0)
(-0.00966228 -0.13912 0)
(-0.013664 -0.119677 0)
(-0.017043 -0.117061 0)
(-0.0201563 -0.1173 0)
(-0.0230796 -0.117394 0)
(-0.0258805 -0.117694 0)
(-0.0287308 -0.118593 0)
(-0.0318634 -0.120263 0)
(-0.0355489 -0.122755 0)
(-0.0400789 -0.126072 0)
(-0.0458009 -0.130132 0)
(-0.0530358 -0.134844 0)
(-0.0621523 -0.139949 0)
(-0.0734765 -0.145133 0)
(-0.087251 -0.149834 0)
(-0.103759 -0.153488 0)
(-0.122996 -0.155458 0)
(-0.144852 -0.155075 0)
(-0.168963 -0.1515 0)
(-0.193918 -0.143293 0)
(-0.218198 -0.129859 0)
(-0.000769962 -0.00341566 0)
(-0.00447727 -0.166616 0)
(-0.00926168 -0.134779 0)
(-0.0131793 -0.115958 0)
(-0.0166288 -0.113713 0)
(-0.0199362 -0.11412 0)
(-0.0231985 -0.114298 0)
(-0.0264634 -0.114572 0)
(-0.0298688 -0.115278 0)
(-0.0335976 -0.116517 0)
(-0.0378671 -0.118316 0)
(-0.042913 -0.120653 0)
(-0.0490312 -0.123473 0)
(-0.0564355 -0.126621 0)
(-0.0654454 -0.129866 0)
(-0.0762593 -0.132943 0)
(-0.0890068 -0.135379 0)
(-0.103875 -0.136723 0)
(-0.120712 -0.136434 0)
(-0.139348 -0.134068 0)
(-0.159415 -0.129074 0)
(-0.179767 -0.120542 0)
(-0.199349 -0.108223 0)
(-0.000681537 -0.000760678 0)
(-0.00421725 -0.162472 0)
(-0.00903866 -0.130486 0)
(-0.0128744 -0.112245 0)
(-0.0163691 -0.110266 0)
(-0.0198064 -0.110722 0)
(-0.0232981 -0.11087 0)
(-0.026883 -0.111027 0)
(-0.0306654 -0.11148 0)
(-0.0347886 -0.112286 0)
(-0.0394282 -0.113447 0)
(-0.044779 -0.114923 0)
(-0.051047 -0.116655 0)
(-0.0583802 -0.118475 0)
(-0.0670717 -0.12022 0)
(-0.0772185 -0.121601 0)
(-0.0888617 -0.122313 0)
(-0.102119 -0.121911 0)
(-0.116801 -0.120024 0)
(-0.132728 -0.116344 0)
(-0.149556 -0.110555 0)
(-0.166372 -0.102045 0)
(-0.182391 -0.0906741 0)
(-0.000512205 0.00168106 0)
(-0.0039647 -0.158325 0)
(-0.00890384 -0.126208 0)
(-0.0126498 -0.108549 0)
(-0.0161622 -0.106764 0)
(-0.019672 -0.107183 0)
(-0.0233028 -0.10723 0)
(-0.0270766 -0.107217 0)
(-0.0310783 -0.107385 0)
(-0.0354242 -0.107771 0)
(-0.0402489 -0.108354 0)
(-0.0457027 -0.109082 0)
(-0.051939 -0.109873 0)
(-0.0590699 -0.110599 0)
(-0.067301 -0.111135 0)
(-0.0767181 -0.111175 0)
(-0.0872777 -0.110536 0)
(-0.0990536 -0.108847 0)
(-0.111882 -0.10581 0)
(-0.125545 -0.101252 0)
(-0.13977 -0.0950222 0)
(-0.15384 -0.086692 0)
(-0.167098 -0.0761509 0)
(-0.000270258 0.0038793 0)
(-0.00370159 -0.154105 0)
(-0.00879083 -0.121932 0)
(-0.012433 -0.104888 0)
(-0.0159348 -0.103248 0)
(-0.0194668 -0.103574 0)
(-0.0231599 -0.103477 0)
(-0.0270213 -0.103267 0)
(-0.0311172 -0.103149 0)
(-0.0355414 -0.103136 0)
(-0.0404019 -0.103196 0)
(-0.045812 -0.103276 0)
(-0.051884 -0.103285 0)
(-0.0587145 -0.103115 0)
(-0.0664149 -0.102655 0)
(-0.0750548 -0.101664 0)
(-0.0846146 -0.0999655 0)
(-0.0950594 -0.0973315 0)
(-0.106262 -0.0934834 0)
(-0.118051 -0.088352 0)
(-0.130171 -0.0818979 0)
(-0.142099 -0.0738057 0)
(-0.153217 -0.0639838 0)
(1.71905e-05 0.00578626 0)
(-0.00342795 -0.149785 0)
(-0.00864625 -0.117668 0)
(-0.0121639 -0.101281 0)
(-0.0156307 -0.0997549 0)
(-0.0191406 -0.0999511 0)
(-0.0228329 -0.0996878 0)
(-0.0267011 -0.0992744 0)
(-0.0307931 -0.0988814 0)
(-0.035187 -0.098505 0)
(-0.0399738 -0.0981071 0)
(-0.0452331 -0.0976301 0)
(-0.0510452 -0.0969905 0)
(-0.057488 -0.0960885 0)
(-0.0646294 -0.0948188 0)
(-0.0725029 -0.0930226 0)
(-0.0810996 -0.0905227 0)
(-0.0903691 -0.0871621 0)
(-0.100185 -0.0827528 0)
(-0.110407 -0.0772445 0)
(-0.12081 -0.0706797 0)
(-0.131076 -0.0628376 0)
(-0.140552 -0.0536267 0)
(0.000320995 0.00737845 0)
(-0.00312565 -0.145382 0)
(-0.00841585 -0.113441 0)
(-0.0117896 -0.0977502 0)
(-0.0152023 -0.0963152 0)
(-0.0186498 -0.0963638 0)
(-0.0222899 -0.0959292 0)
(-0.0261016 -0.0953152 0)
(-0.0301165 -0.0946653 0)
(-0.034402 -0.0939718 0)
(-0.0390324 -0.0931841 0)
(-0.0440645 -0.0922299 0)
(-0.049554 -0.0910514 0)
(-0.0555577 -0.0895544 0)
(-0.0621176 -0.0876458 0)
(-0.0692431 -0.0852113 0)
(-0.0769444 -0.0821037 0)
(-0.0851716 -0.0782001 0)
(-0.0937917 -0.0733824 0)
(-0.102696 -0.0676063 0)
(-0.111694 -0.0609781 0)
(-0.120655 -0.05339 0)
(-0.128869 -0.0446531 0)
(0.00059876 0.00864756 0)
(-0.00277545 -0.140948 0)
(-0.00805761 -0.109296 0)
(-0.0112706 -0.0943167 0)
(-0.0146079 -0.0929546 0)
(-0.0179608 -0.0928524 0)
(-0.0215037 -0.0922594 0)
(-0.0252057 -0.0914575 0)
(-0.0290946 -0.0905759 0)
(-0.0332208 -0.0896053 0)
(-0.037627 -0.0884838 0)
(-0.0423762 -0.0871348 0)
(-0.0475104 -0.0855154 0)
(-0.0530513 -0.0835395 0)
(-0.0590346 -0.0811162 0)
(-0.0654481 -0.0781832 0)
(-0.072302 -0.0746285 0)
(-0.0795909 -0.0703075 0)
(-0.0871722 -0.065181 0)
(-0.0949515 -0.0591978 0)
(-0.102819 -0.0525283 0)
(-0.110737 -0.0451123 0)
(-0.117949 -0.0367289 0)
(0.000848833 0.00957263 0)
(-0.00234793 -0.136574 0)
(-0.00755393 -0.10529 0)
(-0.0105836 -0.0909957 0)
(-0.0138225 -0.0897003 0)
(-0.0170542 -0.0894546 0)
(-0.0204602 -0.0887134 0)
(-0.0240039 -0.0877452 0)
(-0.0277237 -0.0866623 0)
(-0.0316472 -0.0854473 0)
(-0.0357945 -0.08404 0)
(-0.0402317 -0.0823843 0)
(-0.0449875 -0.0804085 0)
(-0.0500474 -0.0780498 0)
(-0.0554643 -0.0752225 0)
(-0.0612323 -0.0718943 0)
(-0.0672997 -0.0679827 0)
(-0.0737177 -0.0633684 0)
(-0.0803807 -0.0579939 0)
(-0.0872069 -0.0518349 0)
(-0.0941114 -0.0451053 0)
(-0.101176 -0.0377626 0)
(-0.107637 -0.0296104 0)
(0.00109102 0.0101417 0)
(-0.00182185 -0.132352 0)
(-0.00691051 -0.101461 0)
(-0.00972925 -0.0878078 0)
(-0.0128503 -0.086579 0)
(-0.0159199 -0.086202 0)
(-0.0191522 -0.0853214 0)
(-0.0224994 -0.0842123 0)
(-0.0260059 -0.082963 0)
(-0.0296857 -0.0815402 0)
(-0.0335542 -0.0798994 0)
(-0.0376519 -0.0779848 0)
(-0.041998 -0.0757243 0)
(-0.0465779 -0.0730615 0)
(-0.0514431 -0.0699537 0)
(-0.0565871 -0.0663208 0)
(-0.0619464 -0.062111 0)
(-0.0675699 -0.0572522 0)
(-0.0733732 -0.0516794 0)
(-0.0793594 -0.0453988 0)
(-0.0854465 -0.0385439 0)
(-0.0917719 -0.031172 0)
(-0.0975899 -0.0231214 0)
(0.00136173 0.0102681 0)
(-0.00118482 -0.128327 0)
(-0.00616282 -0.0978264 0)
(-0.00874267 -0.0847826 0)
(-0.0117161 -0.0836278 0)
(-0.0145818 -0.0831339 0)
(-0.0176053 -0.0821366 0)
(-0.0207217 -0.0809058 0)
(-0.0239642 -0.0795147 0)
(-0.0273514 -0.07792 0)
(-0.0308905 -0.0760913 0)
(-0.0346111 -0.073956 0)
(-0.0385256 -0.0714818 0)
(-0.0426316 -0.0685972 0)
(-0.0469436 -0.0652682 0)
(-0.0514469 -0.0614063 0)
(-0.0561024 -0.0569668 0)
(-0.0609742 -0.0519287 0)
(-0.0660234 -0.0461784 0)
(-0.0712032 -0.0397572 0)
(-0.0764465 -0.0327207 0)
(-0.0820888 -0.0252559 0)
(-0.0873454 -0.0171511 0)
(0.00172951 0.00985131 0)
(-0.000440742 -0.124505 0)
(-0.00537568 -0.0943892 0)
(-0.00767983 -0.0819488 0)
(-0.0104764 -0.0808891 0)
(-0.0130984 -0.0802975 0)
(-0.0158769 -0.079208 0)
(-0.0187152 -0.0778745 0)
(-0.0216462 -0.0763627 0)
(-0.0246924 -0.0746306 0)
(-0.0278476 -0.0726512 0)
(-0.0311448 -0.070371 0)
(-0.0345924 -0.0677339 0)
(-0.0381597 -0.064685 0)
(-0.0418738 -0.0611711 0)
(-0.045712 -0.0571509 0)
(-0.0496786 -0.0525646 0)
(-0.0537697 -0.0473974 0)
(-0.0579674 -0.0414881 0)
(-0.0623052 -0.0349141 0)
(-0.0667242 -0.0276852 0)
(-0.0715519 -0.0200244 0)
(-0.0760473 -0.0117194 0)
(0.00224025 0.0087863 0)
(0.000381771 -0.120827 0)
(-0.00462316 -0.0911127 0)
(-0.00660177 -0.0793327 0)
(-0.00921389 -0.0783879 0)
(-0.0115598 -0.0777259 0)
(-0.0140662 -0.0765667 0)
(-0.0165928 -0.0751591 0)
(-0.0191741 -0.073559 0)
(-0.0218333 -0.0717421 0)
(-0.0245754 -0.0696557 0)
(-0.0273955 -0.0672752 0)
(-0.0302969 -0.0645259 0)
(-0.0332703 -0.0613493 0)
(-0.0363381 -0.0577468 0)
(-0.0394729 -0.0536343 0)
(-0.0426558 -0.0489599 0)
(-0.045858 -0.0436743 0)
(-0.0491368 -0.037713 0)
(-0.0525049 -0.031029 0)
(-0.0558308 -0.0236228 0)
(-0.0595566 -0.0156882 0)
(-0.0629719 -0.00710812 0)
(0.0029131 0.00702695 0)
(0.00124826 -0.117158 0)
(-0.00398433 -0.087946 0)
(-0.00558231 -0.0769346 0)
(-0.00803366 -0.0761361 0)
(-0.010096 -0.0754118 0)
(-0.012324 -0.0742128 0)
(-0.0145342 -0.0727776 0)
(-0.0167745 -0.0711318 0)
(-0.019041 -0.0692726 0)
(-0.0213347 -0.0671324 0)
(-0.0236624 -0.0646858 0)
(-0.02599 -0.0618843 0)
(-0.0283559 -0.0586661 0)
(-0.0307551 -0.0550399 0)
(-0.0331033 -0.0509128 0)
(-0.03543 -0.0462038 0)
(-0.0377135 -0.0409286 0)
(-0.0399304 -0.0349867 0)
(-0.0420903 -0.0282898 0)
(-0.0441204 -0.0208106 0)
(-0.0463666 -0.0126884 0)
(-0.0481322 -0.00386231 0)
(0.00371485 0.00438897 0)
(0.00207188 -0.113364 0)
(-0.00352807 -0.0848341 0)
(-0.00469638 -0.0747455 0)
(-0.00705558 -0.0741192 0)
(-0.00884823 -0.0733311 0)
(-0.0108578 -0.0721281 0)
(-0.0127948 -0.0707002 0)
(-0.0147242 -0.0690656 0)
(-0.0166447 -0.067197 0)
(-0.0185419 -0.0650495 0)
(-0.0204242 -0.062599 0)
(-0.0222476 -0.0598011 0)
(-0.0240505 -0.0566363 0)
(-0.025819 -0.0530368 0)
(-0.02742 -0.048978 0)
(-0.0289302 -0.0443779 0)
(-0.030281 -0.0392342 0)
(-0.0314072 -0.0334048 0)
(-0.0323162 -0.0268938 0)
(-0.0328447 -0.0195841 0)
(-0.0333557 -0.0114327 0)
(-0.0330532 -0.0025998 0)
(0.00472278 0.000743484 0)
(0.00290578 -0.109306 0)
(-0.00327031 -0.0817194 0)
(-0.00399801 -0.0727839 0)
(-0.00638747 -0.0723169 0)
(-0.00795801 -0.0714773 0)
(-0.00983285 -0.0702976 0)
(-0.0115885 -0.0689013 0)
(-0.0133051 -0.06731 0)
(-0.0149703 -0.0654791 0)
(-0.0165873 -0.063369 0)
(-0.0181537 -0.0609705 0)
(-0.019627 -0.058241 0)
(-0.02101 -0.055165 0)
(-0.0222841 -0.0516882 0)
(-0.0233332 -0.047777 0)
(-0.0241884 -0.043433 0)
(-0.0247457 -0.0385107 0)
(-0.0249518 -0.0330366 0)
(-0.0247739 -0.0268844 0)
(-0.0238826 -0.0199939 0)
(-0.0227239 -0.0122413 0)
(-0.0203588 -0.00375638 0)
(0.00583662 -0.00392022 0)
(0.00366059 -0.104762 0)
(-0.00319626 -0.0785807 0)
(-0.00351841 -0.0710205 0)
(-0.00606497 -0.0706768 0)
(-0.00747597 -0.0697971 0)
(-0.00931827 -0.0686586 0)
(-0.0109912 -0.06732 0)
(-0.0126122 -0.0657838 0)
(-0.014159 -0.0640149 0)
(-0.0156475 -0.0619892 0)
(-0.0170691 -0.0596735 0)
(-0.0183572 -0.0570542 0)
(-0.0195268 -0.0541159 0)
(-0.0205341 -0.0508298 0)
(-0.021287 -0.0471617 0)
(-0.0217338 -0.0431297 0)
(-0.0218082 -0.0385998 0)
(-0.0214226 -0.0336211 0)
(-0.0204475 -0.0280332 0)
(-0.0186043 -0.0218114 0)
(-0.0162014 -0.0149164 0)
(-0.0121708 -0.00723233 0)
(0.0069283 -0.00950429 0)
(0.00421948 -0.0994698 0)
(-0.00326173 -0.0752888 0)
(-0.00318881 -0.0692508 0)
(-0.00601592 -0.0689737 0)
(-0.00731038 -0.0680651 0)
(-0.00919938 -0.0669827 0)
(-0.0108677 -0.0657089 0)
(-0.0124843 -0.0642383 0)
(-0.0140361 -0.06254 0)
(-0.0155166 -0.0606005 0)
(-0.0169146 -0.0583869 0)
(-0.0181879 -0.0558974 0)
(-0.0193123 -0.0531309 0)
(-0.0202413 -0.0500761 0)
(-0.0208993 -0.0467084 0)
(-0.0212131 -0.0430344 0)
(-0.0210907 -0.039013 0)
(-0.0204187 -0.0346044 0)
(-0.019062 -0.0297546 0)
(-0.016787 -0.0244425 0)
(-0.0136916 -0.0186387 0)
(-0.00865681 -0.0122273 0)
(0.00780508 -0.0155948 0)
(0.00451341 -0.0933354 0)
(-0.00337129 -0.0717058 0)
(-0.002914 -0.067245 0)
(-0.00605807 -0.0669538 0)
(-0.00724759 -0.0660558 0)
(-0.00921288 -0.065031 0)
(-0.0108996 -0.0638171 0)
(-0.0125483 -0.0624065 0)
(-0.0141382 -0.0607758 0)
(-0.0156635 -0.0589074 0)
(-0.0171033 -0.0568022 0)
(-0.0184056 -0.0544474 0)
(-0.0195648 -0.0518624 0)
(-0.0205089 -0.0490498 0)
(-0.0211711 -0.0460168 0)
(-0.0214919 -0.0427416 0)
(-0.021344 -0.0392286 0)
(-0.0205995 -0.0354658 0)
(-0.0191462 -0.0314571 0)
(-0.0167639 -0.0271721 0)
(-0.013416 -0.0225858 0)
(-0.00802834 -0.017744 0)
(0.0083204 -0.022193 0)
(0.00455161 -0.0868468 0)
(-0.00341243 -0.0682681 0)
(-0.0026079 -0.0653241 0)
(-0.00599714 -0.0649458 0)
(-0.00706574 -0.0641109 0)
(-0.0090559 -0.0631407 0)
(-0.0107301 -0.0619799 0)
(-0.0123805 -0.0606208 0)
(-0.0139751 -0.0590488 0)
(-0.0155082 -0.0572655 0)
(-0.0169528 -0.0552642 0)
(-0.0182666 -0.0530503 0)
(-0.0194259 -0.0506599 0)
(-0.0203753 -0.048093 0)
(-0.0210387 -0.0453966 0)
(-0.021356 -0.0425369 0)
(-0.0212261 -0.0395401 0)
(-0.0205127 -0.0364371 0)
(-0.0190838 -0.0332768 0)
(-0.0167251 -0.0300299 0)
(-0.0133727 -0.0267385 0)
(-0.00805176 -0.0235191 0)
(0.0083497 -0.0296996 0)
(0.00433916 -0.0808172 0)
(-0.00330156 -0.0657308 0)
(-0.00224503 -0.0641479 0)
(-0.00568716 -0.0636436 0)
(-0.00661465 -0.0629055 0)
(-0.00853475 -0.0619893 0)
(-0.0101252 -0.0608799 0)
(-0.0116994 -0.0595708 0)
(-0.0132218 -0.0580612 0)
(-0.0146792 -0.0563667 0)
(-0.0160458 -0.0544798 0)
(-0.0172901 -0.0524185 0)
(-0.0183782 -0.0502158 0)
(-0.0192615 -0.0479071 0)
(-0.0198794 -0.0455201 0)
(-0.0201646 -0.0430716 0)
(-0.0200246 -0.0405857 0)
(-0.0193405 -0.0381302 0)
(-0.0179752 -0.0357633 0)
(-0.015736 -0.0335255 0)
(-0.0125273 -0.0315008 0)
(-0.00751076 -0.0298291 0)
(0.00770104 -0.0371936 0)
(0.00382536 -0.0751469 0)
(-0.00296655 -0.0637351 0)
(-0.00182819 -0.0632563 0)
(-0.00505403 -0.0626248 0)
(-0.00582456 -0.0619979 0)
(-0.00755547 -0.0611275 0)
(-0.00897389 -0.0600665 0)
(-0.0103774 -0.058808 0)
(-0.0117286 -0.0573637 0)
(-0.0130166 -0.0557514 0)
(-0.0142208 -0.0539776 0)
(-0.0153126 -0.0520624 0)
(-0.016258 -0.0500446 0)
(-0.0170177 -0.0479715 0)
(-0.0175428 -0.0458796 0)
(-0.0177727 -0.0438019 0)
(-0.0176257 -0.0417943 0)
(-0.0169989 -0.0399395 0)
(-0.015771 -0.0383231 0)
(-0.0137742 -0.0370429 0)
(-0.0108959 -0.0362158 0)
(-0.0064446 -0.0360148 0)
(0.00635726 -0.0423112 0)
(0.00308383 -0.06883 0)
(-0.00235459 -0.0608 0)
(-0.00133968 -0.0610832 0)
(-0.00406064 -0.0603664 0)
(-0.0046574 -0.0598357 0)
(-0.00607343 -0.0589993 0)
(-0.00722588 -0.0579783 0)
(-0.00836211 -0.0567625 0)
(-0.00945108 -0.0553711 0)
(-0.0104866 -0.0538246 0)
(-0.0114534 -0.0521387 0)
(-0.0123274 -0.0503431 0)
(-0.0130799 -0.0484779 0)
(-0.013684 -0.0465952 0)
(-0.0141019 -0.0447439 0)
(-0.0142831 -0.0429773 0)
(-0.0141654 -0.0413669 0)
(-0.0136712 -0.0400139 0)
(-0.0127101 -0.0390331 0)
(-0.0111372 -0.0385583 0)
(-0.0088514 -0.0387656 0)
(-0.00532999 -0.0398659 0)
(0.0046276 -0.0448078 0)
(0.00232058 -0.0623789 0)
(-0.00151379 -0.057113 0)
(-0.000772359 -0.0578323 0)
(-0.00276416 -0.0570931 0)
(-0.00316207 -0.056626 0)
(-0.00416297 -0.0558147 0)
(-0.0049713 -0.0548154 0)
(-0.00576387 -0.0536233 0)
(-0.00652363 -0.0522587 0)
(-0.00724468 -0.0507452 0)
(-0.00791943 -0.0491049 0)
(-0.00852937 -0.047377 0)
(-0.00905492 -0.0455979 0)
(-0.00948342 -0.0438233 0)
(-0.00978751 -0.0421145 0)
(-0.00992891 -0.0405261 0)
(-0.00987014 -0.039152 0)
(-0.00956441 -0.0380992 0)
(-0.00894416 -0.0375 0)
(-0.00791567 -0.0375098 0)
(-0.00641721 -0.0383748 0)
(-0.00411671 -0.0402728 0)
(0.00289631 -0.0472038 0)
(0.0016218 -0.0583617 0)
(-0.000682469 -0.0551456 0)
(-0.000240522 -0.0560869 0)
(-0.00140796 -0.055376 0)
(-0.00160649 -0.0549409 0)
(-0.00215828 -0.0541466 0)
(-0.00259663 -0.0531522 0)
(-0.00302501 -0.0519631 0)
(-0.00343568 -0.0506003 0)
(-0.00382326 -0.0490876 0)
(-0.00418718 -0.0474566 0)
(-0.00451419 -0.0457394 0)
(-0.00479297 -0.0439845 0)
(-0.00502988 -0.042242 0)
(-0.00519312 -0.0405728 0)
(-0.00526524 -0.0390477 0)
(-0.00523674 -0.0377637 0)
(-0.00507038 -0.0368328 0)
(-0.00473108 -0.0363972 0)
(-0.00419016 -0.0366348 0)
(-0.00336333 -0.0377891 0)
(-0.00212117 -0.0400843 0)
(0.00113976 -0.0520468 0)
(0.000735421 -0.0596678 0)
(-0.000124928 -0.0576229 0)
(4.08892e-05 -0.0587075 0)
(-0.000324915 -0.0580416 0)
(-0.00036284 -0.0576456 0)
(-0.000513613 -0.0568915 0)
(-0.0006271 -0.0559374 0)
(-0.000736691 -0.0547918 0)
(-0.000839105 -0.0534786 0)
(-0.000934406 -0.0520225 0)
(-0.00101985 -0.0504575 0)
(-0.00109298 -0.0488155 0)
(-0.00115194 -0.0471516 0)
(-0.00119593 -0.0455167 0)
(-0.0012175 -0.0439651 0)
(-0.00121021 -0.0425936 0)
(-0.00117022 -0.0414892 0)
(-0.00108536 -0.0407749 0)
(-0.000943835 -0.0406046 0)
(-0.000737751 -0.0411692 0)
(-0.000433991 -0.0426869 0)
(1.13536e-05 -0.0454969 0)
(0.496553 0.363647 0)
(0.393289 0.261242 0)
(0.233306 0.108766 0)
(0.207197 -0.121397 0)
(0.63038 0.27989 0)
(0.658861 0.265418 0)
(0.642692 0.210878 0)
(0.633626 0.136895 0)
(0.560162 0.157413 0)
(0.598319 0.157133 0)
(0.623694 0.146524 0)
(0.63637 0.128021 0)
(0.521026 0.122343 0)
(0.531255 0.118736 0)
(0.539659 0.115197 0)
(0.547403 0.116581 0)
(0.539763 0.142078 0)
(0.538546 0.136747 0)
(0.533941 0.126131 0)
(0.527626 0.118214 0)
(0.476039 0.126497 0)
(0.500584 0.14198 0)
(0.525904 0.151894 0)
(0.542147 0.158045 0)
(0.381184 0.0237322 0)
(0.370624 0.0476811 0)
(0.403374 0.0567117 0)
(0.429698 0.0920343 0)
(0.563321 0.240535 0)
(0.530373 0.157429 0)
(0.461695 -0.0212907 0)
(0.386446 0.0482151 0)
(0.451179 0.0838941 0)
(0.512421 0.183152 0)
(0.530625 0.214399 0)
(0.521157 0.270105 0)
(0.114033 -0.0919434 0)
(0.19858 0.0326792 0)
(0.262049 0.125889 0)
(0.314408 0.196204 0)
(-0.117172 -0.17797 0)
(-0.0726469 -0.0897755 0)
(-0.0223116 -0.00634552 0)
(0.0357457 0.0630556 0)
(-0.25973 -0.246484 0)
(-0.229957 -0.178057 0)
(-0.188824 -0.110192 0)
(-0.137949 -0.0493243 0)
(-0.355522 -0.272264 0)
(-0.357449 -0.238345 0)
(-0.348362 -0.199179 0)
(-0.324491 -0.159553 0)
(-0.332848 -0.214817 0)
(-0.354064 -0.198469 0)
(-0.370756 -0.177685 0)
(-0.381616 -0.154027 0)
(-0.289742 -0.172533 0)
(-0.306144 -0.15838 0)
(-0.321602 -0.143106 0)
(-0.335237 -0.126685 0)
(-0.260041 -0.141541 0)
(-0.272065 -0.129788 0)
(-0.283441 -0.116496 0)
(-0.293486 -0.101569 0)
(-0.235117 -0.117193 0)
(-0.244879 -0.107628 0)
(-0.254189 -0.0970202 0)
(-0.262342 -0.0848712 0)
(-0.213129 -0.0972407 0)
(-0.221054 -0.0890697 0)
(-0.228763 -0.0800987 0)
(-0.235612 -0.0698408 0)
(-0.193817 -0.0810176 0)
(-0.20033 -0.0739718 0)
(-0.206715 -0.0663142 0)
(-0.212432 -0.0575442 0)
(-0.176699 -0.067548 0)
(-0.182124 -0.0613816 0)
(-0.187473 -0.0547488 0)
(-0.192318 -0.0471479 0)
(-0.161404 -0.0562101 0)
(-0.166006 -0.0507255 0)
(-0.170564 -0.0448876 0)
(-0.174768 -0.0381833 0)
(-0.147646 -0.0464966 0)
(-0.151646 -0.041529 0)
(-0.155623 -0.0362951 0)
(-0.159377 -0.0302777 0)
(-0.135132 -0.0379847 0)
(-0.138709 -0.0333704 0)
(-0.14229 -0.0285558 0)
(-0.145777 -0.0230324 0)
(-0.123608 -0.0303453 0)
(-0.126909 -0.0259058 0)
(-0.130253 -0.0212995 0)
(-0.133627 -0.016027 0)
(-0.112828 -0.0233242 0)
(-0.115916 -0.0188896 0)
(-0.119093 -0.01429 0)
(-0.122452 -0.00906944 0)
(-0.102425 -0.0167513 0)
(-0.105381 -0.0121699 0)
(-0.108495 -0.00738563 0)
(-0.111912 -0.00202497 0)
(-0.0918247 -0.0105512 0)
(-0.0946304 -0.00568422 0)
(-0.097634 -0.000552281 0)
(-0.101029 0.00512234 0)
(-0.0800651 -0.00476162 0)
(-0.0826224 0.000464618 0)
(-0.0853957 0.00602018 0)
(-0.0885269 0.0120387 0)
(-0.0662357 0.000272037 0)
(-0.0683173 0.00588471 0)
(-0.0705676 0.0118529 0)
(-0.0731332 0.0181869 0)
(-0.050153 0.00390526 0)
(-0.0514028 0.00985746 0)
(-0.0527423 0.0161298 0)
(-0.0543356 0.022738 0)
(-0.0333488 0.00535832 0)
(-0.0334024 0.011459 0)
(-0.0333204 0.0178018 0)
(-0.03348 0.0244373 0)
(-0.0187823 0.00406991 0)
(-0.017488 0.0100247 0)
(-0.0158754 0.0161121 0)
(-0.0144089 0.0223629 0)
(-0.00905444 4.78451e-05 0)
(-0.00659843 0.00550032 0)
(-0.00360277 0.0109251 0)
(-0.000688059 0.0163562 0)
(-0.0045817 -0.00591286 0)
(-0.00135446 -0.00131715 0)
(0.00253029 0.00304234 0)
(0.00648342 0.00729845 0)
(-0.00352029 -0.012715 0)
(9.25736e-05 -0.00925565 0)
(0.00442849 -0.00622875 0)
(0.00894928 -0.00330053 0)
(-0.00348013 -0.0199059 0)
(0.000262227 -0.0176976 0)
(0.00473279 -0.0160523 0)
(0.00944346 -0.0144677 0)
(-0.00313549 -0.0276397 0)
(0.000502497 -0.0266778 0)
(0.0048308 -0.0263286 0)
(0.00940831 -0.0260516 0)
(-0.00252661 -0.035334 0)
(0.000735857 -0.035598 0)
(0.00457187 -0.0364331 0)
(0.00863676 -0.0374369 0)
(-0.00217288 -0.0407631 0)
(0.000462687 -0.042133 0)
(0.00349196 -0.043972 0)
(0.00674334 -0.0461127 0)
(-0.00196268 -0.0423746 0)
(-6.24734e-05 -0.0444432 0)
(0.00207353 -0.0469412 0)
(0.00445326 -0.0498835 0)
(-0.000935091 -0.0428511 0)
(0.000205838 -0.0452395 0)
(0.00146746 -0.048129 0)
(0.00292989 -0.0516066 0)
(0.000433811 -0.0488584 0)
(0.000836186 -0.0515726 0)
(0.00128186 -0.0548747 0)
(0.00180235 -0.0588598 0)
(0.237849 -0.410803 0)
(-0.256825 -0.789795 0)
(-0.460689 -0.981027 0)
(-0.236204 -0.245873 0)
(0.0309147 0.328282 0)
(0.161963 0.498177 0)
(0.194081 0.438678 0)
(0.176097 0.398683 0)
(0.158388 0.424645 0)
(0.114204 0.4537 0)
(0.0334648 0.462293 0)
(-0.0469483 0.516422 0)
(-0.121633 0.645529 0)
(-0.179792 0.886943 0)
(-0.436641 1.23641 0)
(-0.89207 0.985799 0)
(-0.788937 -0.792563 0)
(-0.44809 -2.29606 0)
(0.0854603 -2.06553 0)
(0.489546 -0.0960072 0)
(0.218539 -0.430897 0)
(-0.240824 -0.987916 0)
(-0.131157 -0.620072 0)
(0.245708 0.160151 0)
(0.235128 0.450947 0)
(0.121158 0.404909 0)
(0.153157 0.388326 0)
(0.157681 0.365808 0)
(0.0792943 0.459304 0)
(0.0261522 0.522085 0)
(0.0330577 0.590121 0)
(0.035008 0.700142 0)
(0.123684 0.94535 0)
(0.142898 1.37838 0)
(-0.0307456 1.13232 0)
(0.031133 -0.726189 0)
(-0.262069 -2.55202 0)
(0.264685 -2.21519 0)
(0.595639 0.0356277 0)
(0.321911 -0.19754 0)
(0.053745 -0.612829 0)
(-0.355527 -0.897314 0)
(0.155392 0.0368626 0)
(0.323322 0.59281 0)
(0.127619 0.451912 0)
(0.200735 0.330309 0)
(0.19354 0.504337 0)
(0.142937 0.585121 0)
(0.0334457 0.491425 0)
(0.0274191 0.48316 0)
(0.0895559 0.582646 0)
(0.341983 0.818478 0)
(0.652331 1.26028 0)
(0.686543 1.12049 0)
(1.38606 -0.378661 0)
(0.0683515 -2.07267 0)
(0.395768 -2.15762 0)
(0.553477 0.121312 0)
(0.449245 0.0686464 0)
(0.144819 -0.215384 0)
(-0.690351 -0.550318 0)
(-0.602357 -0.160779 0)
(-0.0665789 0.536466 0)
(0.117404 0.431829 0)
(0.206633 0.324866 0)
(0.137277 0.487209 0)
(0.0688745 0.671211 0)
(0.0286323 0.693284 0)
(-0.132552 0.596526 0)
(0.0583475 0.582071 0)
(0.528942 0.635747 0)
(0.938655 1.17899 0)
(1.04466 0.917647 0)
(1.69406 -0.673743 0)
(0.392152 -0.731982 0)
(0.432301 -1.99819 0)
(0.521482 0.140948 0)
(0.49584 0.179274 0)
(0.383746 0.162292 0)
(-0.229555 -0.0122669 0)
(-1.02365 -0.147654 0)
(-0.845949 -0.216955 0)
(-0.500983 -0.376132 0)
(-0.245897 0.27381 0)
(-0.459882 0.872382 0)
(-0.569797 0.762634 0)
(-0.334559 0.523316 0)
(-0.133704 0.30831 0)
(0.0960505 0.23878 0)
(-0.0277811 -0.235597 0)
(0.673698 0.63157 0)
(0.797689 0.707987 0)
(0.301014 -0.27713 0)
(0.245858 -0.568905 0)
(0.424875 -1.75057 0)
(0.545196 0.1712 0)
(0.549155 0.209868 0)
(0.564138 0.287524 0)
(0.449794 0.334166 0)
(0.204162 0.323711 0)
(-0.0454269 0.300224 0)
(-0.302464 0.261852 0)
(-1.12654 0.405709 0)
(-0.699563 0.559764 0)
(-0.322164 0.453153 0)
(-0.193869 0.362242 0)
(-0.222523 0.281107 0)
(-0.297325 0.174304 0)
(-0.257116 0.0015134 0)
(-0.636524 0.463153 0)
(0.224792 0.27389 0)
(0.375694 -0.141291 0)
(0.310482 -0.649343 0)
(0.395598 -1.45825 0)
(0.4764 0.14438 0)
(0.556145 0.203731 0)
(0.626633 0.275982 0)
(0.686522 0.350558 0)
(0.69732 0.389194 0)
(0.673068 0.396212 0)
(0.607597 0.398542 0)
(0.54424 0.417502 0)
(0.541166 0.445009 0)
(0.632938 0.417538 0)
(0.697219 0.365981 0)
(0.712367 0.321943 0)
(0.702403 0.296134 0)
(0.663654 0.252617 0)
(0.573263 0.264058 0)
(0.633904 0.151441 0)
(0.647119 -0.0822169 0)
(0.520385 -0.493291 0)
(0.389252 -1.09729 0)
(0.195055 0.0453984 0)
(0.416569 0.106469 0)
(0.548357 0.19388 0)
(0.665794 0.267237 0)
(0.769931 0.319117 0)
(0.85346 0.349364 0)
(0.912439 0.364631 0)
(0.980898 0.38312 0)
(1.03626 0.395851 0)
(1.09752 0.376719 0)
(1.14966 0.334517 0)
(1.18518 0.301317 0)
(1.21043 0.289522 0)
(1.20093 0.286816 0)
(1.17657 0.275314 0)
(1.11507 0.214345 0)
(1.00712 0.01876 0)
(0.760114 -0.267678 0)
(0.418117 -0.669273 0)
(0.466927 0.253763 0)
(0.398772 -0.178449 0)
(0.290981 0.0302168 0)
(0.507134 0.15298 0)
(0.666531 0.22723 0)
(0.790168 0.273542 0)
(0.890991 0.296715 0)
(0.982218 0.316009 0)
(1.06399 0.329324 0)
(1.13718 0.316816 0)
(1.19996 0.288565 0)
(1.25231 0.265791 0)
(1.29821 0.26064 0)
(1.32587 0.270141 0)
(1.32744 0.293265 0)
(1.25468 0.304174 0)
(1.0716 0.220954 0)
(0.729842 0.0226125 0)
(0.37245 -0.237735 0)
(0.37756 0.203285 0)
(0.362201 0.0796448 0)
(0.320105 0.144612 0)
(0.338358 -0.109264 0)
(0.461366 0.0221007 0)
(0.541518 0.116837 0)
(0.692145 0.187906 0)
(0.827486 0.235447 0)
(0.94551 0.262042 0)
(1.04558 0.257966 0)
(1.12265 0.23629 0)
(1.18144 0.214363 0)
(1.23061 0.212746 0)
(1.26307 0.237541 0)
(1.26106 0.289309 0)
(1.13155 0.387201 0)
(0.919504 0.442605 0)
(0.579998 0.344239 0)
(0.287801 0.175254 0)
(0.125566 0.119857 0)
(0.177871 0.094084 0)
(0.204623 0.0873621 0)
(0.217116 0.0157059 0)
(0.222678 0.00739193 0)
(0.265071 0.0522766 0)
(0.315789 0.0493864 0)
(0.376946 0.0634446 0)
(0.489255 0.102363 0)
(0.569527 0.126207 0)
(0.620409 0.142101 0)
(0.636135 0.138507 0)
(0.719328 0.140256 0)
(0.732073 0.18646 0)
(0.755143 0.348023 0)
(0.489817 0.625588 0)
(0.540085 0.659558 0)
(0.31572 0.560733 0)
(0.188429 0.449899 0)
(-0.0472709 0.0173758 0)
(0.0506608 0.0330727 0)
(0.122703 0.0140297 0)
(0.144561 -0.021231 0)
(0.0901702 -0.00167579 0)
(0.0138972 0.047221 0)
(-0.0370546 0.0818751 0)
(-0.0571072 0.0898633 0)
(-0.0230849 0.0873467 0)
(0.049173 0.106281 0)
(0.137982 0.12963 0)
(0.150647 0.118219 0)
(0.150027 0.111199 0)
(-0.261365 0.276987 0)
(-0.533263 0.759559 0)
(-0.26638 0.854874 0)
(0.195536 0.623563 0)
(0.0840941 0.600643 0)
(0.123686 0.61293 0)
(-0.271698 -0.109778 0)
(-0.206204 -0.066473 0)
(-0.180202 -0.0225536 0)
(-0.206181 0.0349618 0)
(-0.253966 0.0946084 0)
(-0.295922 0.122086 0)
(-0.315175 0.107892 0)
(-0.305517 0.0600982 0)
(-0.277537 0.0113586 0)
(-0.239756 0.00907529 0)
(-0.191388 0.070977 0)
(-0.210341 0.153356 0)
(-0.396005 0.378897 0)
(-0.881573 0.679542 0)
(-0.838036 0.663331 0)
(-0.393629 0.383854 0)
(-0.0229046 0.394887 0)
(-0.0526833 0.547455 0)
(0.101503 0.682656 0)
(-0.390687 -0.111032 0)
(-0.396779 -0.0504876 0)
(-0.400741 0.0139951 0)
(-0.405105 0.0733373 0)
(-0.404035 0.111458 0)
(-0.388967 0.116056 0)
(-0.357735 0.0894177 0)
(-0.323684 0.0487291 0)
(-0.312196 0.0129192 0)
(-0.333111 0.0100682 0)
(-0.357249 0.0966302 0)
(-0.419827 0.307193 0)
(-0.65652 0.622563 0)
(-0.914781 0.664898 0)
(-0.700576 0.303943 0)
(-0.420636 0.127468 0)
(-0.155669 0.205101 0)
(-0.0817664 0.442224 0)
(0.106873 0.700792 0)
(-0.354617 -0.0962541 0)
(-0.377988 -0.0493873 0)
(-0.391479 0.00370624 0)
(-0.392215 0.0533151 0)
(-0.377377 0.0802139 0)
(-0.34919 0.0790197 0)
(-0.316674 0.0575186 0)
(-0.291797 0.0327226 0)
(-0.286403 0.0213693 0)
(-0.318537 0.0479951 0)
(-0.38546 0.173912 0)
(-0.453498 0.458067 0)
(-0.60787 0.77168 0)
(-0.889802 0.721813 0)
(-0.924973 0.268027 0)
(-0.439788 -0.223714 0)
(-0.174589 -0.0238073 0)
(-0.0584949 0.289097 0)
(0.123723 0.713418 0)
(-0.307221 -0.0735256 0)
(-0.322993 -0.0311531 0)
(-0.331772 0.0119748 0)
(-0.331571 0.0465249 0)
(-0.32064 0.0626086 0)
(-0.301565 0.0555271 0)
(-0.277934 0.0339575 0)
(-0.254872 0.0185785 0)
(-0.24318 0.0320677 0)
(-0.259714 0.0905244 0)
(-0.313034 0.237707 0)
(-0.347182 0.549834 0)
(-0.358439 0.878472 0)
(-0.595627 0.836197 0)
(-0.672234 0.404312 0)
(-0.226751 -0.668286 0)
(0.00411346 -0.29777 0)
(-0.029031 0.121913 0)
(0.140011 0.746954 0)
(-0.272932 -0.0608626 0)
(-0.284039 -0.0233614 0)
(-0.288668 0.0156272 0)
(-0.287657 0.0451274 0)
(-0.27977 0.0538835 0)
(-0.263608 0.0390991 0)
(-0.239081 0.0124919 0)
(-0.211292 -0.000915095 0)
(-0.19018 0.0268778 0)
(-0.184437 0.110224 0)
(-0.197681 0.262817 0)
(-0.189071 0.545312 0)
(-0.0534626 0.885227 0)
(-0.124388 0.868916 0)
(0.0785277 -0.00835836 0)
(0.0127612 -0.538664 0)
(0.132277 -0.345943 0)
(-0.044721 0.0716531 0)
(0.128281 0.846663 0)
(-0.244418 -0.0494115 0)
(-0.253471 -0.0174419 0)
(-0.256493 0.0160433 0)
(-0.254477 0.0405099 0)
(-0.246049 0.0429937 0)
(-0.228389 0.0202287 0)
(-0.200822 -0.0131994 0)
(-0.168374 -0.0269693 0)
(-0.139549 0.00912766 0)
(-0.118704 0.104408 0)
(-0.10149 0.253503 0)
(-0.0872775 0.471844 0)
(0.109189 0.742942 0)
(0.15149 0.766265 0)
(0.459265 0.0480379 0)
(-0.0181795 -0.331721 0)
(0.0466085 -0.288325 0)
(-0.166909 0.234494 0)
(0.0798746 0.866071 0)
(-0.219783 -0.0399646 0)
(-0.227327 -0.0125929 0)
(-0.229134 0.0157977 0)
(-0.226022 0.0348657 0)
(-0.216446 0.0308439 0)
(-0.197803 -0.00034079 0)
(-0.169263 -0.0417277 0)
(-0.134255 -0.0573896 0)
(-0.102419 -0.0160215 0)
(-0.0777916 0.0858263 0)
(-0.0511284 0.230955 0)
(-0.056816 0.400896 0)
(0.0847141 0.609772 0)
(0.0701228 0.657689 0)
(0.135808 0.174672 0)
(-0.0752039 -0.276072 0)
(-0.0593162 -0.235749 0)
(-0.246498 0.190915 0)
(0.00483672 0.682139 0)
(-0.198598 -0.0319543 0)
(-0.205099 -0.00879543 0)
(-0.206014 0.0145506 0)
(-0.201997 0.0284319 0)
(-0.191879 0.0183969 0)
(-0.173539 -0.0210216 0)
(-0.145381 -0.0707583 0)
(-0.110859 -0.0887171 0)
(-0.0809883 -0.0414674 0)
(-0.0604078 0.0673772 0)
(-0.039105 0.214214 0)
(-0.0525621 0.372473 0)
(-0.00196181 0.575442 0)
(-0.0483016 0.640066 0)
(-0.032903 0.119483 0)
(-0.118427 -0.219058 0)
(-0.0649623 -0.17726 0)
(-0.304729 0.154676 0)
(-0.0330191 0.509063 0)
(-0.180328 -0.0249199 0)
(-0.186224 -0.00557773 0)
(-0.186866 0.0127894 0)
(-0.18277 0.0218422 0)
(-0.173117 0.00654478 0)
(-0.156139 -0.0406708 0)
(-0.130151 -0.0983497 0)
(-0.0995855 -0.117673 0)
(-0.0747179 -0.0632967 0)
(-0.0606801 0.0536086 0)
(-0.0448676 0.204201 0)
(-0.055975 0.377893 0)
(-0.0549631 0.57875 0)
(-0.0632575 0.684605 0)
(-0.0536714 0.256423 0)
(-0.122965 -0.214239 0)
(0.0185487 -0.0700807 0)
(-0.301683 0.115393 0)
(0.0317811 0.386525 0)
(-0.16452 -0.0185608 0)
(-0.170258 -0.00255418 0)
(-0.171367 0.0113207 0)
(-0.168306 0.0161229 0)
(-0.160526 -0.00382964 0)
(-0.146488 -0.0580272 0)
(-0.125577 -0.122085 0)
(-0.102517 -0.140912 0)
(-0.0849159 -0.0794392 0)
(-0.0766489 0.0422591 0)
(-0.0599816 0.196995 0)
(-0.0748392 0.393569 0)
(-0.0914462 0.5864 0)
(-0.123318 0.722136 0)
(-0.349467 0.285606 0)
(-0.21787 -0.224454 0)
(0.0858034 -0.00272184 0)
(-0.262552 0.157919 0)
(0.103976 0.319221 0)
(-0.150785 -0.0124549 0)
(-0.156867 0.000880322 0)
(-0.159097 0.0109935 0)
(-0.157793 0.0123642 0)
(-0.153219 -0.0110774 0)
(-0.144276 -0.0703275 0)
(-0.1309 -0.138721 0)
(-0.118008 -0.155222 0)
(-0.109885 -0.0885679 0)
(-0.106625 0.0318252 0)
(-0.0899336 0.194164 0)
(-0.110193 0.408793 0)
(-0.131214 0.617306 0)
(-0.147844 0.765458 0)
(-0.215163 0.343568 0)
(-0.226649 -0.564102 0)
(-0.102071 -0.100785 0)
(-0.20298 0.16357 0)
(-0.0503198 0.21067 0)
(-0.138727 -0.00615758 0)
(-0.145531 0.00506837 0)
(-0.14898 0.0122478 0)
(-0.149774 0.0113936 0)
(-0.149642 -0.0138624 0)
(-0.146553 -0.075994 0)
(-0.14187 -0.146309 0)
(-0.141518 -0.15885 0)
(-0.143396 -0.089925 0)
(-0.145161 0.0237189 0)
(-0.137411 0.189994 0)
(-0.161784 0.429405 0)
(-0.215492 0.669662 0)
(-0.246351 0.769893 0)
(-0.118865 0.340329 0)
(-0.0485102 -0.398902 0)
(-0.0796396 -0.158933 0)
(-0.0343332 0.187705 0)
(-0.15643 -0.0277892 0)
(-0.127893 0.000380271 0)
(-0.135322 0.0100964 0)
(-0.139596 0.0150964 0)
(-0.143386 0.0136803 0)
(-0.148154 -0.0121159 0)
(-0.150561 -0.0752899 0)
(-0.155392 -0.14362 0)
(-0.167587 -0.151877 0)
(-0.179107 -0.0844187 0)
(-0.194256 0.0149983 0)
(-0.213336 0.194778 0)
(-0.270123 0.487232 0)
(-0.390271 0.75239 0)
(-0.409196 0.752691 0)
(-0.150578 0.248866 0)
(-0.379931 -0.392428 0)
(-0.206182 -0.154599 0)
(0.118817 0.178318 0)
(0.000720244 0.143618 0)
(-0.117514 0.00720121 0)
(-0.125247 0.0156734 0)
(-0.130384 0.0197164 0)
(-0.13797 0.0196326 0)
(-0.147544 -0.00604367 0)
(-0.155797 -0.0677078 0)
(-0.169216 -0.129182 0)
(-0.191073 -0.131984 0)
(-0.219431 -0.0616525 0)
(-0.266978 0.0409117 0)
(-0.336106 0.256754 0)
(-0.437837 0.607187 0)
(-0.586369 0.846109 0)
(-0.622245 0.668336 0)
(-0.65052 0.0289214 0)
(-0.864694 -0.497149 0)
(-0.476049 -0.33653 0)
(-0.0852189 0.0212324 0)
(0.0284206 0.100547 0)
(-0.106841 0.0142748 0)
(-0.114259 0.0219712 0)
(-0.120597 0.0264948 0)
(-0.132217 0.0291943 0)
(-0.146253 0.00517618 0)
(-0.160611 -0.0530706 0)
(-0.176205 -0.105663 0)
(-0.199767 -0.097227 0)
(-0.246567 -0.0143017 0)
(-0.336913 0.109453 0)
(-0.448411 0.351168 0)
(-0.539418 0.727081 0)
(-0.628301 0.942479 0)
(-0.67045 0.716382 0)
(-0.820855 0.094284 0)
(-0.854166 -0.529896 0)
(-0.553838 -0.658338 0)
(-0.274505 -0.35093 0)
(0.0409407 0.029186 0)
(-0.0941417 0.0210578 0)
(-0.100787 0.0289628 0)
(-0.108879 0.0350776 0)
(-0.121791 0.041211 0)
(-0.140075 0.0198763 0)
(-0.160572 -0.0397045 0)
(-0.169138 -0.0888632 0)
(-0.186908 -0.058196 0)
(-0.228363 0.0697739 0)
(-0.347689 0.215798 0)
(-0.481443 0.436438 0)
(-0.524752 0.782049 0)
(-0.508866 0.984607 0)
(-0.463625 0.795318 0)
(-0.439719 0.264964 0)
(-0.459543 -0.451825 0)
(-0.423746 -0.948727 0)
(-0.180016 -0.642626 0)
(-0.159393 -0.147545 0)
(-0.0779688 0.0270308 0)
(-0.0830345 0.0361789 0)
(-0.0924194 0.0446802 0)
(-0.104439 0.0555891 0)
(-0.126299 0.038731 0)
(-0.151278 -0.0324913 0)
(-0.152854 -0.0888496 0)
(-0.164852 -0.0475007 0)
(-0.177974 0.128912 0)
(-0.268689 0.323967 0)
(-0.413018 0.498959 0)
(-0.429061 0.745272 0)
(-0.320318 0.885688 0)
(-0.171988 0.68379 0)
(-0.0040368 0.0859802 0)
(-0.108684 -0.488269 0)
(-0.230429 -0.811209 0)
(-0.0123177 -0.73229 0)
(-0.26441 -0.384706 0)
(-0.0573027 0.0314826 0)
(-0.0599345 0.0426964 0)
(-0.0679738 0.0535969 0)
(-0.0776207 0.0707413 0)
(-0.0995206 0.064312 0)
(-0.129441 -0.0177405 0)
(-0.153598 -0.0845266 0)
(-0.169165 -0.0386451 0)
(-0.194803 0.131148 0)
(-0.180546 0.396493 0)
(-0.270233 0.549348 0)
(-0.280959 0.670664 0)
(-0.12122 0.716272 0)
(0.128213 0.506918 0)
(0.4131 0.142785 0)
(0.378498 -0.313896 0)
(0.222297 -0.695557 0)
(0.230497 -0.713861 0)
(-0.0923159 -0.450328 0)
(-0.0335345 0.0330573 0)
(-0.0329622 0.0463603 0)
(-0.0355024 0.0596974 0)
(-0.0414497 0.0822069 0)
(-0.0568397 0.0919037 0)
(-0.0915145 0.026342 0)
(-0.166937 -0.0427079 0)
(-0.230075 0.0165875 0)
(-0.285833 0.185234 0)
(-0.222303 0.431737 0)
(-0.184374 0.60736 0)
(-0.139106 0.637137 0)
(0.102501 0.504611 0)
(0.481322 0.145021 0)
(0.814544 -0.16435 0)
(0.723596 -0.318496 0)
(0.789867 -0.316483 0)
(0.557538 -0.4374 0)
(0.0977949 -0.287082 0)
(-0.010685 0.030562 0)
(-0.00599766 0.0447586 0)
(-0.000310503 0.0605656 0)
(0.000401037 0.0866096 0)
(4.94686e-05 0.110088 0)
(-0.022303 0.0909994 0)
(-0.108837 0.0363995 0)
(-0.202549 0.0482127 0)
(-0.268808 0.178761 0)
(-0.260429 0.364128 0)
(-0.136975 0.4901 0)
(0.062978 0.419376 0)
(0.45736 0.155772 0)
(0.900286 -0.194466 0)
(0.9475 -0.327121 0)
(0.903824 -0.326781 0)
(0.955066 -0.0889034 0)
(0.68294 -0.0550125 0)
(0.229981 0.0198662 0)
(0.00626738 0.0236317 0)
(0.0156559 0.0367128 0)
(0.0299963 0.0532816 0)
(0.0403354 0.0785189 0)
(0.0590817 0.108601 0)
(0.0622102 0.128036 0)
(0.0206534 0.121163 0)
(-0.0319291 0.13001 0)
(-0.14717 0.210714 0)
(-0.207849 0.309445 0)
(-0.0929168 0.309078 0)
(0.176952 0.0777187 0)
(0.490731 -0.243005 0)
(0.725025 -0.375152 0)
(0.80703 -0.174364 0)
(0.71616 -0.0498533 0)
(0.657697 -0.0742708 0)
(0.600626 0.10879 0)
(0.288374 0.369853 0)
(0.0154131 0.0129403 0)
(0.028563 0.0233986 0)
(0.0489304 0.0382249 0)
(0.0676818 0.0574309 0)
(0.103667 0.0861181 0)
(0.131445 0.121911 0)
(0.150686 0.137898 0)
(0.187479 0.174336 0)
(0.152445 0.271576 0)
(0.114382 0.296653 0)
(0.314548 0.0740464 0)
(0.570183 -0.191685 0)
(0.770338 -0.394359 0)
(0.87184 -0.499695 0)
(0.941235 -0.292652 0)
(0.942926 -0.209208 0)
(0.74349 -0.118025 0)
(0.468516 0.356431 0)
(0.276943 0.71771 0)
(0.0187149 0.000118457 0)
(0.0342121 0.00703736 0)
(0.0571541 0.0177781 0)
(0.0820134 0.0293715 0)
(0.12396 0.0491423 0)
(0.167388 0.0830176 0)
(0.233944 0.0938669 0)
(0.312967 0.132737 0)
(0.378987 0.233661 0)
(0.463522 0.236811 0)
(0.611324 0.00855708 0)
(0.795424 -0.332711 0)
(1.03656 -0.494006 0)
(1.13312 -0.437421 0)
(1.08024 -0.316105 0)
(0.972532 -0.103815 0)
(0.576402 0.456427 0)
(0.274753 0.504785 0)
(0.278739 0.984467 0)
(0.0193241 -0.0135033 0)
(0.0356605 -0.0105686 0)
(0.0589283 -0.00543326 0)
(0.0874044 -0.00107343 0)
(0.127451 0.00646757 0)
(0.180722 0.0244334 0)
(0.260796 0.019324 0)
(0.345778 0.0538666 0)
(0.427955 0.134761 0)
(0.542499 0.104884 0)
(0.715579 -0.152119 0)
(0.900486 -0.554684 0)
(1.01779 -0.707225 0)
(1.08658 -0.447791 0)
(0.994047 -0.195184 0)
(0.833264 0.117867 0)
(0.485067 0.881929 0)
(0.173527 0.742579 0)
(0.301879 1.1729 0)
(0.0188704 -0.0275228 0)
(0.0348239 -0.0286575 0)
(0.0571605 -0.0293342 0)
(0.0856895 -0.0322695 0)
(0.124039 -0.0347265 0)
(0.178873 -0.0379334 0)
(0.25135 -0.0563406 0)
(0.335422 -0.0266524 0)
(0.434272 0.0282575 0)
(0.583631 -0.0443745 0)
(0.783882 -0.334847 0)
(0.995676 -0.738733 0)
(1.05264 -0.704763 0)
(1.02781 -0.424515 0)
(0.934746 -0.0572355 0)
(0.766319 0.311091 0)
(0.482357 1.03175 0)
(0.150286 0.931404 0)
(0.33241 1.34641 0)
(0.0171218 -0.0411358 0)
(0.0316546 -0.0462776 0)
(0.0517145 -0.0528065 0)
(0.0787392 -0.0631464 0)
(0.112991 -0.0752061 0)
(0.169335 -0.0933997 0)
(0.221195 -0.12686 0)
(0.319643 -0.116368 0)
(0.441479 -0.0935324 0)
(0.6213 -0.208272 0)
(0.857443 -0.542838 0)
(1.00136 -0.801099 0)
(0.98456 -0.574468 0)
(0.84073 -0.315612 0)
(0.674415 0.011803 0)
(0.543139 0.567225 0)
(0.446441 1.17917 0)
(0.0925426 1.03718 0)
(0.360257 1.53762 0)
(0.0136836 -0.0515105 0)
(0.025639 -0.0603065 0)
(0.0422396 -0.0724587 0)
(0.0658003 -0.089742 0)
(0.0945292 -0.112923 0)
(0.147963 -0.141656 0)
(0.188664 -0.193582 0)
(0.291018 -0.218719 0)
(0.424462 -0.226778 0)
(0.608127 -0.39064 0)
(0.843403 -0.716972 0)
(0.942973 -0.788169 0)
(0.897131 -0.481263 0)
(0.728435 -0.221272 0)
(0.458718 0.13569 0)
(0.336225 0.723505 0)
(0.490498 1.2629 0)
(-0.0516786 1.14839 0)
(0.378142 1.69604 0)
(0.00943384 -0.0563138 0)
(0.0179182 -0.0678757 0)
(0.0301637 -0.0843331 0)
(0.0478002 -0.107361 0)
(0.0708715 -0.139716 0)
(0.110884 -0.180371 0)
(0.153088 -0.247974 0)
(0.227395 -0.313122 0)
(0.368214 -0.376746 0)
(0.542718 -0.590808 0)
(0.758157 -0.867243 0)
(0.900557 -0.811756 0)
(0.873442 -0.33127 0)
(0.69795 0.00557426 0)
(0.451066 0.266219 0)
(0.331483 0.76125 0)
(0.638429 1.33203 0)
(0.0152387 1.48508 0)
(0.38444 1.75042 0)
(0.00587552 -0.0587 0)
(0.0108527 -0.0722092 0)
(0.0183264 -0.0915622 0)
(0.0291254 -0.118851 0)
(0.0442577 -0.157325 0)
(0.0681445 -0.209471 0)
(0.100703 -0.287827 0)
(0.142162 -0.384846 0)
(0.255471 -0.512952 0)
(0.372078 -0.777733 0)
(0.549309 -1.05474 0)
(0.708495 -0.969622 0)
(0.817645 -0.238278 0)
(0.72307 0.122756 0)
(0.615296 0.276112 0)
(0.520615 0.621353 0)
(0.955421 1.14228 0)
(0.536482 1.55062 0)
(0.385126 1.90702 0)
(0.00283952 -0.0666435 0)
(0.00461958 -0.081874 0)
(0.00732458 -0.103539 0)
(0.0112602 -0.134053 0)
(0.0168652 -0.176909 0)
(0.0256465 -0.236403 0)
(0.0374826 -0.322603 0)
(0.0538325 -0.437194 0)
(0.0949584 -0.600009 0)
(0.130169 -0.89205 0)
(0.191296 -1.20156 0)
(0.289585 -1.13276 0)
(0.592508 -0.300346 0)
(0.646983 0.173323 0)
(0.577025 0.304918 0)
(0.469317 0.502471 0)
(1.03356 1.02057 0)
(0.47548 2.33886 0)
(0.317559 2.49592 0)
)
;

boundaryField
{
    leftWall
    {
        type            noSlip;
    }
    rightWall
    {
        type            noSlip;
    }
    lowerWall
    {
        type            noSlip;
    }
    atmosphere
    {
        type            pressureInletOutletVelocity;
        value           nonuniform List<vector> 
46
(
(0 -0.0520468 0)
(0 -0.0596678 0)
(0 -0.0576229 0)
(0 -0.0587075 0)
(0 -0.0580416 0)
(0 -0.0576456 0)
(0 -0.0568915 0)
(0 -0.0559374 0)
(0 -0.0547918 0)
(0 -0.0534786 0)
(0 -0.0520225 0)
(0 -0.0504575 0)
(0 -0.0488155 0)
(0 -0.0471516 0)
(0 -0.0455167 0)
(0 -0.0439651 0)
(0 -0.0425936 0)
(0 -0.0414892 0)
(0 -0.0407749 0)
(0 -0.0406046 0)
(0 -0.0411692 0)
(0 -0.0426869 0)
(0 -0.0454969 0)
(0 -0.0488584 0)
(0 -0.0515726 0)
(0 -0.0548747 0)
(0 -0.0588598 0)
(0 -0.0666435 0)
(0 -0.081874 0)
(0 -0.103539 0)
(0 -0.134053 0)
(0 -0.176909 0)
(0 -0.236403 0)
(0 -0.322603 0)
(0 -0.437194 0)
(0 -0.600009 0)
(0 -0.89205 0)
(0 -1.20156 0)
(0 -1.13276 0)
(0 -0.300346 0)
(0.646983 0.173323 0)
(0.577025 0.304918 0)
(0.469317 0.502471 0)
(1.03356 1.02057 0)
(0.47548 2.33886 0)
(0.317559 2.49592 0)
)
;
    }
    defaultFaces
    {
        type            empty;
    }
}


// ************************************************************************* //
