/*--------------------------------*- C++ -*----------------------------------*\
  =========                 |
  \\      /  F ield         | OpenFOAM: The Open Source CFD Toolbox
   \\    /   O peration     | Website:  https://openfoam.org
    \\  /    A nd           | Version:  13
     \\/     M anipulation  |
\*---------------------------------------------------------------------------*/
FoamFile
{
    format      ascii;
    class       surfaceScalarField;
    location    "0.8";
    object      phi;
}
// * * * * * * * * * * * * * * * * * * * * * * * * * * * * * * * * * * * * * //

dimensions      [0 3 -1 0 0 0 0];

internalField   nonuniform List<scalar> 
4432
(
-4.73707e-06
4.73707e-06
-1.00887e-05
5.3516e-06
-1.51884e-05
5.09969e-06
-2.02099e-05
5.02155e-06
-2.40933e-05
3.88342e-06
-2.50549e-05
9.61606e-07
-2.34517e-05
-1.60321e-06
-2.14054e-05
-2.04636e-06
-2.0275e-05
-1.13033e-06
-1.99287e-05
-3.46396e-07
-1.98829e-05
-4.57675e-08
-1.98248e-05
-5.81398e-08
-1.96643e-05
-1.60426e-07
-1.93107e-05
-3.53596e-07
-1.83754e-05
-9.35316e-07
-1.68776e-05
-1.49782e-06
-1.7366e-05
4.88378e-07
-2.15989e-05
4.23295e-06
-2.61574e-05
4.55847e-06
-2.50735e-05
-1.08388e-06
-1.82288e-05
-6.84469e-06
-8.65176e-06
-9.57708e-06
-8.65177e-06
-7.23057e-06
1.19676e-05
-1.36331e-05
1.17542e-05
-1.89745e-05
1.04411e-05
-2.34971e-05
9.54409e-06
-2.62098e-05
6.59619e-06
-2.62763e-05
1.0281e-06
-2.4239e-05
-3.6405e-06
-2.18414e-05
-4.44394e-06
-2.04789e-05
-2.49293e-06
-2.00589e-05
-7.66315e-07
-1.98466e-05
-2.58123e-07
-1.9376e-05
-5.28738e-07
-1.85785e-05
-9.57925e-07
-1.78353e-05
-1.09681e-06
-1.79241e-05
-8.46501e-07
-1.95394e-05
1.17443e-07
-2.20444e-05
2.99336e-06
-2.34622e-05
5.6508e-06
-2.14443e-05
2.54057e-06
-1.67769e-05
-5.75131e-06
-1.12894e-05
-1.23322e-05
-5.3818e-06
-1.54847e-05
-1.40336e-05
-6.88597e-06
1.88536e-05
-1.27085e-05
1.75767e-05
-1.78707e-05
1.56033e-05
-2.27318e-05
1.44052e-05
-2.61302e-05
9.99454e-06
-2.66859e-05
1.58386e-06
-2.48747e-05
-5.45177e-06
-2.26196e-05
-6.69901e-06
-2.12329e-05
-3.87964e-06
-2.07032e-05
-1.29597e-06
-2.029e-05
-6.71399e-07
-1.93058e-05
-1.51287e-06
-1.75418e-05
-2.72197e-06
-1.5345e-05
-3.29366e-06
-1.35997e-05
-2.59176e-06
-1.31548e-05
-3.27448e-07
-1.3186e-05
3.02455e-06
-1.17824e-05
4.24718e-06
-8.50364e-06
-7.38181e-07
-4.95072e-06
-9.30423e-06
-2.54377e-06
-1.47391e-05
-7.66504e-07
-1.7262e-05
-1.48001e-05
-5.68254e-06
2.45361e-05
-1.08534e-05
2.27476e-05
-1.57963e-05
2.05461e-05
-2.04839e-05
1.90928e-05
-2.37023e-05
1.32129e-05
-2.4567e-05
2.4486e-06
-2.36832e-05
-6.33562e-06
-2.26973e-05
-7.68484e-06
-2.21156e-05
-4.46139e-06
-2.18767e-05
-1.5348e-06
-2.15954e-05
-9.52727e-07
-2.06147e-05
-2.49358e-06
-1.85795e-05
-4.75724e-06
-1.56479e-05
-6.22523e-06
-1.2328e-05
-5.9117e-06
-8.98012e-06
-3.67529e-06
-5.40353e-06
-5.5205e-07
-1.58175e-06
4.25397e-07
1.55472e-06
-3.87465e-06
3.35138e-06
-1.11009e-05
2.95092e-06
-1.43387e-05
1.92784e-06
-1.62389e-05
-1.28722e-05
-4.09669e-06
2.86328e-05
-8.33636e-06
2.69873e-05
-1.24413e-05
2.46511e-05
-1.60434e-05
2.26949e-05
-1.8311e-05
1.54805e-05
-1.92906e-05
3.42823e-06
-2.00755e-05
-5.55067e-06
-2.1457e-05
-6.30333e-06
-2.27069e-05
-3.21156e-06
-2.3291e-05
-9.50666e-07
-2.32118e-05
-1.03199e-06
-2.21631e-05
-3.54227e-06
-1.98816e-05
-7.03871e-06
-1.66096e-05
-9.49721e-06
-1.28527e-05
-9.66862e-06
-8.7479e-06
-7.7801e-06
-4.03902e-06
-5.26094e-06
6.36508e-07
-4.25014e-06
3.84672e-06
-7.08486e-06
4.64582e-06
-1.19e-05
3.65723e-06
-1.335e-05
2.30288e-06
-1.48846e-05
-1.05693e-05
-2.03138e-06
3.06642e-05
-4.83002e-06
2.97859e-05
-7.70891e-06
2.753e-05
-9.94254e-06
2.49285e-05
-1.10915e-05
1.66295e-05
-1.22493e-05
4.58602e-06
-1.5143e-05
-2.65693e-06
-1.93802e-05
-2.06617e-06
-2.29206e-05
3.28817e-07
-2.47523e-05
8.8107e-07
-2.50855e-05
-6.98798e-07
-2.39168e-05
-4.71098e-06
-2.11581e-05
-9.79738e-06
-1.7296e-05
-1.33594e-05
-1.3165e-05
-1.37996e-05
-9.12671e-06
-1.18184e-05
-4.92503e-06
-9.46263e-06
-7.83737e-07
-8.39142e-06
1.93582e-06
-9.80441e-06
2.94418e-06
-1.29083e-05
2.5343e-06
-1.29402e-05
1.9196e-06
-1.42699e-05
-8.64975e-06
1.10238e-07
3.0554e-05
-1.03187e-06
3.0928e-05
-2.49485e-06
2.89929e-05
-3.13146e-06
2.55651e-05
-3.00453e-06
1.65025e-05
-4.92302e-06
6.5045e-06
-1.08567e-05
3.2767e-06
-1.77652e-05
4.84238e-06
-2.31652e-05
5.72881e-06
-2.63505e-05
4.06638e-06
-2.72511e-05
2.01763e-07
-2.59703e-05
-5.9917e-06
-2.24819e-05
-1.32859e-05
-1.76089e-05
-1.82323e-05
-1.27603e-05
-1.86482e-05
-8.58316e-06
-1.59956e-05
-4.72083e-06
-1.33249e-05
-1.13571e-06
-1.19765e-05
1.40011e-06
-1.23402e-05
2.66038e-06
-1.41686e-05
2.84803e-06
-1.31278e-05
2.3125e-06
-1.37343e-05
-6.33725e-06
2.47933e-06
2.80747e-05
4.13392e-06
2.92735e-05
5.43626e-06
2.76906e-05
6.52445e-06
2.44769e-05
5.2981e-06
1.77289e-05
-7.5295e-07
1.25555e-05
-1.00857e-05
1.26095e-05
-1.78337e-05
1.25904e-05
-2.35576e-05
1.14527e-05
-2.76011e-05
8.10992e-06
-2.93221e-05
1.92279e-06
-2.78229e-05
-7.49092e-06
-2.2736e-05
-1.83728e-05
-1.61008e-05
-2.48676e-05
-1.05116e-05
-2.42373e-05
-6.47589e-06
-2.00313e-05
-2.98739e-06
-1.68134e-05
2.65025e-07
-1.52289e-05
2.84613e-06
-1.49213e-05
4.13199e-06
-1.54545e-05
4.59896e-06
-1.35948e-05
3.52459e-06
-1.266e-05
-2.81266e-06
-1.73718e-05
1.73718e-05
-4.25192e-05
2.51474e-05
-5.19066e-05
9.38738e-06
-4.48695e-05
-7.03715e-06
-2.82995e-05
-1.65699e-05
-1.00543e-05
-1.82453e-05
-1.08091e-05
7.54873e-07
-2.6566e-05
1.57568e-05
-6.72483e-05
4.06823e-05
-9.7306e-05
3.00577e-05
-6.44399e-05
-3.28661e-05
-8.93948e-06
-5.55004e-05
1.76114e-05
-2.65509e-05
3.1672e-05
-1.40605e-05
3.80795e-05
-6.40752e-06
3.26103e-05
5.46916e-06
1.70129e-05
1.55975e-05
6.47078e-06
1.05421e-05
6.47077e-06
-2.59105e-05
4.32823e-05
-4.25965e-05
4.18334e-05
-4.22728e-05
9.06366e-06
-3.35526e-05
-1.57573e-05
-1.86764e-05
-3.14462e-05
-7.58004e-06
-2.93416e-05
-2.56154e-05
1.87903e-05
-7.60616e-05
6.6203e-05
-0.000120373
8.49936e-05
-9.36529e-05
3.33767e-06
-3.01971e-05
-9.63219e-05
7.30972e-06
-9.30073e-05
2.75872e-05
-4.68284e-05
4.36281e-05
-3.01014e-05
5.6523e-05
-1.93025e-05
6.70194e-05
-5.02715e-06
5.61355e-05
2.64813e-05
1.99693e-05
4.67083e-05
2.64401e-05
-2.10442e-05
6.43265e-05
-2.93695e-05
5.01587e-05
-2.76999e-05
7.39407e-06
-2.16866e-05
-2.17707e-05
-1.19013e-05
-4.12315e-05
-9.38309e-06
-3.18597e-05
-4.49585e-05
5.43657e-05
-0.000104652
0.000125896
-0.000120745
0.000101087
-7.1562e-05
-4.58452e-05
-2.82461e-05
-0.000139638
-1.00665e-05
-0.000111187
7.62514e-06
-6.45201e-05
2.14466e-05
-4.39228e-05
3.36707e-05
-3.15266e-05
4.71895e-05
-1.85459e-05
5.45953e-05
1.90755e-05
2.48524e-05
7.64512e-05
5.12924e-05
-1.31914e-05
7.75179e-05
-1.73587e-05
5.4326e-05
-1.57112e-05
5.74658e-06
-8.30277e-06
-2.91791e-05
-4.75068e-06
-4.47836e-05
-1.46444e-05
-2.1966e-05
-6.19055e-05
0.000101627
-0.000117073
0.000181064
-0.000110449
9.44632e-05
-6.63949e-05
-8.98995e-05
-4.17092e-05
-0.000164324
-2.59576e-05
-0.000126938
-1.05488e-05
-7.9929e-05
3.03905e-06
-5.75106e-05
2.05519e-05
-4.90395e-05
3.31174e-05
-3.11114e-05
4.04556e-05
1.17372e-05
2.32032e-05
9.37037e-05
7.44957e-05
-3.44042e-06
8.09583e-05
-2.08246e-06
5.29681e-05
2.11855e-06
1.54556e-06
6.9727e-06
-3.40333e-05
1.4625e-06
-3.92734e-05
-2.25519e-05
2.04842e-06
-7.65893e-05
0.000155664
-0.000120114
0.000224588
-9.96775e-05
7.40267e-05
-7.06434e-05
-0.000118934
-5.95039e-05
-0.000175463
-4.70606e-05
-0.000139382
-3.54069e-05
-9.15826e-05
-2.26864e-05
-7.02312e-05
-3.36446e-06
-6.83614e-05
1.51755e-05
-4.96513e-05
2.78768e-05
-9.64087e-07
2.30897e-05
9.84908e-05
9.75853e-05
7.01808e-06
7.39402e-05
1.31074e-05
4.68787e-05
2.01532e-05
-5.50021e-06
2.03945e-05
-3.42746e-05
4.3499e-06
-2.32288e-05
-3.44842e-05
4.08825e-05
-9.15432e-05
0.000212723
-0.000121765
0.00025481
-9.57633e-05
4.80252e-05
-8.16107e-05
-0.000133086
-8.05555e-05
-0.000176518
-8.08262e-05
-0.000139111
-7.60549e-05
-9.63539e-05
-6.29585e-05
-8.33277e-05
-4.6551e-05
-8.47689e-05
-2.46571e-05
-7.15452e-05
1.43168e-06
-2.70529e-05
1.75216e-05
8.24009e-05
0.000115107
1.24224e-05
6.15178e-05
2.37614e-05
3.55397e-05
3.46187e-05
-1.63575e-05
2.71417e-05
-2.67976e-05
2.9022e-06
1.0107e-06
-4.72761e-05
9.10608e-05
-0.000102744
0.000268191
-0.000118542
0.000270608
-9.26772e-05
2.21601e-05
-9.29419e-05
-0.000132821
-0.000105556
-0.000163904
-0.000121568
-0.000123099
-0.000123026
-9.48958e-05
-0.000118282
-8.80714e-05
-0.000113385
-8.96664e-05
-9.34777e-05
-9.14524e-05
-5.05572e-05
-6.99734e-05
-9.33394e-07
3.27771e-05
0.000114173
1.57807e-05
4.57371e-05
3.40212e-05
1.72992e-05
4.23319e-05
-2.46682e-05
2.44036e-05
-8.86923e-06
-5.61282e-06
3.10271e-05
-6.07955e-05
0.000146243
-0.000109338
0.000316734
-0.000103452
0.000264721
-8.68551e-05
5.56339e-06
-0.000102074
-0.000117603
-0.000128835
-0.000137143
-0.000148706
-0.000103228
-0.000147152
-9.64498e-05
-0.000143123
-9.20996e-05
-0.000146796
-8.5994e-05
-0.000142654
-9.55945e-05
-0.000119662
-9.29655e-05
-6.73169e-05
-1.95675e-05
4.68566e-05
7.19698e-06
2.08777e-05
4.53848e-06
3.1932e-05
-2.9314e-06
3.51605e-05
-1.45115e-05
3.6057e-05
-2.70493e-05
3.02667e-05
-3.74721e-05
2.29783e-05
-4.33368e-05
1.84742e-05
-4.82319e-05
1.74855e-05
-5.5235e-05
1.84557e-05
-6.33878e-05
1.62627e-05
-6.75497e-05
6.08474e-06
-6.24275e-05
-1.26131e-05
-4.78414e-05
-3.29589e-05
-3.1155e-05
-4.1554e-05
-1.8737e-05
-3.66554e-05
-1.14129e-05
-2.73553e-05
-5.51041e-06
-2.2716e-05
8.67159e-07
-2.16065e-05
6.51811e-06
-2.05723e-05
9.8706e-06
-1.8807e-05
1.18063e-05
-1.55304e-05
1.22052e-05
-1.30589e-05
-8.35043e-06
1.7743e-05
-4.98357e-05
7.07134e-05
-6.72689e-05
4.93651e-05
-8.289e-05
5.07816e-05
-9.14505e-05
4.46176e-05
-9.2933e-05
3.17491e-05
-8.964e-05
1.96853e-05
-8.30912e-05
1.19254e-05
-7.55366e-05
9.93086e-06
-7.35781e-05
1.64972e-05
-7.98917e-05
2.25763e-05
-9.01104e-05
1.63034e-05
-9.95484e-05
-3.17505e-06
-9.25617e-05
-3.99456e-05
-7.19097e-05
-6.2206e-05
-5.05693e-05
-5.79958e-05
-3.70481e-05
-4.08765e-05
-2.79882e-05
-3.17759e-05
-1.63549e-05
-3.32399e-05
-4.16766e-06
-3.27595e-05
4.36494e-06
-2.73396e-05
9.30731e-06
-2.04728e-05
1.34993e-05
-1.72509e-05
-1.83324e-05
2.34813e-05
-0.000172899
0.000243612
-0.000255855
0.000132321
-0.000281742
7.6668e-05
-0.000283974
4.68497e-05
-0.000279129
2.69044e-05
-0.000271948
1.25038e-05
-0.000253022
-7.00043e-06
-0.00023714
-5.95113e-06
-0.000241201
2.05582e-05
-0.000266585
4.79599e-05
-0.000289167
3.88856e-05
-0.000274967
-1.73743e-05
-0.000234069
-8.08436e-05
-0.000175724
-0.000120552
-0.000119407
-0.000114312
-8.54549e-05
-7.4829e-05
-6.86599e-05
-4.85709e-05
-4.71966e-05
-5.47031e-05
-3.14534e-05
-4.85027e-05
-2.70825e-05
-3.17105e-05
-1.87029e-05
-2.88525e-05
8.74309e-06
-4.46968e-05
-6.03327e-05
5.07434e-05
-0.000140056
0.000383669
-0.000262843
0.000255108
-0.000356868
0.000170693
-0.000420198
0.000110179
-0.000454412
6.11181e-05
-0.00045413
1.22227e-05
-0.000443989
-1.71421e-05
-0.000440689
-9.25048e-06
-0.000443727
2.35958e-05
-0.000437872
4.21047e-05
-0.00040833
9.34407e-06
-0.000359301
-6.64037e-05
-0.00030032
-0.000139825
-0.000247183
-0.000173689
-0.00019722
-0.000164275
-0.000147046
-0.000125003
-0.000133194
-6.24233e-05
-0.000153452
-3.4445e-05
-0.00021907
1.71152e-05
-0.000282916
3.21356e-05
-0.000260809
-5.09592e-05
-0.00016766
-0.000137846
-0.000165521
-6.24711e-05
-9.57885e-05
0.000479457
-0.00019857
0.000357889
-0.000297316
0.000269439
-0.000386199
0.000199062
-0.000454229
0.000129148
-0.000499049
5.70424e-05
-0.000525191
8.9996e-06
-0.000521492
-1.29495e-05
-0.000483039
-1.48572e-05
-0.000433605
-7.32875e-06
-0.000392595
-3.16666e-05
-0.00036075
-9.82485e-05
-0.000335362
-0.000165212
-0.000313014
-0.000196037
-0.000293392
-0.000183896
-0.000280862
-0.000137533
-0.00027791
-6.53754e-05
-0.000324982
1.26268e-05
-0.000334979
2.71125e-05
-0.000294848
-7.99543e-06
-0.000244474
-0.000101333
-0.000205115
-0.000177205
-0.000180755
-0.000189881
-5.19115e-05
0.000531369
-0.000117363
0.000423341
-0.000177511
0.000329587
-0.000216288
0.000237839
-0.000243373
0.000156234
-0.000276635
9.0304e-05
-0.000319255
5.16196e-05
-0.000357796
2.55915e-05
-0.000369087
-3.5666e-06
-0.000358679
-1.7736e-05
-0.000348591
-4.17547e-05
-0.000344304
-0.000102536
-0.000342222
-0.000167294
-0.000336039
-0.000202221
-0.000320702
-0.000199233
-0.000296402
-0.000161833
-0.000254016
-0.000107761
-0.000194461
-4.6929e-05
-0.000158806
-8.54196e-06
-0.000138835
-2.79666e-05
-0.000163028
-7.71403e-05
-0.000177524
-0.000162709
-0.000170573
-0.000187707
-1.49392e-05
0.000546308
-4.75468e-05
0.000455948
-7.52559e-05
0.000357296
-8.63594e-05
0.000248942
-8.39887e-05
0.000153863
-9.4266e-05
0.000100581
-0.000125798
8.31512e-05
-0.00017667
7.64635e-05
-0.000234894
5.46579e-05
-0.000272946
2.03163e-05
-0.000290827
-2.3874e-05
-0.000309348
-8.4015e-05
-0.000327068
-0.000149574
-0.000336606
-0.000192683
-0.000328277
-0.000207561
-0.00030192
-0.00018819
-0.000259249
-0.000150433
-0.00019879
-0.000107388
-0.000129004
-7.83281e-05
-9.05075e-05
-6.64632e-05
-9.68585e-05
-7.07892e-05
-0.00013826
-0.000121307
-0.000146277
-0.000162556
1.41737e-05
0.000532134
8.14583e-07
0.000469307
-7.1502e-06
0.000365261
-6.70754e-06
0.0002485
-1.97099e-06
0.000149126
-9.88981e-07
9.95994e-05
-9.90206e-06
9.20643e-05
-3.56304e-05
0.000102192
-8.06325e-05
9.966e-05
-0.000131957
7.16408e-05
-0.000181307
2.54764e-05
-0.000234628
-3.06944e-05
-0.000287902
-9.63001e-05
-0.00032147
-0.000159114
-0.000334639
-0.000194393
-0.000320823
-0.000202005
-0.000282369
-0.000188887
-0.000233773
-0.000155983
-0.000181279
-0.000130822
-0.000137982
-0.00010976
-0.000105159
-0.000103613
-0.00011271
-0.000113756
-0.00012128
-0.000137706
3.87593e-05
0.000493375
3.09842e-05
0.000477083
3.35852e-05
0.00036266
3.73484e-05
0.000244737
3.89818e-05
0.000147493
4.03159e-05
9.82653e-05
4.20346e-05
9.03457e-05
3.97748e-05
0.000104452
2.26724e-05
0.000116762
-1.35077e-05
0.000107821
-6.47014e-05
7.66701e-05
-0.000130371
3.49753e-05
-0.000209175
-1.74957e-05
-0.000282946
-8.53432e-05
-0.000329236
-0.000148103
-0.000341677
-0.000189564
-0.000328217
-0.000202347
-0.000283468
-0.000200732
-0.000232445
-0.000181846
-0.000184512
-0.000157693
-0.000154183
-0.000133942
-0.000152586
-0.000115353
-0.000102011
-0.000171855
5.99883e-05
0.000433387
5.83911e-05
0.00047868
5.76741e-05
0.000363377
6.11421e-05
0.000241269
6.25177e-05
0.000146118
6.41191e-05
9.66639e-05
6.65991e-05
8.78656e-05
7.09352e-05
0.000100116
7.17226e-05
0.000115975
5.87163e-05
0.000120827
2.68691e-05
0.000108517
-2.22706e-05
8.41152e-05
-9.35098e-05
5.37434e-05
-0.000184683
5.83045e-06
-0.000271032
-6.17551e-05
-0.000333352
-0.000127243
-0.000360528
-0.000175171
-0.00035605
-0.000205209
-0.000327858
-0.000210037
-0.000284594
-0.000200958
-0.000278155
-0.000140381
-0.000342032
-5.14764e-05
-7.64946e-05
-0.000367548
7.70099e-05
0.000356377
9.20671e-05
0.000463623
8.75597e-05
0.000367885
8.48874e-05
0.000243941
8.34097e-05
0.000147595
8.24799e-05
9.75939e-05
8.16103e-05
8.87351e-05
8.27596e-05
9.89666e-05
8.70829e-05
0.000111652
8.75525e-05
0.000120358
7.52718e-05
0.000120798
4.76535e-05
0.000111733
4.78182e-06
9.66151e-05
-6.26968e-05
7.33092e-05
-0.00015239
2.7938e-05
-0.00024001
-3.96237e-05
-0.000313472
-0.000101708
-0.000379719
-0.000138962
-0.000434202
-0.000155555
-0.00049254
-0.000142619
-0.000530985
-0.000101936
-0.000496458
-8.60043e-05
-0.00015275
-0.000420202
8.01487e-05
0.000276228
0.000118762
0.00042501
0.00012335
0.000363297
0.000118132
0.000249159
0.000110569
0.000155159
0.000102029
0.000106133
9.41311e-05
9.66334e-05
8.88868e-05
0.000104211
8.88195e-05
0.000111719
9.20274e-05
0.00011715
9.12637e-05
0.000121562
8.08001e-05
0.000122197
5.95597e-05
0.000117855
2.36438e-05
0.000109225
-3.6107e-05
8.7689e-05
-0.000114132
3.84013e-05
-0.000195232
-2.06082e-05
-0.000278166
-5.60287e-05
-0.000365325
-6.83956e-05
-0.000436754
-7.11889e-05
-0.000465721
-7.29695e-05
-0.000457337
-9.43886e-05
-0.000159806
-0.000450281
6.22825e-05
0.000213946
0.000118784
0.000368508
0.000142735
0.000339347
0.000144352
0.000247542
0.000133646
0.000165864
0.000117806
0.000121974
0.00010338
0.000111059
9.3341e-05
0.00011425
8.8319e-05
0.000116741
8.8353e-05
0.000117116
9.03571e-05
0.000119558
8.92573e-05
0.000123297
8.22704e-05
0.000124842
6.70257e-05
0.00012447
3.41013e-05
0.000120613
-2.51707e-05
9.76733e-05
-9.46532e-05
4.88743e-05
-0.000161723
1.10409e-05
-0.000231221
1.10273e-06
-0.000297129
-5.28067e-06
-0.000335682
-3.44167e-05
-0.000351444
-7.86266e-05
-0.00014522
-0.000366031
3.13935e-05
0.000182553
9.24646e-05
0.000307437
0.000133102
0.00029871
0.000145909
0.000234734
0.000138121
0.000173653
0.000121358
0.000138737
0.000105818
0.000126599
9.52344e-05
0.000124834
8.86391e-05
0.000123336
8.55716e-05
0.000120183
8.59717e-05
0.000119158
8.77377e-05
0.000121531
8.80091e-05
0.000124571
8.46408e-05
0.000127838
7.20597e-05
0.000133195
3.78996e-05
0.000131833
-2.02441e-05
0.000107018
-6.99826e-05
6.07795e-05
-0.000101658
3.27779e-05
-0.000141957
3.5019e-05
-0.000190844
1.44698e-05
-0.000214881
-5.45891e-05
-0.000132764
-0.000227336
7.01148e-06
0.000175541
5.95329e-05
0.000254916
0.000104925
0.000253319
0.000125155
0.000214504
0.00012361
0.000175198
0.000112347
0.00015
0.000101319
0.000137627
9.39403e-05
0.000132212
8.90619e-05
0.000128215
8.56687e-05
0.000123577
8.46191e-05
0.000120207
8.62579e-05
0.000119892
8.90833e-05
0.000121745
9.15805e-05
0.000125341
9.17274e-05
0.000133048
8.13483e-05
0.000142212
4.86642e-05
0.000139702
1.84545e-06
0.000107598
-2.13668e-05
5.59901e-05
-1.41487e-05
2.78009e-05
-2.45134e-05
2.48344e-05
-5.40682e-05
-2.50345e-05
-9.68756e-05
-8.99573e-05
-9.46256e-07
0.000176488
3.65899e-05
0.000217381
7.56298e-05
0.000214279
9.67985e-05
0.000193335
0.000101145
0.000170852
9.7619e-05
0.000153526
9.3175e-05
0.000142071
9.03543e-05
0.000135033
8.86402e-05
0.000129929
8.71589e-05
0.000125058
8.65521e-05
0.000120814
8.79874e-05
0.000118456
9.13792e-05
0.000118354
9.61743e-05
0.000120546
0.000102619
0.000126602
0.000108211
0.000136621
0.00010318
0.000144733
7.4573e-05
0.000136205
3.56085e-05
9.49546e-05
2.39651e-05
3.94444e-05
4.09817e-05
7.81782e-06
4.2758e-05
-2.68109e-05
-7.18187e-05
1.77012e-05
1.83812e-06
0.00017465
2.62078e-05
0.000193011
5.46813e-05
0.000185806
7.29928e-05
0.000175024
8.10312e-05
0.000162814
8.36332e-05
0.000150925
8.45937e-05
0.000141111
8.56604e-05
0.000133967
8.6961e-05
0.000128628
8.80726e-05
0.000123946
8.92497e-05
0.000119637
9.14288e-05
0.000116277
9.52215e-05
0.000114561
0.000100878
0.000114889
0.000109502
0.000117979
0.000121936
0.000124186
0.000134923
0.000131745
0.000136558
0.000134571
0.000114628
0.000116884
7.9953e-05
7.41196e-05
6.54216e-05
2.23491e-05
6.3442e-05
-2.48314e-05
-7.0312e-05
6.19352e-05
6.89346e-06
0.000167757
2.31613e-05
0.000176743
4.26958e-05
0.000166271
5.74869e-05
0.000160233
6.68888e-05
0.000153412
7.27909e-05
0.000145023
7.69502e-05
0.000136952
8.05367e-05
0.00013038
8.39954e-05
0.000125169
8.72761e-05
0.000120665
9.04343e-05
0.000116479
9.39531e-05
0.000112758
9.85098e-05
0.000110004
0.000104754
0.000108645
0.00011384
0.000108892
0.000127427
0.0001106
0.000146372
0.0001128
0.000167022
0.000113921
0.000176964
0.000106941
0.000170305
8.07791e-05
0.000156697
3.59564e-05
0.000142137
-1.02713e-05
-6.37478e-05
0.000135573
9.10697e-06
0.00015865
2.20266e-05
0.000163824
3.62225e-05
0.000152075
4.82643e-05
0.000148191
5.75818e-05
0.000144094
6.46895e-05
0.000137915
7.03405e-05
0.000131301
7.52897e-05
0.000125431
8.00179e-05
0.000120441
8.46696e-05
0.000116014
8.92782e-05
0.00011187
9.40497e-05
0.000107987
9.94782e-05
0.000104575
0.000106253
0.00010187
0.00011531
9.98355e-05
0.000127888
9.80215e-05
0.000145376
9.53118e-05
0.000168571
9.07259e-05
0.000193006
8.25065e-05
0.000210059
6.37264e-05
0.00021418
3.18346e-05
0.000212194
-8.28554e-06
-5.5535e-05
0.000203982
9.17171e-06
0.000149478
2.06137e-05
0.000152382
3.20681e-05
0.000140621
4.22901e-05
0.00013797
5.10127e-05
0.000135372
5.8322e-05
0.000130605
6.45405e-05
0.000125082
7.01307e-05
0.000119841
7.54827e-05
0.000115089
8.08032e-05
0.000110693
8.61747e-05
0.000106499
9.17196e-05
0.000102442
9.7754e-05
9.85408e-05
0.000104809
9.48156e-05
0.000113538
9.11059e-05
0.00012462
8.6939e-05
0.000138613
8.13189e-05
0.000156266
7.3073e-05
0.000177263
6.15098e-05
0.000196639
4.43496e-05
0.000208974
1.95001e-05
0.000212784
-1.2096e-05
-4.77689e-05
0.000205018
8.51973e-06
0.000140958
1.88695e-05
0.000142032
2.87726e-05
0.000130718
3.77873e-05
0.000128955
4.58735e-05
0.000127285
5.30272e-05
0.000123452
5.93871e-05
0.000118722
6.52232e-05
0.000114004
7.0813e-05
0.000109499
7.63554e-05
0.000105151
8.19746e-05
0.000100879
8.77935e-05
9.66226e-05
9.40195e-05
9.23146e-05
0.000100985
8.78498e-05
0.000109077
8.3014e-05
0.000118605
7.74107e-05
0.000129565
7.03585e-05
0.000141721
6.09175e-05
0.00015486
4.83708e-05
0.000167088
3.21211e-05
0.000175179
1.14099e-05
0.000176319
-1.32361e-05
-3.87289e-05
0.000167279
7.83133e-06
0.000133127
1.71704e-05
0.000132693
2.59655e-05
0.000121923
3.4089e-05
0.000120831
4.16005e-05
0.000119774
4.84769e-05
0.000116575
5.47712e-05
0.000112428
6.06356e-05
0.00010814
6.62541e-05
0.00010388
7.17892e-05
9.96156e-05
7.73726e-05
9.52957e-05
8.31288e-05
9.08662e-05
8.9203e-05
8.62403e-05
9.57756e-05
8.12771e-05
0.000103027
7.57625e-05
0.000111054
6.93835e-05
0.000119703
6.17098e-05
0.000128446
5.21736e-05
0.0001366
4.02176e-05
0.000143149
2.55717e-05
0.000146364
8.19504e-06
0.000144336
-1.12079e-05
-3.06384e-05
0.000136245
7.21822e-06
0.000125909
1.56595e-05
0.000124252
2.35587e-05
0.000114024
3.09549e-05
0.000113435
3.79398e-05
0.000112789
4.44814e-05
0.000110034
5.05893e-05
0.00010632
5.63475e-05
0.000102382
6.18737e-05
9.83542e-05
6.72876e-05
9.42017e-05
7.27007e-05
8.98826e-05
7.8218e-05
8.53488e-05
8.39384e-05
8.05199e-05
8.9948e-05
7.52674e-05
9.63001e-05
6.94103e-05
0.00010297
6.27132e-05
0.000109783
5.48971e-05
0.000116304
4.56527e-05
0.00012184
3.46813e-05
0.00012554
2.18721e-05
0.000126365
7.37011e-06
0.000123409
-8.25229e-06
-2.36771e-05
0.000116448
6.64991e-06
0.000119259
1.43184e-05
0.000116583
2.14683e-05
0.000106874
2.8238e-05
0.000106666
3.47293e-05
0.000106297
4.09032e-05
0.00010386
4.67466e-05
0.000100477
5.23047e-05
9.68237e-05
5.76518e-05
9.30071e-05
6.28697e-05
8.89838e-05
6.80383e-05
8.47139e-05
7.32309e-05
8.01562e-05
7.8506e-05
7.52448e-05
8.38948e-05
6.98785e-05
8.93846e-05
6.39204e-05
9.48934e-05
5.72042e-05
0.00010024
4.95501e-05
0.0001051
4.07932e-05
0.000108969
3.08121e-05
0.00011122
1.96212e-05
0.00011121
7.37975e-06
0.000108576
-5.61817e-06
-1.81973e-05
0.000103096
6.11777e-06
0.000113141
1.31093e-05
0.000109592
1.96133e-05
0.00010037
2.58267e-05
0.000100452
3.18519e-05
0.000100272
3.76428e-05
9.8069e-05
4.31726e-05
9.49468e-05
4.84641e-05
9.15323e-05
5.35638e-05
8.79074e-05
5.85238e-05
8.40238e-05
6.33942e-05
7.98435e-05
6.82171e-05
7.53334e-05
7.30185e-05
7.04434e-05
7.77972e-05
6.50998e-05
8.25108e-05
5.92067e-05
8.70607e-05
5.26542e-05
9.12773e-05
4.53335e-05
9.49085e-05
3.7162e-05
9.76136e-05
2.8107e-05
9.89982e-05
1.82365e-05
9.86766e-05
7.70133e-06
9.63331e-05
-3.27472e-06
-1.38252e-05
9.19609e-05
5.62849e-06
0.000107513
1.20101e-05
0.00010321
1.79382e-05
9.44418e-05
2.36461e-05
9.47442e-05
2.92295e-05
9.46889e-05
3.46338e-05
9.26646e-05
3.98228e-05
8.97579e-05
4.48052e-05
8.655e-05
4.96091e-05
8.31036e-05
5.42652e-05
7.93678e-05
5.88003e-05
7.53084e-05
6.32329e-05
7.09008e-05
6.75664e-05
6.61099e-05
7.17809e-05
6.08853e-05
7.58236e-05
5.5164e-05
7.95993e-05
4.88785e-05
8.29634e-05
4.19694e-05
8.57211e-05
3.44042e-05
8.76341e-05
2.6194e-05
8.8445e-05
1.74256e-05
8.78977e-05
8.24852e-06
8.58463e-05
-1.22342e-06
-1.02499e-05
8.22709e-05
5.18464e-06
0.000102328
1.10076e-05
9.73873e-05
1.64107e-05
8.90386e-05
2.16508e-05
8.95039e-05
2.68133e-05
8.95264e-05
3.18344e-05
8.76436e-05
3.66706e-05
8.49217e-05
4.13213e-05
8.18993e-05
4.58021e-05
7.86229e-05
5.01286e-05
7.50413e-05
5.43116e-05
7.11255e-05
5.83536e-05
6.68589e-05
6.22442e-05
6.22193e-05
6.59543e-05
5.71751e-05
6.94297e-05
5.16885e-05
7.25861e-05
4.5722e-05
7.53062e-05
3.92493e-05
7.74422e-05
3.22681e-05
7.88244e-05
2.48116e-05
7.9283e-05
1.69668e-05
7.86735e-05
8.8579e-06
7.67964e-05
6.53516e-07
-7.30735e-06
7.38537e-05
4.78431e-06
9.75437e-05
1.00916e-05
9.20799e-05
1.50116e-05
8.41186e-05
1.9814e-05
8.47013e-05
2.45734e-05
8.4767e-05
2.92182e-05
8.29988e-05
3.36996e-05
8.04404e-05
3.80105e-05
7.75884e-05
4.2158e-05
7.44755e-05
4.61473e-05
7.1052e-05
4.99784e-05
6.72944e-05
5.3644e-05
6.31933e-05
5.7126e-05
5.87373e-05
6.03918e-05
5.39092e-05
6.33907e-05
4.86896e-05
6.60506e-05
4.30621e-05
6.82784e-05
3.70215e-05
6.99631e-05
3.05833e-05
7.09836e-05
2.37909e-05
7.12238e-05
1.67265e-05
7.05857e-05
9.4958e-06
6.89851e-05
2.254e-06
-4.83691e-06
6.65146e-05
4.42534e-06
9.31184e-05
9.25325e-06
8.72519e-05
1.37276e-05
7.96443e-05
1.81183e-05
8.03106e-05
2.24912e-05
8.03942e-05
2.67695e-05
7.87206e-05
3.09003e-05
7.63096e-05
3.48727e-05
7.36161e-05
3.86878e-05
7.06605e-05
4.23437e-05
6.73961e-05
4.58336e-05
6.38045e-05
4.91442e-05
5.98828e-05
5.22538e-05
5.56277e-05
5.513e-05
5.1033e-05
5.77272e-05
4.60924e-05
5.99856e-05
4.08036e-05
6.18321e-05
3.5175e-05
6.31839e-05
2.92314e-05
6.39549e-05
2.30198e-05
6.40663e-05
1.66149e-05
6.34555e-05
1.01066e-05
6.2084e-05
3.62547e-06
-2.75792e-06
6.0005e-05
4.10766e-06
8.90107e-05
8.48406e-06
8.28755e-05
1.25468e-05
7.55817e-05
1.65502e-05
7.63072e-05
2.0554e-05
7.63905e-05
2.44782e-05
7.47965e-05
2.82675e-05
7.25203e-05
3.19086e-05
6.9975e-05
3.53987e-05
6.71704e-05
3.87316e-05
6.40632e-05
4.18958e-05
6.06401e-05
4.48752e-05
5.69033e-05
4.76471e-05
5.28558e-05
5.0181e-05
4.84991e-05
5.24375e-05
4.38358e-05
5.43679e-05
3.88732e-05
5.59152e-05
3.36276e-05
5.7018e-05
2.81285e-05
5.76155e-05
2.24223e-05
5.76547e-05
1.65757e-05
5.70962e-05
1.0665e-05
5.59219e-05
4.79979e-06
-1.00427e-06
5.41683e-05
3.83368e-06
8.51769e-05
7.77683e-06
7.89325e-05
1.14561e-05
7.19026e-05
1.50966e-05
7.26668e-05
1.87513e-05
7.27358e-05
2.23367e-05
7.12112e-05
2.57971e-05
6.906e-05
2.91184e-05
6.66537e-05
3.22956e-05
6.39932e-05
3.53195e-05
6.10392e-05
3.81766e-05
5.77829e-05
4.08495e-05
5.42304e-05
4.33161e-05
5.03892e-05
4.55492e-05
4.6266e-05
4.75154e-05
4.18696e-05
4.91756e-05
3.72131e-05
5.0486e-05
3.23172e-05
5.14015e-05
2.7213e-05
5.18798e-05
2.1944e-05
5.18868e-05
1.65688e-05
5.14003e-05
1.11515e-05
5.04193e-05
5.78086e-06
4.76587e-07
4.89385e-05
3.60599e-06
8.15709e-05
7.12831e-06
7.54104e-05
1.04429e-05
6.85882e-05
1.37448e-05
6.9365e-05
1.70724e-05
6.94081e-05
2.03364e-05
6.79473e-05
2.34833e-05
6.59131e-05
2.64997e-05
6.36373e-05
2.93792e-05
6.11136e-05
3.21115e-05
5.83068e-05
3.46823e-05
5.5212e-05
3.70743e-05
5.18385e-05
3.92671e-05
4.81964e-05
4.12368e-05
4.42963e-05
4.29561e-05
4.01504e-05
4.43938e-05
3.57753e-05
4.5517e-05
3.11939e-05
4.62934e-05
2.64366e-05
4.66946e-05
2.1543e-05
4.66999e-05
1.65635e-05
4.6299e-05
1.15525e-05
4.54971e-05
6.5828e-06
1.66744e-06
4.43063e-05
3.42269e-06
7.81484e-05
6.54021e-06
7.2293e-05
9.49981e-06
6.56286e-05
1.24836e-05
6.63813e-05
1.55049e-05
6.63868e-05
1.84653e-05
6.49869e-05
2.13152e-05
6.30632e-05
2.4043e-05
6.09094e-05
2.66422e-05
5.85144e-05
2.91023e-05
5.58467e-05
3.14091e-05
5.29052e-05
3.35461e-05
4.97015e-05
3.5495e-05
4.62476e-05
3.72355e-05
4.25558e-05
3.87451e-05
3.86408e-05
3.99997e-05
3.45207e-05
4.09749e-05
3.02187e-05
4.16484e-05
2.57633e-05
4.20019e-05
2.11895e-05
4.20249e-05
1.65407e-05
4.17155e-05
1.1862e-05
4.10846e-05
7.21369e-06
2.60028e-06
4.01517e-05
3.2746e-06
7.48739e-05
6.01411e-06
6.95536e-05
8.6235e-06
6.30193e-05
1.13025e-05
6.37023e-05
1.4033e-05
6.36563e-05
1.67051e-05
6.23148e-05
1.92731e-05
6.04952e-05
2.17277e-05
5.84547e-05
2.40631e-05
5.6179e-05
2.62694e-05
5.36404e-05
2.83327e-05
5.08419e-05
3.02376e-05
4.77966e-05
3.19678e-05
4.45174e-05
3.35057e-05
4.10178e-05
3.4833e-05
3.73135e-05
3.59309e-05
3.34228e-05
3.67816e-05
2.93681e-05
3.73695e-05
2.51755e-05
3.76832e-05
2.08759e-05
3.77182e-05
1.65058e-05
3.74775e-05
1.21028e-05
3.69748e-05
7.71639e-06
3.34248e-06
3.62325e-05
3.14723e-06
7.17267e-05
5.54488e-06
6.71559e-05
7.8079e-06
6.07562e-05
1.01874e-05
6.13228e-05
1.26359e-05
6.12078e-05
1.50299e-05
5.99208e-05
1.73264e-05
5.81986e-05
1.95185e-05
5.62626e-05
2.16021e-05
5.40954e-05
2.35674e-05
5.1675e-05
2.54007e-05
4.90086e-05
2.70877e-05
4.61097e-05
2.86132e-05
4.29919e-05
2.99617e-05
3.96693e-05
3.11176e-05
3.61575e-05
3.20658e-05
3.24746e-05
3.27924e-05
2.86415e-05
3.32858e-05
2.46821e-05
3.35382e-05
2.06236e-05
3.35472e-05
1.64968e-05
3.33168e-05
1.23332e-05
3.28599e-05
8.17325e-06
4.00771e-06
3.21946e-05
3.0246e-06
6.87021e-05
5.12071e-06
6.50598e-05
7.04068e-06
5.88363e-05
9.12033e-06
5.92432e-05
1.12886e-05
5.90396e-05
1.34073e-05
5.78021e-05
1.54358e-05
5.61702e-05
1.73693e-05
5.43291e-05
1.92052e-05
5.22595e-05
2.09332e-05
4.9947e-05
2.25395e-05
4.74023e-05
2.40101e-05
4.46391e-05
2.53305e-05
4.16714e-05
2.64865e-05
3.85134e-05
2.74639e-05
3.518e-05
2.82497e-05
3.16888e-05
2.88321e-05
2.80591e-05
2.92013e-05
2.4313e-05
2.93508e-05
2.04743e-05
2.92789e-05
1.65687e-05
2.89896e-05
1.26225e-05
2.8495e-05
8.66773e-06
4.69121e-06
2.78114e-05
2.89164e-06
6.58105e-05
4.72727e-06
6.32243e-05
6.30717e-06
5.72565e-05
8.08334e-06
5.74671e-05
9.96658e-06
5.71564e-05
1.18058e-05
5.5963e-05
1.35633e-05
5.44128e-05
1.52357e-05
5.26567e-05
1.68208e-05
5.06745e-05
1.83071e-05
4.84606e-05
1.96803e-05
4.6029e-05
2.09266e-05
4.33928e-05
2.2032e-05
4.05661e-05
2.29828e-05
3.75626e-05
2.3766e-05
3.43968e-05
2.437e-05
3.10848e-05
2.47845e-05
2.76447e-05
2.50009e-05
2.40965e-05
2.50144e-05
2.04608e-05
2.48248e-05
1.67584e-05
2.44377e-05
1.30095e-05
2.38683e-05
9.23709e-06
5.425e-06
2.31344e-05
2.7342e-06
6.30763e-05
4.34378e-06
6.16148e-05
5.59296e-06
5.60075e-05
7.06374e-06
5.59964e-05
8.6534e-06
5.55669e-05
1.02059e-05
5.44105e-05
1.16874e-05
5.29313e-05
1.30944e-05
5.12496e-05
1.44236e-05
4.93452e-05
1.56619e-05
4.72223e-05
1.6795e-05
4.48958e-05
1.78095e-05
4.23784e-05
1.8692e-05
3.96837e-05
1.94298e-05
3.68249e-05
2.00116e-05
3.38151e-05
2.04276e-05
3.06689e-05
2.06693e-05
2.7403e-05
2.07308e-05
2.40351e-05
2.06099e-05
2.05817e-05
2.03096e-05
1.70586e-05
1.98398e-05
1.34792e-05
1.92204e-05
9.8564e-06
6.17285e-06
1.84725e-05
2.54287e-06
6.05335e-05
3.95309e-06
6.02047e-05
4.88965e-06
5.50711e-05
6.05997e-06
5.48262e-05
7.35061e-06
5.42763e-05
8.61409e-06
5.3147e-05
9.81951e-06
5.17258e-05
1.09619e-05
5.01071e-05
1.20359e-05
4.82711e-05
1.30268e-05
4.62313e-05
1.39216e-05
4.40011e-05
1.47077e-05
4.15924e-05
1.53731e-05
3.90184e-05
1.59072e-05
3.62908e-05
1.63009e-05
3.34215e-05
1.65468e-05
3.0423e-05
1.66391e-05
2.73107e-05
1.6575e-05
2.40992e-05
1.63553e-05
2.08014e-05
1.59869e-05
1.7427e-05
1.54822e-05
1.39839e-05
1.48644e-05
1.04742e-05
6.88797e-06
1.41493e-05
2.28867e-06
5.82449e-05
3.50276e-06
5.89907e-05
4.16229e-06
5.44116e-05
5.0494e-06
5.39391e-05
6.04286e-06
5.32828e-05
7.02185e-06
5.21679e-05
7.95744e-06
5.07901e-05
8.84237e-06
4.9222e-05
9.66922e-06
4.74442e-05
1.04229e-05
4.54777e-05
1.10927e-05
4.33313e-05
1.16679e-05
4.10173e-05
1.21387e-05
3.85476e-05
1.2497e-05
3.59326e-05
1.27363e-05
3.31823e-05
1.28516e-05
3.03078e-05
1.28392e-05
2.73232e-05
1.26987e-05
2.42397e-05
1.24328e-05
2.10673e-05
1.20492e-05
1.78107e-05
1.15581e-05
1.44749e-05
1.09793e-05
1.10529e-05
7.54849e-06
1.03188e-05
2.07432e-06
5.61706e-05
3.10766e-06
5.79574e-05
3.52329e-06
5.3996e-05
4.16891e-06
5.32935e-05
4.90187e-06
5.25498e-05
5.64259e-06
5.14271e-05
6.34766e-06
5.0085e-05
7.01666e-06
4.8553e-05
7.63659e-06
4.68242e-05
8.19448e-06
4.49198e-05
8.68216e-06
4.28437e-05
9.09045e-06
4.06091e-05
9.41177e-06
3.82263e-05
9.63989e-06
3.57045e-05
9.76945e-06
3.30528e-05
9.79597e-06
3.02814e-05
9.71592e-06
2.74033e-05
9.52817e-06
2.44275e-05
9.23352e-06
2.1362e-05
8.83447e-06
1.82097e-05
8.33421e-06
1.49751e-05
7.74019e-06
1.16469e-05
8.23536e-06
7.05318e-06
1.51148e-06
2.16746e-06
2.38444e-06
2.71208e-06
3.09051e-06
3.49618e-06
3.87589e-06
4.24172e-06
4.57219e-06
4.86262e-06
5.10578e-06
5.29619e-06
5.42916e-06
5.49999e-06
5.504e-06
5.43699e-06
5.29653e-06
5.08084e-06
4.79075e-06
4.42746e-06
3.99618e-06
3.50697e-06
2.97767e-06
2.14139e-05
-3.67088e-06
2.52792e-05
-3.86539e-06
2.86131e-05
-3.33382e-06
-1.5496e-06
3.01627e-05
2.90318e-05
-9.2214e-06
3.5005e-05
-9.83854e-06
4.00586e-05
-8.38746e-06
7.49083e-07
3.77599e-05
6.37531e-05
-2.22311e-05
7.03056e-05
-1.6391e-05
5.81322e-05
3.78592e-06
4.66577e-05
1.22236e-05
-3.67435e-05
-4.79588e-05
-3.69746e-05
-1.61601e-05
-7.08398e-05
3.76508e-05
8.1821e-05
-0.000106003
-0.000170979
-6.68614e-05
-0.000149027
-3.81115e-05
-0.000123401
1.20243e-05
6.08383e-05
-0.000102418
-0.000179525
-7.50427e-05
-0.0001519
-6.5737e-05
-9.60094e-05
-4.38661e-05
9.6264e-07
-3.61336e-05
-0.000168295
-6.93042e-05
-0.000168031
-6.60003e-05
-0.0001535
-5.83972e-05
-4.53495e-05
-0.000107188
-0.000149833
-5.71778e-05
-0.000160934
-5.48989e-05
-0.000167349
-5.19827e-05
-4.69423e-05
-0.000165756
-0.00017621
-5.28225e-05
-0.000175114
-5.59954e-05
-0.000175109
-5.19877e-05
-4.42779e-05
-0.000177773
-0.000326215
-9.41557e-05
-0.000280058
-0.000102152
-0.000244172
-8.78739e-05
-7.19676e-05
-0.000216482
-0.00040102
-0.000113338
-0.000377965
-0.000125208
-0.000343529
-0.000122311
-0.000107166
-0.000308331
-0.000458583
-0.000105035
-0.000463623
-0.000120168
-0.000455906
-0.000130028
-0.000129841
-0.000433231
-0.000376141
-9.49253e-05
-0.0003882
-0.000108108
-0.000399082
-0.000119146
-0.000125828
-0.000403095
-0.000235749
-8.65124e-05
-0.000245478
-9.83794e-05
-0.000254885
-0.000109739
-0.000119022
-0.000261691
-0.000106304
-7.0166e-05
-0.000120918
-8.37647e-05
-0.000133941
-9.67164e-05
-0.000109605
-0.000143358
-5.93825e-07
-5.1871e-05
-1.75854e-05
-6.67732e-05
-3.11006e-05
-8.32011e-05
-9.82229e-05
-4.24827e-05
5.95739e-05
-4.95097e-05
5.67759e-05
-6.39751e-05
5.22727e-05
-7.86979e-05
-9.12331e-05
4.52829e-05
0.000135248
-4.91848e-05
0.000133748
-6.2475e-05
0.000128786
-7.37353e-05
-8.27639e-05
0.000120316
0.000197975
-4.31787e-05
0.000188537
-5.30366e-05
0.000176054
-6.12518e-05
-6.75034e-05
0.000160793
0.000196464
-3.46246e-05
0.000184801
-4.13737e-05
0.000170494
-4.69444e-05
-5.1344e-05
0.000154334
0.00015984
-2.71859e-05
0.00015038
-3.19132e-05
0.000139279
-3.58442e-05
-3.90448e-05
0.00012698
0.000130143
-2.10835e-05
0.000122863
-2.4634e-05
0.000114666
-2.76468e-05
-3.02208e-05
0.000105842
0.000111754
-1.63898e-05
0.000106401
-1.92808e-05
0.000100568
-2.18141e-05
-2.40558e-05
9.44031e-05
9.95674e-05
-1.28609e-05
9.55654e-05
-1.52787e-05
9.11985e-05
-1.74472e-05
-1.94092e-05
8.65519e-05
8.92082e-05
-1.01083e-05
8.61015e-05
-1.21721e-05
8.27129e-05
-1.40586e-05
-1.57985e-05
7.91022e-05
8.00745e-05
-7.91192e-06
7.76142e-05
-9.71179e-06
7.49346e-05
-1.1379e-05
-1.2936e-05
7.2072e-05
7.20762e-05
-6.13445e-06
7.00926e-05
-7.72825e-06
6.79348e-05
-9.22113e-06
-1.06267e-05
6.56255e-05
6.50498e-05
-4.66963e-06
6.34219e-05
-6.10038e-06
6.16503e-05
-7.44955e-06
-8.72694e-06
5.97505e-05
5.87831e-05
-3.44781e-06
5.74284e-05
-4.74559e-06
5.59533e-05
-5.97447e-06
-7.14193e-06
5.43682e-05
5.31487e-05
-2.42823e-06
5.20165e-05
-3.61333e-06
5.0784e-05
-4.74197e-06
-5.81614e-06
4.94582e-05
4.80976e-05
-1.5874e-06
4.71639e-05
-2.67968e-06
4.61469e-05
-3.72497e-06
-4.72494e-06
4.50557e-05
4.36248e-05
-9.06015e-07
4.28713e-05
-1.92617e-06
4.20528e-05
-2.90658e-06
-3.84993e-06
4.11778e-05
3.96121e-05
-3.66491e-07
3.90148e-05
-1.32887e-06
3.83693e-05
-2.26121e-06
-3.16172e-06
3.76811e-05
3.57913e-05
7.46183e-08
3.53097e-05
-8.47311e-07
3.47845e-05
-1.7361e-06
-2.6018e-06
3.42246e-05
3.18063e-05
4.62833e-07
3.13745e-05
-4.15605e-07
3.09048e-05
-1.26643e-06
-2.09475e-06
3.03977e-05
2.74224e-05
8.51708e-07
2.69918e-05
1.49768e-08
2.6526e-05
-8.00697e-07
-1.59405e-06
2.60253e-05
2.27302e-05
1.25589e-06
2.22885e-05
4.56662e-07
2.18205e-05
-3.3278e-07
-1.10061e-06
2.13271e-05
1.80727e-05
1.65567e-06
1.76462e-05
8.83208e-07
1.71999e-05
1.13497e-07
-6.60348e-07
1.67596e-05
1.37745e-05
2.03049e-06
1.33859e-05
1.27174e-06
1.2999e-05
5.00374e-07
-3.01631e-07
1.26402e-05
9.97765e-06
2.37149e-06
9.63825e-06
1.61106e-06
9.31655e-06
8.21987e-07
2.83118e-09
9.01199e-06
6.70482e-06
2.71973e-06
6.36822e-06
1.94757e-06
6.04946e-06
1.14064e-06
3.01563e-07
5.75062e-06
2.73586e-06
2.51355e-06
2.31344e-06
2.14449e-06
6.00811e-05
1.58187e-05
7.94284e-05
-2.04817e-06
5.27633e-05
1.99699e-06
1.12344e-06
4.27706e-05
-6.12382e-05
9.33887e-05
-0.000153944
0.00023895
-0.000213587
0.000376376
-0.000177552
0.000228687
-0.000207092
3.51027e-05
-0.0002644
-6.02945e-05
-0.000328112
-7.34305e-05
-0.000342646
-8.86945e-05
-0.000318681
-0.000120415
-0.000288363
-0.000122418
-0.000267746
-0.000106611
-0.000249381
-0.000113959
-0.000214219
-0.000128127
-0.000119366
-0.000114421
-7.2509e-05
8.36461e-06
4.52141e-05
-3.5934e-05
4.22504e-05
-6.29772e-05
2.90402e-05
-6.87823e-05
4.85757e-05
-0.000103103
0.000127709
-0.000162673
0.00029852
-0.000188203
0.000401906
-0.000166055
0.000206539
-0.000277265
0.000146312
-0.000361045
2.34856e-05
-0.000352079
-8.23967e-05
-0.000313155
-0.000127618
-0.000265665
-0.000167905
-0.000226751
-0.000161332
-0.000195509
-0.000137853
-0.00016162
-0.000147848
-0.000113561
-0.000176186
-4.83408e-05
-0.000179642
-0.00012085
-0.000113745
0.000171182
-0.000150489
7.89946e-05
-0.000100565
-2.08837e-05
-8.24859e-05
3.04967e-05
-0.000102296
0.000147519
-0.000132972
0.000329196
-0.000152388
0.000421322
-0.000147395
0.000201546
-0.000218361
0.000217278
-0.000287636
9.27602e-05
-0.000309595
-6.0437e-05
-0.000260267
-0.000176947
-0.000215516
-0.000212655
-0.000173557
-0.000203292
-0.000133785
-0.000177625
-9.83009e-05
-0.000183332
-5.52448e-05
-0.000219242
-1.14935e-05
-0.000223393
-0.000132343
-0.000150547
0.000215726
-0.000147829
7.62766e-05
-0.000104318
-6.43942e-05
-7.59188e-05
2.09735e-06
-6.33852e-05
0.000134985
-5.22874e-05
0.000318099
-8.66877e-05
0.000455722
-0.000138592
0.00025345
-0.000180192
0.000258878
-0.000211463
0.000124031
-0.00022772
-4.41797e-05
-0.000238225
-0.000166442
-0.000233351
-0.000217529
-0.000199653
-0.00023699
-0.000156426
-0.000220851
-0.000115111
-0.000224648
-6.466e-05
-0.000269693
-1.25836e-05
-0.000275469
-0.000144927
-9.6792e-05
0.0002101
-0.000110057
8.9542e-05
-9.69278e-05
-7.75238e-05
-6.8224e-05
-2.66065e-05
-3.28444e-05
9.96059e-05
-2.39079e-06
0.000287645
-3.55196e-05
0.000488851
-0.000131531
0.000349462
-0.000168818
0.000296164
-0.000172201
0.000127414
-0.00017598
-4.04006e-05
-0.000243856
-9.85668e-05
-0.000328501
-0.000132884
-0.000357895
-0.000207596
-0.000320633
-0.000258113
-0.00022269
-0.000322591
-0.00011041
-0.000381972
-3.20782e-05
-0.000353801
-0.000177005
4.26175e-05
0.000131349
-1.48077e-05
0.000146967
-7.03911e-05
-2.19403e-05
-6.16572e-05
-3.53405e-05
-2.86619e-05
6.66106e-05
-6.53572e-07
0.000259637
-2.44069e-05
0.000512604
-0.000105752
0.000430808
-0.000139548
0.00032996
-0.000125182
0.000113048
-8.2801e-05
-8.2782e-05
-0.000116801
-6.4567e-05
-0.000177123
-7.25619e-05
-0.000253834
-0.000130886
-0.000275296
-0.000236651
-0.000226594
-0.000371292
-0.000133622
-0.000474945
-5.51751e-05
-0.000432249
-0.00023218
4.59556e-05
-2.17943e-05
4.12244e-05
0.000151699
-5.67716e-05
7.60557e-05
-6.41891e-05
-2.7923e-05
-4.16101e-05
4.40316e-05
-9.65584e-06
0.000227682
-1.58492e-05
0.000518798
-4.28102e-05
0.000457769
-7.18873e-05
0.000359037
-7.55012e-05
0.000116662
-3.3121e-05
-0.000125162
-8.40408e-06
-8.92838e-05
-1.02084e-05
-7.07577e-05
-5.96881e-05
-8.14056e-05
-0.000144695
-0.000151643
-0.000184368
-0.00033162
-0.000170173
-0.00048914
-7.81622e-05
-0.00052426
-0.000310342
-0.000126806
-6.07443e-05
-1.65836e-05
4.14764e-05
-5.25557e-05
0.000112028
-7.80903e-05
-2.38833e-06
-5.47366e-05
2.06779e-05
-8.50883e-06
0.000181455
1.02609e-05
0.000500028
4.30661e-05
0.000424964
4.52121e-05
0.000356891
9.13756e-06
0.000152736
-2.78863e-06
-0.000113236
5.40259e-05
-0.000146099
7.05726e-05
-8.73044e-05
5.29497e-05
-6.37825e-05
-4.92621e-06
-9.37672e-05
-8.54112e-05
-0.000251135
-0.000158215
-0.000416336
-0.000119181
-0.000563294
-0.000429523
-0.000169759
-6.87587e-05
-0.000113644
-1.46388e-05
-2.28284e-05
2.12125e-05
-4.47518e-05
1.95351e-05
-5.69724e-05
3.28985e-05
-5.74511e-06
0.000130227
0.000156152
0.000338131
0.000239502
0.000341614
0.000273256
0.000323138
0.000213812
0.000212181
9.75013e-05
3.07418e-06
9.51932e-05
-0.00014379
0.000106718
-9.88296e-05
9.9985e-05
-5.70491e-05
7.79245e-05
-7.17067e-05
3.71903e-05
-0.000210401
-3.86432e-05
-0.000340503
-5.59382e-05
-0.000545999
-0.000485461
-0.000190206
-9.50342e-05
-0.000170767
-3.40779e-05
-0.000122812
-2.67425e-05
-9.47225e-05
-8.55476e-06
-8.5511e-05
2.3687e-05
-3.93938e-05
8.41102e-05
0.000115826
0.000182911
0.000269736
0.000187704
0.000368979
0.000223895
0.000346805
0.000234354
0.000260721
8.91583e-05
0.00018657
-6.964e-05
0.000144041
-5.63006e-05
0.000111342
-2.43504e-05
9.45459e-05
-5.49102e-05
7.78401e-05
-0.000193695
2.08476e-05
-0.00028351
-2.78712e-05
-0.000497281
-0.000513332
-0.000229674
-0.000173692
-0.000182191
-8.15601e-05
-0.000139
-6.99338e-05
-0.000117161
-3.03935e-05
-9.92037e-05
5.72934e-06
-6.27999e-05
4.77064e-05
2.22657e-05
9.78452e-05
0.000108201
0.000101768
0.000205751
0.000126346
0.000294627
0.000145479
0.000280966
0.000102819
0.000166111
4.52141e-05
9.32065e-05
1.66042e-05
6.21728e-05
6.68326e-06
7.21185e-05
-6.48561e-05
8.22784e-05
-0.000203855
6.58883e-05
-0.00026712
-1.05423e-05
-0.00042085
-0.000523875
-0.00034625
-0.000260672
-0.000235728
-0.000192082
-0.00018191
-0.000123752
-0.000141703
-7.06002e-05
-0.000102818
-3.31562e-05
-7.55251e-05
2.04137e-05
-3.05441e-05
5.28643e-05
6.77358e-06
6.44503e-05
5.10804e-05
8.20388e-05
9.42373e-05
0.000102322
0.000103928
9.31292e-05
9.12145e-05
5.79272e-05
7.68712e-05
3.09475e-05
7.99059e-05
3.64857e-06
0.000102632
-8.75819e-05
0.000101384
-0.000202608
8.61262e-05
-0.000251862
7.7175e-06
-0.000342441
-0.000516157
-0.000373511
-0.000290256
-0.000309342
-0.000256251
-0.000235345
-0.000197749
-0.000171311
-0.000134634
-0.000145075
-5.93919e-05
-9.27463e-05
-3.19152e-05
-5.55675e-05
1.56854e-05
-2.81698e-05
3.70527e-05
-2.67949e-06
5.65485e-05
2.37099e-05
7.59323e-05
5.43902e-05
6.2449e-05
9.79279e-05
1.43895e-05
0.000149958
-2.10826e-05
0.000152481
1.12532e-06
0.00013604
-7.11406e-05
0.000111891
-0.000178459
7.51986e-05
-0.000215169
1.20657e-05
-0.000279309
-0.000504092
-0.000263
-0.000288948
-0.00025428
-0.000264971
-0.000237704
-0.000214325
-0.000208585
-0.000163754
-0.000148491
-0.000119486
-0.000109457
-7.09493e-05
-7.43625e-05
-1.94089e-05
-3.9913e-05
2.60317e-06
-1.38326e-05
3.0468e-05
1.59814e-05
4.61183e-05
5.78279e-05
2.06025e-05
6.77238e-05
4.49361e-06
8.27782e-05
-3.6137e-05
0.000114861
-3.09575e-05
0.000119698
-7.59774e-05
9.91981e-05
-0.000157959
5.76471e-05
-0.000173618
9.19918e-06
-0.000230861
-0.000494892
-0.000148295
-0.000284011
-0.00014419
-0.000269076
-0.000140435
-0.00021808
-0.000146354
-0.000157835
-0.000157476
-0.000108364
-0.00015626
-7.21658e-05
-0.000127611
-4.80573e-05
-9.13238e-05
-3.36843e-05
-5.51048e-05
-5.75094e-06
-2.56625e-05
1.6676e-05
-2.02296e-06
-3.03699e-06
2.22527e-05
-1.9782e-05
3.88478e-05
-5.2732e-05
7.70561e-05
-6.91659e-05
0.00010102
-9.99413e-05
7.62023e-05
-0.000133141
4.13771e-05
-0.000138793
7.99035e-06
-0.000197474
-0.000486902
-5.88129e-05
-0.00026768
-6.60325e-05
-0.000261857
-6.52163e-05
-0.000218896
-5.83504e-05
-0.000164701
-5.17851e-05
-0.00011493
-5.07513e-05
-7.31996e-05
-5.26926e-05
-4.61161e-05
-5.25142e-05
-3.38627e-05
-3.58617e-05
-2.24034e-05
-2.92647e-06
-1.62591e-05
2.4489e-05
-3.04524e-05
5.20074e-05
-4.73003e-05
6.43319e-05
-6.50563e-05
7.46827e-05
-7.95167e-05
7.37734e-05
-9.9032e-05
5.09419e-05
-0.000110309
2.914e-05
-0.000116991
7.73697e-06
-0.000176071
-0.000479165
2.21481e-05
-0.000244546
2.02538e-06
-0.000241734
-1.30678e-05
-0.000203803
-2.1024e-05
-0.000156745
-2.14167e-05
-0.000114537
-1.39264e-05
-8.06899e-05
-3.55506e-06
-5.64875e-05
4.90719e-06
-4.23249e-05
1.71632e-05
-3.46595e-05
3.48957e-05
-3.39916e-05
4.74048e-05
-4.29615e-05
5.49862e-05
-5.48817e-05
5.76003e-05
-6.76703e-05
5.78127e-05
-7.97291e-05
5.29185e-05
-9.41377e-05
3.36293e-05
-9.102e-05
2.17952e-05
-0.000105157
7.43607e-06
-0.000161711
-0.000471729
8.7616e-05
-0.000211845
5.28403e-05
-0.000206958
2.62054e-05
-0.000177168
9.60772e-06
-0.000140148
1.53601e-06
-0.000106465
6.27619e-07
-7.97815e-05
5.04509e-06
-6.09049e-05
1.24171e-05
-4.9697e-05
2.18818e-05
-4.41241e-05
3.223e-05
-4.43398e-05
3.97047e-05
-5.04363e-05
4.45404e-05
-5.97174e-05
4.71201e-05
-7.02499e-05
4.6712e-05
-7.93209e-05
3.99952e-05
-8.74208e-05
2.16999e-05
-7.27246e-05
1.7476e-05
-0.000100933
7.49246e-06
-0.000151728
-0.000464237
0.000118771
-0.000169823
7.7703e-05
-0.00016589
4.61241e-05
-0.000145589
2.57759e-05
-0.000119799
1.56146e-05
-9.6304e-05
1.28031e-05
-7.69701e-05
1.44553e-05
-6.25571e-05
1.85508e-05
-5.37925e-05
2.46548e-05
-5.02281e-05
3.1808e-05
-5.1493e-05
3.82023e-05
-5.68305e-05
4.28177e-05
-6.43328e-05
4.45861e-05
-7.20182e-05
4.22287e-05
-7.69634e-05
3.21741e-05
-7.73661e-05
1.40486e-05
-5.45991e-05
1.4882e-05
-0.000101767
7.87413e-06
-0.00014472
-0.000456362
0.000113581
-0.000129069
7.68841e-05
-0.000129194
4.9684e-05
-0.000118389
3.24538e-05
-0.000102569
2.34222e-05
-8.72723e-05
2.06631e-05
-7.4211e-05
2.20687e-05
-6.39628e-05
2.58338e-05
-5.75577e-05
3.10873e-05
-5.54817e-05
3.70437e-05
-5.74494e-05
4.2543e-05
-6.23297e-05
4.62653e-05
-6.80551e-05
4.63749e-05
-7.21277e-05
4.16717e-05
-7.22602e-05
2.86168e-05
-6.43111e-05
1.09286e-05
-3.69108e-05
1.17002e-05
-0.000102538
8.43193e-06
-0.000141452
-0.00044793
9.64783e-05
-9.85676e-05
6.91689e-05
-0.000101885
4.87575e-05
-9.79779e-05
3.61236e-05
-8.99355e-05
2.96764e-05
-8.08252e-05
2.76149e-05
-7.21495e-05
2.86773e-05
-6.50253e-05
3.18933e-05
-6.07736e-05
3.6618e-05
-6.02063e-05
4.2297e-05
-6.31285e-05
4.7801e-05
-6.78337e-05
5.12336e-05
-7.14877e-05
5.02574e-05
-7.11513e-05
4.37972e-05
-6.57999e-05
2.98835e-05
-5.03973e-05
1.27564e-05
-1.97834e-05
8.98873e-06
-9.87703e-05
9.23862e-06
-0.000141701
-0.000438692
8.50272e-05
-7.77529e-05
6.61176e-05
-8.2975e-05
5.13122e-05
-8.31726e-05
4.13463e-05
-7.99695e-05
3.56653e-05
-7.51442e-05
3.33556e-05
-6.98398e-05
3.36921e-05
-6.53619e-05
3.61884e-05
-6.327e-05
4.07382e-05
-6.4756e-05
4.70747e-05
-6.94652e-05
5.3531e-05
-7.429e-05
5.72026e-05
-7.51593e-05
5.54395e-05
-6.93881e-05
4.74989e-05
-5.78591e-05
3.42289e-05
-3.71271e-05
1.81121e-05
-3.66645e-06
7.89786e-06
-8.8556e-05
1.05007e-05
-0.000144304
-0.000428191
7.96578e-05
-6.30076e-05
6.58082e-05
-6.91254e-05
5.42618e-05
-7.16262e-05
4.56641e-05
-7.13719e-05
3.99557e-05
-6.94357e-05
3.69405e-05
-6.68246e-05
3.64166e-05
-6.4838e-05
3.84378e-05
-6.52912e-05
4.35702e-05
-6.98885e-05
5.14376e-05
-7.73326e-05
5.91545e-05
-8.20068e-05
6.27633e-05
-7.87681e-05
5.97639e-05
-6.63885e-05
5.01793e-05
-4.82744e-05
3.73434e-05
-2.42912e-05
2.27758e-05
1.09012e-05
8.7722e-06
-7.45524e-05
1.20964e-05
-0.000147629
-0.000416095
7.52524e-05
-5.17082e-05
6.42428e-05
-5.81157e-05
5.45911e-05
-6.19745e-05
4.69283e-05
-6.37091e-05
4.14288e-05
-6.39362e-05
3.81119e-05
-6.35077e-05
3.70561e-05
-6.37822e-05
3.90605e-05
-6.72956e-05
4.53284e-05
-7.61564e-05
5.46923e-05
-8.66965e-05
6.27613e-05
-9.00758e-05
6.51147e-05
-8.11214e-05
6.00149e-05
-6.12887e-05
4.85474e-05
-3.68069e-05
3.51611e-05
-1.0905e-05
2.13974e-05
2.46648e-05
1.07372e-05
-6.38923e-05
1.3248e-05
-0.000150139
-0.000402847
7.01758e-05
-4.27817e-05
6.12996e-05
-4.92395e-05
5.32235e-05
-5.38983e-05
4.64208e-05
-5.69064e-05
4.1146e-05
-5.86614e-05
3.75491e-05
-5.99107e-05
3.60603e-05
-6.22933e-05
3.82688e-05
-6.95042e-05
4.53945e-05
-8.32821e-05
5.49332e-05
-9.62354e-05
6.15006e-05
-9.66432e-05
6.11601e-05
-8.0781e-05
5.3317e-05
-5.34457e-05
4.0042e-05
-2.35319e-05
2.5723e-05
3.41405e-06
1.45718e-05
3.58159e-05
9.94364e-06
-5.92642e-05
1.16776e-05
-0.000151873
-0.000391169
6.4923e-05
-3.56326e-05
5.76715e-05
-4.1988e-05
5.08243e-05
-4.70511e-05
4.47245e-05
-5.08066e-05
3.96234e-05
-5.35602e-05
3.57111e-05
-5.59985e-05
3.38186e-05
-6.04009e-05
3.59252e-05
-7.16108e-05
4.24536e-05
-8.98106e-05
4.98482e-05
-0.00010363
5.29015e-05
-9.96964e-05
4.89938e-05
-7.68733e-05
3.85454e-05
-4.29974e-05
2.42091e-05
-9.19563e-06
8.12179e-06
1.95013e-05
5.45393e-06
3.84838e-05
3.46949e-06
-5.72797e-05
4.49964e-06
-0.000152903
-0.000386669
5.98119e-05
-2.9819e-05
5.37901e-05
-3.59662e-05
4.78734e-05
-4.11343e-05
4.23101e-05
-4.52433e-05
3.73025e-05
-4.85526e-05
3.30865e-05
-5.17825e-05
3.07081e-05
-5.80225e-05
3.16652e-05
-7.25678e-05
3.53086e-05
-9.3454e-05
3.8145e-05
-0.000106466
3.63104e-05
-9.78618e-05
2.89525e-05
-6.95154e-05
1.71154e-05
-3.11603e-05
2.20426e-06
5.71547e-06
-1.37515e-05
3.54571e-05
-3.90815e-06
2.86406e-05
-4.28111e-06
-5.69066e-05
1.27107e-05
-0.000169895
-0.000373958
5.49336e-05
-2.5002e-05
4.98307e-05
-3.08633e-05
4.46385e-05
-3.5942e-05
3.95559e-05
-4.01608e-05
3.47111e-05
-4.37078e-05
3.03482e-05
-4.74195e-05
2.71937e-05
-5.48678e-05
2.55199e-05
-7.08939e-05
2.41284e-05
-9.20624e-05
2.07869e-05
-0.000103125
1.36381e-05
-9.07129e-05
3.88556e-06
-5.97629e-05
-8.30429e-06
-1.89705e-05
-2.40575e-05
2.14687e-05
-3.23362e-05
4.37358e-05
-1.11568e-05
7.46135e-06
-1.08224e-05
-5.72408e-05
1.62348e-05
-0.000196952
-0.000357724
5.03251e-05
-2.09589e-05
4.5965e-05
-2.65032e-05
4.14351e-05
-3.1412e-05
3.69067e-05
-3.56324e-05
3.24547e-05
-3.92556e-05
2.81977e-05
-4.31624e-05
2.39886e-05
-5.06586e-05
1.87656e-05
-6.56708e-05
1.13493e-05
-8.4646e-05
1.03935e-06
-9.28147e-05
-1.03281e-05
-7.93454e-05
-2.0471e-05
-4.962e-05
-2.87881e-05
-1.06533e-05
-3.34637e-05
2.61444e-05
-2.61125e-05
3.63845e-05
-6.96251e-06
-1.16885e-05
-8.86963e-06
-5.53336e-05
1.19926e-05
-0.000217814
-0.000345731
4.60719e-05
-1.75726e-05
4.23914e-05
-2.28226e-05
3.85618e-05
-2.75824e-05
3.474e-05
-3.18105e-05
3.09826e-05
-3.54981e-05
2.71368e-05
-3.93166e-05
2.21129e-05
-4.56347e-05
1.39583e-05
-5.75162e-05
1.68668e-06
-7.23744e-05
-1.33608e-05
-7.77672e-05
-2.76544e-05
-6.50519e-05
-3.64221e-05
-4.08523e-05
-3.5918e-05
-1.11574e-05
-2.34668e-05
1.36931e-05
-8.12525e-08
1.2999e-05
1.34383e-05
-2.5208e-05
1.05773e-05
-5.24726e-05
1.28322e-05
-0.000220069
-0.000332899
4.22791e-05
-1.47961e-05
3.92799e-05
-1.98234e-05
3.62031e-05
-2.45056e-05
3.31989e-05
-2.88063e-05
3.03167e-05
-3.26159e-05
2.71841e-05
-3.6184e-05
2.22879e-05
-4.07386e-05
1.33955e-05
-4.86238e-05
-4.71822e-07
-5.85071e-05
-1.69066e-05
-6.13325e-05
-3.0976e-05
-5.09825e-05
-3.70371e-05
-3.47912e-05
-2.75237e-05
-2.06709e-05
-1.73503e-06
-1.20955e-05
2.82353e-05
-1.69713e-05
4.27071e-05
-3.96799e-05
4.12121e-05
-5.09778e-05
2.31061e-05
-0.000201963
-0.000309793
3.89761e-05
-1.25944e-05
3.66343e-05
-1.74817e-05
3.42825e-05
-2.21537e-05
3.20388e-05
-2.65626e-05
2.99468e-05
-3.0524e-05
2.76743e-05
-3.39116e-05
2.39803e-05
-3.70445e-05
1.70314e-05
-4.1675e-05
5.98848e-06
-4.74641e-05
-6.85168e-06
-4.84923e-05
-1.59892e-05
-4.18449e-05
-1.72114e-05
-3.35689e-05
-5.79511e-06
-3.20872e-05
1.94326e-05
-3.73233e-05
4.66581e-05
-4.41969e-05
6.17588e-05
-5.47807e-05
6.668e-05
-5.5899e-05
3.75123e-05
-0.000172796
-0.00027228
3.59629e-05
-1.08763e-05
3.41573e-05
-1.56761e-05
3.23655e-05
-2.03619e-05
3.06396e-05
-2.48367e-05
2.90391e-05
-2.89237e-05
2.74546e-05
-3.23272e-05
2.52933e-05
-3.48833e-05
2.16111e-05
-3.79929e-05
1.58707e-05
-4.17238e-05
9.36931e-06
-4.1991e-05
6.08665e-06
-3.85623e-05
9.89915e-06
-3.73814e-05
1.99359e-05
-4.2124e-05
3.45499e-05
-5.19373e-05
5.09832e-05
-6.06302e-05
6.55827e-05
-6.93802e-05
7.5689e-05
-6.60052e-05
4.66916e-05
-0.000143798
-0.000225589
3.28119e-05
-9.46364e-06
3.13338e-05
-1.4198e-05
2.98492e-05
-1.88774e-05
2.83482e-05
-2.33357e-05
2.69205e-05
-2.7496e-05
2.5613e-05
-3.10197e-05
2.44176e-05
-3.3688e-05
2.33067e-05
-3.68821e-05
2.19854e-05
-4.04026e-05
2.09545e-05
-4.09602e-05
2.18787e-05
-3.94865e-05
2.62555e-05
-4.17582e-05
3.34506e-05
-4.93191e-05
4.08799e-05
-5.93666e-05
4.83771e-05
-6.81272e-05
5.79103e-05
-7.89134e-05
6.74317e-05
-7.55264e-05
4.62e-05
-0.000122566
-0.000179389
2.91087e-05
-8.17466e-06
2.77687e-05
-1.28582e-05
2.63972e-05
-1.7506e-05
2.49611e-05
-2.18997e-05
2.35575e-05
-2.60925e-05
2.22145e-05
-2.96769e-05
2.12448e-05
-3.27183e-05
2.10904e-05
-3.67278e-05
2.14812e-05
-4.07934e-05
2.27448e-05
-4.22239e-05
2.56699e-05
-4.24116e-05
2.97866e-05
-4.58749e-05
3.39117e-05
-5.34441e-05
3.74666e-05
-6.29214e-05
4.03524e-05
-7.1013e-05
4.47345e-05
-8.32953e-05
5.13497e-05
-8.21414e-05
3.73773e-05
-0.000108594
-0.000142011
2.47773e-05
-6.9267e-06
2.35265e-05
-1.16075e-05
2.22412e-05
-1.62207e-05
2.0905e-05
-2.05636e-05
1.95807e-05
-2.47684e-05
1.82463e-05
-2.83425e-05
1.73256e-05
-3.17977e-05
1.71818e-05
-3.65841e-05
1.74917e-05
-4.11034e-05
1.87971e-05
-4.35292e-05
2.18508e-05
-4.54653e-05
2.58163e-05
-4.98404e-05
2.88515e-05
-5.64793e-05
3.0892e-05
-6.49619e-05
3.16353e-05
-7.17562e-05
3.23296e-05
-8.39895e-05
3.54692e-05
-8.52809e-05
2.61311e-05
-9.92557e-05
-0.00011588
2.01818e-05
-5.78147e-06
1.90896e-05
-1.05153e-05
1.79755e-05
-1.51067e-05
1.68469e-05
-1.9435e-05
1.57595e-05
-2.3681e-05
1.47682e-05
-2.73513e-05
1.42502e-05
-3.12798e-05
1.42378e-05
-3.65718e-05
1.45057e-05
-4.13712e-05
1.57341e-05
-4.47577e-05
1.83398e-05
-4.8071e-05
2.14318e-05
-5.29324e-05
2.35176e-05
-5.8565e-05
2.46592e-05
-6.61035e-05
2.4473e-05
-7.15699e-05
2.29784e-05
-8.24948e-05
2.29375e-05
-8.52398e-05
1.61191e-05
-9.24372e-05
-9.97609e-05
1.58107e-05
-4.83258e-06
1.49284e-05
-9.63305e-06
1.40418e-05
-1.42203e-05
1.31883e-05
-1.85815e-05
1.25015e-05
-2.29943e-05
1.21764e-05
-2.70263e-05
1.23808e-05
-3.14842e-05
1.28154e-05
-3.70065e-05
1.33954e-05
-4.19513e-05
1.45647e-05
-4.5927e-05
1.62999e-05
-4.98063e-05
1.79272e-05
-5.45597e-05
1.88608e-05
-5.94986e-05
1.90644e-05
-6.63071e-05
1.8419e-05
-7.09244e-05
1.58756e-05
-7.99512e-05
1.36569e-05
-8.30211e-05
8.62405e-06
-8.74042e-05
-9.11368e-05
1.19046e-05
-4.09706e-06
1.11956e-05
-8.92413e-06
1.05481e-05
-1.35729e-05
1.00578e-05
-1.80914e-05
9.89116e-06
-2.28278e-05
1.02381e-05
-2.73733e-05
1.09733e-05
-3.22195e-05
1.15666e-05
-3.75998e-05
1.20231e-05
-4.24079e-05
1.26076e-05
-4.65114e-05
1.33101e-05
-5.05088e-05
1.38471e-05
-5.50967e-05
1.41662e-05
-5.98177e-05
1.3788e-05
-6.59289e-05
1.30126e-05
-7.01489e-05
1.03461e-05
-7.72847e-05
7.55796e-06
-8.02329e-05
4.1999e-06
-8.40461e-05
-8.69369e-05
8.38285e-06
-3.468e-06
7.82135e-06
-8.36279e-06
7.48639e-06
-1.32381e-05
7.46112e-06
-1.80662e-05
7.7369e-06
-2.31037e-05
8.31808e-06
-2.79545e-05
8.94026e-06
-3.28417e-05
9.17251e-06
-3.78321e-05
9.14384e-06
-4.23792e-05
9.1555e-06
-4.65231e-05
9.34182e-06
-5.06951e-05
9.51506e-06
-5.527e-05
9.6465e-06
-5.99491e-05
9.09681e-06
-6.53792e-05
8.4476e-06
-6.94997e-05
6.44639e-06
-7.52835e-05
4.43693e-06
-7.82233e-05
2.42678e-06
-8.20358e-05
-8.45101e-05
5.13399e-06
-2.85147e-06
4.77661e-06
-8.00554e-06
4.78663e-06
-1.32482e-05
5.0495e-06
-1.83292e-05
5.35521e-06
-2.34095e-05
5.62946e-06
-2.82288e-05
5.76157e-06
-3.29738e-05
5.63255e-06
-3.77032e-05
5.41538e-06
-4.2162e-05
5.34015e-06
-4.64479e-05
5.44592e-06
-5.08009e-05
5.53481e-06
-5.53589e-05
5.58122e-06
-5.99955e-05
5.17229e-06
-6.49702e-05
4.84948e-06
-6.91768e-05
3.77922e-06
-7.42132e-05
2.85e-06
-7.72941e-05
1.6832e-06
-8.0869e-05
-8.28269e-05
1.86572e-06
1.81469e-06
1.90369e-06
2.00229e-06
2.01291e-06
1.98329e-06
1.92238e-06
1.82345e-06
1.75479e-06
1.76e-06
1.80914e-06
1.83911e-06
1.85645e-06
1.72969e-06
1.69356e-06
1.34835e-06
1.15992e-06
6.80447e-07
)
;

boundaryField
{
    leftWall
    {
        type            calculated;
        value           uniform 0;
    }
    rightWall
    {
        type            calculated;
        value           uniform 0;
    }
    lowerWall
    {
        type            calculated;
        value           uniform 0;
    }
    atmosphere
    {
        type            calculated;
        value           nonuniform List<scalar> 
46
(
5.46592e-05
5.73014e-05
5.3779e-05
5.29658e-05
5.21713e-05
5.10214e-05
4.97052e-05
4.81871e-05
4.64938e-05
4.46294e-05
4.26005e-05
4.04187e-05
3.80934e-05
3.56338e-05
3.30488e-05
3.03485e-05
2.75438e-05
2.46432e-05
2.16521e-05
1.8573e-05
1.54063e-05
1.2136e-05
8.76454e-06
2.96147e-06
2.16978e-06
1.34062e-06
4.70446e-07
-2.57278e-06
-7.9546e-06
-1.33373e-05
-1.84278e-05
-2.34202e-05
-2.81992e-05
-3.29128e-05
-3.76043e-05
-4.20934e-05
-4.64531e-05
-5.085e-05
-5.53888e-05
-6.00129e-05
-6.48435e-05
-6.91407e-05
-7.38679e-05
-7.71056e-05
-8.03895e-05
-8.21464e-05
)
;
    }
    defaultFaces
    {
        type            empty;
    }
}


// ************************************************************************* //
