/*--------------------------------*- C++ -*----------------------------------*\
  =========                 |
  \\      /  F ield         | OpenFOAM: The Open Source CFD Toolbox
   \\    /   O peration     | Website:  https://openfoam.org
    \\  /    A nd           | Version:  13
     \\/     M anipulation  |
\*---------------------------------------------------------------------------*/
FoamFile
{
    format      ascii;
    class       volVectorField;
    location    "0.8";
    object      U;
}
// * * * * * * * * * * * * * * * * * * * * * * * * * * * * * * * * * * * * * //

dimensions      [0 1 -1 0 0 0 0];

internalField   nonuniform List<vector> 
2268
(
(-0.0251788 0.011154 0)
(-0.0857623 0.0147771 0)
(-0.145973 0.0142625 0)
(-0.205273 0.0142134 0)
(-0.260785 0.0114559 0)
(-0.288252 0.00346525 0)
(-0.277435 -0.00360807 0)
(-0.253429 -0.00481544 0)
(-0.235201 -0.0026442 0)
(-0.227566 -0.000529398 0)
(-0.225711 0.000394816 0)
(-0.225405 0.000677298 0)
(-0.2245 0.000483923 0)
(-0.222675 -0.0010622 0)
(-0.217169 -0.00598602 0)
(-0.200821 -0.0112344 0)
(-0.185507 -0.00391252 0)
(-0.212579 0.0166692 0)
(-0.288695 0.0217021 0)
(-0.318937 0.00225873 0)
(-0.24988 -0.023521 0)
(-0.150303 -0.0350118 0)
(-0.0488962 -0.0290186 0)
(-0.0452273 0.0438587 0)
(-0.123391 0.0459026 0)
(-0.188205 0.0417457 0)
(-0.248663 0.0391069 0)
(-0.293465 0.0283018 0)
(-0.303818 0.00573029 0)
(-0.288732 -0.0135834 0)
(-0.260531 -0.0171152 0)
(-0.238497 -0.00962244 0)
(-0.229183 -0.00296647 0)
(-0.226782 -0.000686635 0)
(-0.223539 -0.00100518 0)
(-0.216002 -0.00202319 0)
(-0.206304 -0.00251378 0)
(-0.200956 -0.0037299 0)
(-0.208547 -0.00350906 0)
(-0.233934 0.0102441 0)
(-0.269309 0.030339 0)
(-0.278429 0.0227932 0)
(-0.222233 -0.0170377 0)
(-0.153418 -0.0575601 0)
(-0.0931111 -0.077558 0)
(-0.0267901 -0.0701744 0)
(-0.0463445 0.0827928 0)
(-0.114675 0.078889 0)
(-0.174111 0.0700072 0)
(-0.237077 0.0642347 0)
(-0.288671 0.0441444 0)
(-0.307113 0.00638073 0)
(-0.294092 -0.0260778 0)
(-0.269247 -0.0316432 0)
(-0.24809 -0.0178988 0)
(-0.237376 -0.00570878 0)
(-0.233472 -0.00244948 0)
(-0.22656 -0.00511907 0)
(-0.211053 -0.00894183 0)
(-0.187536 -0.00981053 0)
(-0.163155 -0.0057012 0)
(-0.148159 0.00449053 0)
(-0.148133 0.0205121 0)
(-0.152312 0.0278387 0)
(-0.129041 0.00214994 0)
(-0.0738617 -0.0440856 0)
(-0.032006 -0.076894 0)
(-0.0208045 -0.0919518 0)
(0.00517977 -0.0840571 0)
(-0.0391534 0.117576 0)
(-0.0943541 0.108697 0)
(-0.150817 0.0972329 0)
(-0.212716 0.0898232 0)
(-0.262954 0.0609809 0)
(-0.279227 0.00866439 0)
(-0.271535 -0.0353945 0)
(-0.263735 -0.042241 0)
(-0.256367 -0.024392 0)
(-0.250164 -0.00823402 0)
(-0.24762 -0.00466609 0)
(-0.241797 -0.011042 0)
(-0.225283 -0.0202121 0)
(-0.196908 -0.0253661 0)
(-0.160812 -0.0217675 0)
(-0.121479 -0.00794479 0)
(-0.0813061 0.0111147 0)
(-0.0423496 0.0169805 0)
(0.000418142 -0.00854442 0)
(0.0335082 -0.0514688 0)
(0.0488701 -0.0765237 0)
(0.0211842 -0.0896602 0)
(0.0260384 -0.0747769 0)
(-0.0282684 0.14514 0)
(-0.0688557 0.135335 0)
(-0.118258 0.123385 0)
(-0.168748 0.114339 0)
(-0.206347 0.078525 0)
(-0.213263 0.0158408 0)
(-0.215389 -0.034967 0)
(-0.236874 -0.0407455 0)
(-0.256629 -0.0230289 0)
(-0.264374 -0.00791585 0)
(-0.265641 -0.00550065 0)
(-0.260011 -0.0158636 0)
(-0.241742 -0.0312753 0)
(-0.210009 -0.0420623 0)
(-0.169888 -0.0420411 0)
(-0.125107 -0.0311056 0)
(-0.0742993 -0.016162 0)
(-0.0182293 -0.0113368 0)
(0.0314055 -0.029956 0)
(0.0524336 -0.0625044 0)
(0.0589374 -0.0741648 0)
(0.0243759 -0.0829184 0)
(0.0324894 -0.0629472 0)
(-0.014416 0.162785 0)
(-0.0350182 0.153596 0)
(-0.0723323 0.140486 0)
(-0.106689 0.127829 0)
(-0.128184 0.0853859 0)
(-0.125832 0.0195653 0)
(-0.142175 -0.0231099 0)
(-0.198641 -0.0244769 0)
(-0.249417 -0.00954404 0)
(-0.277069 -0.0014936 0)
(-0.286296 -0.00573251 0)
(-0.281303 -0.0227696 0)
(-0.25941 -0.0454155 0)
(-0.22122 -0.061193 0)
(-0.174944 -0.062675 0)
(-0.12821 -0.0527258 0)
(-0.0813373 -0.0406148 0)
(-0.0324673 -0.0360886 0)
(0.0122031 -0.0476543 0)
(0.0299437 -0.0678368 0)
(0.0409487 -0.0701207 0)
(0.0163981 -0.0773965 0)
(0.0316397 -0.0542724 0)
(0.00119075 0.169656 0)
(-0.000477615 0.167213 0)
(-0.0218175 0.157402 0)
(-0.0370969 0.142844 0)
(-0.0382209 0.0960375 0)
(-0.0292593 0.031815 0)
(-0.0767597 -0.00447347 0)
(-0.169494 0.00200343 0)
(-0.242805 0.0135348 0)
(-0.289319 0.0119625 0)
(-0.309725 -0.00134421 0)
(-0.306548 -0.0274946 0)
(-0.279644 -0.0601041 0)
(-0.230788 -0.0823443 0)
(-0.173568 -0.0849662 0)
(-0.12187 -0.0733393 0)
(-0.076364 -0.0602871 0)
(-0.0332332 -0.0539827 0)
(0.00571086 -0.0587493 0)
(0.0254184 -0.0719883 0)
(0.0380434 -0.0682726 0)
(0.0261408 -0.0737167 0)
(0.0317572 -0.0434863 0)
(0.0125915 0.159027 0)
(0.0395344 0.166765 0)
(0.0542809 0.151815 0)
(0.0665522 0.129722 0)
(0.0767366 0.0843609 0)
(0.0470662 0.0435914 0)
(-0.0623841 0.0452406 0)
(-0.170929 0.0541244 0)
(-0.24313 0.0503376 0)
(-0.297021 0.0328392 0)
(-0.329849 0.00310725 0)
(-0.332344 -0.038615 0)
(-0.294064 -0.0856711 0)
(-0.222087 -0.117249 0)
(-0.149601 -0.118136 0)
(-0.0963731 -0.100142 0)
(-0.0543767 -0.0841939 0)
(-0.0153141 -0.0761616 0)
(0.0211371 -0.0762119 0)
(0.0425461 -0.0821388 0)
(0.0540147 -0.0734408 0)
(0.0468115 -0.0717758 0)
(0.0431956 -0.0138728 0)
(-0.0543083 0.0381655 0)
(-0.390259 0.063925 0)
(-0.599875 0.0249613 0)
(-0.566255 -0.0195046 0)
(-0.420585 -0.046497 0)
(-0.189895 -0.0521684 0)
(-0.0565158 -0.00563448 0)
(-0.1588 0.0102205 0)
(-0.465673 0.0966761 0)
(-1.09983 0.148777 0)
(-1.09619 0.00826455 0)
(-0.335601 -0.116904 0)
(0.0918262 -0.0556977 0)
(0.291969 -0.0125731 0)
(0.422122 0.0215214 0)
(0.447541 0.0600284 0)
(0.310262 0.015146 0)
(0.0764196 -0.0305421 0)
(0.118738 0.0084468 0)
(-0.167305 0.148114 0)
(-0.4827 0.166771 0)
(-0.506003 0.050316 0)
(-0.43196 -0.0608535 0)
(-0.300452 -0.126091 0)
(-0.10577 -0.130457 0)
(-0.0684292 0.0224947 0)
(-0.471335 0.180548 0)
(-1.29775 0.330533 0)
(-1.49016 0.122566 0)
(-0.595455 -0.33412 0)
(-0.0675018 -0.422652 0)
(0.201969 -0.221782 0)
(0.400562 -0.143149 0)
(0.58208 -0.0866969 0)
(0.694291 0.00498461 0)
(0.822898 0.144004 0)
(0.459369 0.150391 0)
(0.072177 0.0699283 0)
(-0.176516 0.259196 0)
(-0.362216 0.221233 0)
(-0.316012 0.0314719 0)
(-0.288591 -0.100456 0)
(-0.175252 -0.192703 0)
(-0.0847733 -0.170612 0)
(-0.128581 0.15338 0)
(-0.84341 0.463321 0)
(-1.60249 0.471141 0)
(-1.17205 -0.0926298 0)
(-0.390645 -0.606039 0)
(-0.269498 -0.516145 0)
(0.000380939 -0.278861 0)
(0.173862 -0.180117 0)
(0.324681 -0.12109 0)
(0.430277 -0.0732271 0)
(0.639334 0.105405 0)
(0.580801 0.305116 0)
(0.0703064 0.185158 0)
(-0.133761 0.345516 0)
(-0.217419 0.255176 0)
(-0.196165 0.034589 0)
(-0.136293 -0.124189 0)
(-0.0286463 -0.218694 0)
(-0.0749831 -0.150926 0)
(-0.262551 0.360937 0)
(-1.11697 0.748605 0)
(-1.60958 0.5083 0)
(-0.896235 -0.335191 0)
(-0.561701 -0.759717 0)
(-0.431049 -0.578813 0)
(-0.195898 -0.354085 0)
(-0.0329206 -0.244181 0)
(0.115511 -0.190681 0)
(0.343923 -0.105697 0)
(0.382994 0.0693194 0)
(0.506247 0.413498 0)
(0.115796 0.298783 0)
(-0.0712084 0.399289 0)
(-0.0351262 0.26325 0)
(-0.0137104 0.0132045 0)
(0.0760204 -0.155441 0)
(0.114303 -0.207662 0)
(-0.0712375 -0.066933 0)
(-0.446556 0.616496 0)
(-1.30924 1.00051 0)
(-1.45647 0.424106 0)
(-0.802259 -0.545501 0)
(-0.763247 -0.842252 0)
(-0.644903 -0.665114 0)
(-0.457999 -0.456421 0)
(-0.324307 -0.336486 0)
(-0.174863 -0.298452 0)
(0.0965944 -0.208369 0)
(0.197843 0.0465917 0)
(0.417503 0.471632 0)
(0.212109 0.416103 0)
(-0.0105337 0.393257 0)
(0.129296 0.255911 0)
(0.192912 0.00405735 0)
(0.282527 -0.163065 0)
(0.223705 -0.153405 0)
(-0.102929 0.0970777 0)
(-0.681006 0.901577 0)
(-1.45558 1.17374 0)
(-1.31336 0.29516 0)
(-0.869306 -0.637604 0)
(-0.941877 -0.871267 0)
(-0.96332 -0.719569 0)
(-0.894749 -0.469924 0)
(-0.803488 -0.38943 0)
(-0.619631 -0.392642 0)
(-0.426226 -0.300172 0)
(-0.206165 -0.0692741 0)
(0.23338 0.4369 0)
(0.268059 0.515742 0)
(0.027834 0.340029 0)
(0.204615 0.221266 0)
(0.37531 -0.0409822 0)
(0.410274 -0.15026 0)
(0.25504 -0.0578671 0)
(-0.168407 0.305636 0)
(-0.894363 1.16869 0)
(-1.52725 1.28098 0)
(-1.14961 0.138687 0)
(-0.953899 -0.681454 0)
(-1.11928 -0.849331 0)
(-1.36779 -0.635122 0)
(-1.38859 -0.444211 0)
(-1.36431 -0.407691 0)
(-1.32766 -0.430796 0)
(-1.25923 -0.390655 0)
(-1.01016 -0.209214 0)
(-0.153913 0.297606 0)
(0.176315 0.602205 0)
(0.0484864 0.266974 0)
(0.26373 0.127345 0)
(0.531463 -0.12385 0)
(0.418612 -0.101053 0)
(0.183914 0.0648444 0)
(-0.293975 0.569809 0)
(-1.08082 1.43982 0)
(-1.50395 1.31793 0)
(-0.886236 -0.0925877 0)
(-1.00306 -0.65318 0)
(-1.28992 -0.750145 0)
(-1.69827 -0.528958 0)
(-1.69323 -0.446705 0)
(-1.6221 -0.420788 0)
(-1.63321 -0.421235 0)
(-1.73665 -0.471397 0)
(-1.65686 -0.401841 0)
(-1.04853 0.108139 0)
(-0.173748 0.478493 0)
(0.0279803 0.10977 0)
(0.0404934 0.121148 0)
(0.00855106 0.134717 0)
(-0.0407769 0.143462 0)
(-0.112083 0.130706 0)
(-0.178585 0.11256 0)
(-0.217965 0.0967939 0)
(-0.245255 0.0835545 0)
(-0.27588 0.0811249 0)
(-0.318557 0.0705569 0)
(-0.356564 0.0309227 0)
(-0.357385 -0.0464341 0)
(-0.298503 -0.140945 0)
(-0.211605 -0.185353 0)
(-0.131493 -0.169064 0)
(-0.0796634 -0.133493 0)
(-0.0461927 -0.112188 0)
(-0.0132223 -0.103199 0)
(0.0223892 -0.0981048 0)
(0.0459182 -0.0936999 0)
(0.0612749 -0.0805144 0)
(0.0627592 -0.0707217 0)
(0.0766019 -0.0296287 0)
(-0.329749 0.135078 0)
(-0.268849 0.202158 0)
(-0.414043 0.216079 0)
(-0.473198 0.209127 0)
(-0.503491 0.161224 0)
(-0.49304 0.11471 0)
(-0.463561 0.0995663 0)
(-0.425103 0.104053 0)
(-0.398667 0.107237 0)
(-0.403761 0.0885587 0)
(-0.446631 0.0273069 0)
(-0.498394 -0.0745675 0)
(-0.525137 -0.164086 0)
(-0.468595 -0.215655 0)
(-0.335669 -0.195176 0)
(-0.227553 -0.143632 0)
(-0.170845 -0.121357 0)
(-0.122522 -0.121849 0)
(-0.0535739 -0.12093 0)
(0.00559913 -0.114112 0)
(0.0426506 -0.0970502 0)
(0.0608655 -0.0790674 0)
(0.0972244 -0.0631766 0)
(-0.7155 0.672731 0)
(-1.27357 0.369104 0)
(-1.48115 0.31345 0)
(-1.54006 0.225659 0)
(-1.52879 0.140259 0)
(-1.46326 0.075516 0)
(-1.39507 0.00907097 0)
(-1.33104 -0.0207502 0)
(-1.26836 0.0519652 0)
(-1.3416 0.166166 0)
(-1.49907 0.207242 0)
(-1.54142 0.0668285 0)
(-1.39426 -0.236521 0)
(-1.12401 -0.441108 0)
(-0.797902 -0.425948 0)
(-0.519987 -0.3018 0)
(-0.401827 -0.254459 0)
(-0.3023 -0.275896 0)
(-0.197818 -0.270678 0)
(-0.14935 -0.215386 0)
(-0.143647 -0.150888 0)
(-0.0375338 -0.116849 0)
(0.161964 -0.129067 0)
(-0.50371 1.73962 0)
(-1.13406 1.01724 0)
(-1.72634 0.590147 0)
(-2.15066 0.355995 0)
(-2.38298 0.219448 0)
(-2.4164 0.0639007 0)
(-2.40028 -0.0867624 0)
(-2.38396 -0.0124514 0)
(-2.37276 0.183407 0)
(-2.40714 0.290922 0)
(-2.31223 0.0755303 0)
(-2.06561 -0.316843 0)
(-1.73966 -0.703397 0)
(-1.46395 -0.883781 0)
(-1.21303 -0.820288 0)
(-0.992567 -0.568826 0)
(-0.716061 -0.385901 0)
(-0.49981 -0.389882 0)
(-0.96544 -0.139962 0)
(-1.42756 0.0919824 0)
(-1.53091 -0.0594616 0)
(-1.06683 -0.443171 0)
(-0.754624 -0.669945 0)
(-0.311923 2.41342 0)
(-0.791302 1.69558 0)
(-1.38781 1.19459 0)
(-1.84525 0.814507 0)
(-2.25423 0.401321 0)
(-2.57969 0.0534953 0)
(-2.78408 -0.0796554 0)
(-2.85906 -0.0391801 0)
(-2.74011 0.112253 0)
(-2.45666 0.173776 0)
(-2.24172 -0.0660372 0)
(-1.97883 -0.532448 0)
(-1.83595 -0.912958 0)
(-1.73803 -1.04297 0)
(-1.61364 -0.958996 0)
(-1.51525 -0.700649 0)
(-1.49081 -0.202063 0)
(-1.5578 0.15972 0)
(-1.88066 0.223803 0)
(-1.73927 0.0210839 0)
(-1.38887 -0.600225 0)
(-1.13028 -0.992589 0)
(-1.07356 -0.981318 0)
(-0.168275 2.78183 0)
(-0.439844 2.15537 0)
(-0.85891 1.65507 0)
(-1.08553 1.22894 0)
(-1.21063 0.861202 0)
(-1.40125 0.476495 0)
(-1.56202 0.151841 0)
(-1.84645 -0.117854 0)
(-1.99543 -0.267585 0)
(-1.99213 -0.210034 0)
(-1.90345 -0.193848 0)
(-1.82938 -0.538777 0)
(-1.84564 -0.927705 0)
(-1.83692 -1.08712 0)
(-1.76408 -1.03016 0)
(-1.65825 -0.803947 0)
(-1.49695 -0.488292 0)
(-1.14541 -0.0521173 0)
(-0.986005 0.179041 0)
(-0.79926 -0.0714863 0)
(-0.734344 -0.454882 0)
(-0.959203 -0.933844 0)
(-1.02102 -0.953855 0)
(-0.0610255 2.95179 0)
(-0.142507 2.41017 0)
(-0.389486 1.89988 0)
(-0.462578 1.35876 0)
(-0.440362 0.898302 0)
(-0.439117 0.591314 0)
(-0.543568 0.436465 0)
(-0.800151 0.33622 0)
(-1.13306 0.186291 0)
(-1.39878 -0.014828 0)
(-1.53178 -0.208871 0)
(-1.60326 -0.460417 0)
(-1.70722 -0.843742 0)
(-1.81095 -1.08806 0)
(-1.80402 -1.09161 0)
(-1.70645 -0.93801 0)
(-1.51916 -0.693461 0)
(-1.23432 -0.459149 0)
(-0.852759 -0.303734 0)
(-0.55632 -0.231662 0)
(-0.416902 -0.320823 0)
(-0.695983 -0.762911 0)
(-0.813451 -0.850927 0)
(0.0234523 2.95798 0)
(0.0771128 2.51782 0)
(-0.064659 1.98974 0)
(-0.0377726 1.37551 0)
(-0.0198096 0.828763 0)
(0.00510006 0.543403 0)
(-0.012413 0.487077 0)
(-0.094824 0.521657 0)
(-0.307139 0.458837 0)
(-0.585619 0.264238 0)
(-0.837057 -0.0236269 0)
(-1.10182 -0.353701 0)
(-1.40315 -0.689748 0)
(-1.66924 -0.989959 0)
(-1.81082 -1.12489 0)
(-1.78373 -1.06478 0)
(-1.63032 -0.923116 0)
(-1.37857 -0.708955 0)
(-1.11595 -0.565946 0)
(-0.833541 -0.474501 0)
(-0.614046 -0.495744 0)
(-0.569137 -0.597735 0)
(-0.668619 -0.712411 0)
(0.100312 2.81076 0)
(0.235624 2.56573 0)
(0.123788 1.97433 0)
(0.207367 1.34223 0)
(0.215789 0.800857 0)
(0.222877 0.531208 0)
(0.225766 0.490592 0)
(0.229819 0.568278 0)
(0.185009 0.611977 0)
(0.03557 0.519847 0)
(-0.18832 0.309697 0)
(-0.48208 0.038612 0)
(-0.896996 -0.318766 0)
(-1.33821 -0.697739 0)
(-1.68568 -0.994752 0)
(-1.86305 -1.1136 0)
(-1.83468 -1.08933 0)
(-1.63963 -0.980217 0)
(-1.39282 -0.853928 0)
(-1.09518 -0.730792 0)
(-0.876704 -0.656786 0)
(-0.78916 -0.640067 0)
(-0.866721 -0.622255 0)
(0.180209 2.53837 0)
(0.377167 2.59918 0)
(0.266115 1.94401 0)
(0.334417 1.29574 0)
(0.345868 0.786053 0)
(0.345798 0.525668 0)
(0.351246 0.481522 0)
(0.36328 0.553825 0)
(0.390058 0.643475 0)
(0.3653 0.64808 0)
(0.249504 0.539147 0)
(0.0391121 0.362665 0)
(-0.264973 0.143003 0)
(-0.731005 -0.204435 0)
(-1.25055 -0.616018 0)
(-1.65671 -0.936466 0)
(-1.8989 -1.10948 0)
(-1.98102 -1.16846 0)
(-1.87013 -1.09117 0)
(-1.60985 -0.948901 0)
(-1.44583 -0.768216 0)
(-1.54416 -0.590134 0)
(-2.14678 -0.447929 0)
(0.249276 2.15029 0)
(0.516787 2.58231 0)
(0.456259 1.97617 0)
(0.469502 1.29798 0)
(0.466836 0.784235 0)
(0.450373 0.517809 0)
(0.439461 0.470894 0)
(0.431713 0.53076 0)
(0.450519 0.612389 0)
(0.476756 0.662098 0)
(0.455925 0.642067 0)
(0.35182 0.557353 0)
(0.169032 0.440915 0)
(-0.110027 0.267549 0)
(-0.563599 -0.057118 0)
(-1.07931 -0.468167 0)
(-1.50144 -0.800238 0)
(-1.8435 -1.04082 0)
(-2.17958 -1.14752 0)
(-2.54547 -1.06175 0)
(-2.82704 -0.61369 0)
(-2.81282 -0.105464 0)
(-2.43277 -0.496109 0)
(0.255445 1.68801 0)
(0.597113 2.43185 0)
(0.650158 2.00766 0)
(0.654236 1.34691 0)
(0.629827 0.818437 0)
(0.576066 0.542411 0)
(0.522644 0.49153 0)
(0.482923 0.540351 0)
(0.466957 0.593493 0)
(0.483066 0.635555 0)
(0.501752 0.658686 0)
(0.477442 0.645446 0)
(0.393344 0.600433 0)
(0.254495 0.526631 0)
(0.000215711 0.362367 0)
(-0.40168 0.0392558 0)
(-0.827821 -0.293118 0)
(-1.23351 -0.506096 0)
(-1.72213 -0.599866 0)
(-2.22833 -0.597005 0)
(-2.50871 -0.536679 0)
(-2.48613 -0.620733 0)
(-2.38482 -0.958118 0)
(0.155502 1.27725 0)
(0.541569 2.15251 0)
(0.720527 1.93235 0)
(0.784517 1.36707 0)
(0.765418 0.875473 0)
(0.680799 0.61389 0)
(0.587114 0.556482 0)
(0.52035 0.586425 0)
(0.479396 0.611417 0)
(0.467254 0.624822 0)
(0.479979 0.647197 0)
(0.489778 0.667318 0)
(0.469692 0.667069 0)
(0.41691 0.650094 0)
(0.305426 0.595496 0)
(0.0523828 0.404705 0)
(-0.327914 0.0898814 0)
(-0.642467 -0.0661256 0)
(-1.03984 -0.115279 0)
(-1.48163 -0.212358 0)
(-1.7559 -0.339384 0)
(-1.86523 -0.491822 0)
(-1.91374 -0.805629 0)
(0.00500725 1.0354 0)
(0.366543 1.82122 0)
(0.629303 1.73508 0)
(0.772079 1.31431 0)
(0.784511 0.923488 0)
(0.702067 0.7078 0)
(0.602846 0.644588 0)
(0.532879 0.647652 0)
(0.488901 0.648428 0)
(0.462107 0.637621 0)
(0.456229 0.640554 0)
(0.467029 0.660688 0)
(0.475913 0.678048 0)
(0.470255 0.690756 0)
(0.441672 0.702984 0)
(0.334331 0.647247 0)
(0.0720214 0.43533 0)
(-0.272595 0.165858 0)
(-0.438432 0.115787 0)
(-0.640152 0.134159 0)
(-0.949765 -0.0711067 0)
(-1.13036 -0.404146 0)
(-1.19259 -0.802787 0)
(-0.0853103 0.952696 0)
(0.181249 1.49925 0)
(0.46218 1.47944 0)
(0.644372 1.21002 0)
(0.688055 0.945503 0)
(0.637999 0.787052 0)
(0.568622 0.720647 0)
(0.519345 0.699036 0)
(0.489292 0.682197 0)
(0.466745 0.658839 0)
(0.45314 0.644583 0)
(0.456068 0.649847 0)
(0.471375 0.665006 0)
(0.486897 0.686455 0)
(0.500197 0.727669 0)
(0.48913 0.760719 0)
(0.39352 0.694408 0)
(0.137982 0.450649 0)
(-0.116467 0.207924 0)
(-0.123775 0.202994 0)
(-0.0574049 0.193932 0)
(-0.249451 -0.194232 0)
(-0.373699 -0.634258 0)
(-0.0826185 0.948644 0)
(0.079565 1.24791 0)
(0.316316 1.24279 0)
(0.484472 1.09304 0)
(0.545939 0.936725 0)
(0.537361 0.82697 0)
(0.510027 0.762282 0)
(0.490188 0.726477 0)
(0.479979 0.700448 0)
(0.47172 0.673762 0)
(0.464339 0.651496 0)
(0.465795 0.642618 0)
(0.480452 0.64723 0)
(0.503042 0.664107 0)
(0.53413 0.704646 0)
(0.572692 0.766764 0)
(0.594069 0.800258 0)
(0.518598 0.696499 0)
(0.286369 0.400126 0)
(0.0853946 0.128731 0)
(0.143487 0.0673513 0)
(0.264046 -0.0778306 0)
(0.173268 -0.385696 0)
(-0.0352396 0.951643 0)
(0.0620522 1.09038 0)
(0.224974 1.06387 0)
(0.355393 0.987183 0)
(0.422268 0.901898 0)
(0.445194 0.826564 0)
(0.451475 0.769025 0)
(0.456215 0.729585 0)
(0.46337 0.700785 0)
(0.470291 0.674937 0)
(0.475543 0.651323 0)
(0.48344 0.634685 0)
(0.499596 0.629037 0)
(0.52492 0.636136 0)
(0.561977 0.661879 0)
(0.618927 0.710193 0)
(0.695139 0.766733 0)
(0.753274 0.775294 0)
(0.710137 0.612858 0)
(0.505803 0.322383 0)
(0.348924 0.0580534 0)
(0.316327 -0.180078 0)
(0.331639 -0.393447 0)
(0.00357972 0.927605 0)
(0.073887 0.991771 0)
(0.179014 0.940685 0)
(0.274936 0.899922 0)
(0.338694 0.853178 0)
(0.377415 0.800513 0)
(0.402712 0.752588 0)
(0.422715 0.715312 0)
(0.441684 0.686752 0)
(0.460049 0.662246 0)
(0.477114 0.639496 0)
(0.494323 0.620051 0)
(0.515377 0.607517 0)
(0.543803 0.604689 0)
(0.583275 0.61367 0)
(0.642712 0.635083 0)
(0.730219 0.665081 0)
(0.843789 0.692238 0)
(0.942573 0.652953 0)
(0.943474 0.464723 0)
(0.871903 0.17055 0)
(0.791933 -0.0649754 0)
(0.736237 -0.295607 0)
(0.0199517 0.881524 0)
(0.0810897 0.916741 0)
(0.15656 0.854351 0)
(0.229494 0.829267 0)
(0.286691 0.801796 0)
(0.329951 0.763683 0)
(0.363312 0.724575 0)
(0.391099 0.691112 0)
(0.416836 0.663641 0)
(0.442083 0.639773 0)
(0.466951 0.617618 0)
(0.491789 0.597265 0)
(0.518464 0.580564 0)
(0.550414 0.569479 0)
(0.59155 0.564308 0)
(0.648206 0.562878 0)
(0.727003 0.559501 0)
(0.83633 0.551188 0)
(0.970606 0.525687 0)
(1.08874 0.424996 0)
(1.14576 0.230559 0)
(1.14727 -0.0350608 0)
(1.1196 -0.353861 0)
(0.022741 0.830518 0)
(0.0791547 0.851596 0)
(0.141444 0.787401 0)
(0.200983 0.77027 0)
(0.251883 0.753027 0)
(0.294622 0.724193 0)
(0.330465 0.691872 0)
(0.36169 0.662054 0)
(0.390773 0.63581 0)
(0.419345 0.612095 0)
(0.44803 0.589805 0)
(0.477144 0.56862 0)
(0.507698 0.548988 0)
(0.542079 0.531489 0)
(0.583519 0.515489 0)
(0.635816 0.498227 0)
(0.702074 0.47332 0)
(0.785768 0.433902 0)
(0.890483 0.377063 0)
(1.00539 0.285334 0)
(1.09539 0.140778 0)
(1.14288 -0.0502098 0)
(1.13019 -0.265758 0)
(0.0214875 0.782668 0)
(0.0732139 0.792947 0)
(0.128003 0.730569 0)
(0.179517 0.718914 0)
(0.225437 0.707818 0)
(0.266194 0.685025 0)
(0.302218 0.657658 0)
(0.334653 0.630922 0)
(0.365076 0.605965 0)
(0.394812 0.582379 0)
(0.424677 0.559603 0)
(0.455214 0.537286 0)
(0.487201 0.515175 0)
(0.522084 0.492871 0)
(0.561939 0.469244 0)
(0.608798 0.441851 0)
(0.663725 0.405998 0)
(0.725653 0.355002 0)
(0.793785 0.283807 0)
(0.864898 0.18811 0)
(0.923715 0.0639164 0)
(0.953224 -0.0850017 0)
(0.930384 -0.248912 0)
(0.0200505 0.738711 0)
(0.0669447 0.740001 0)
(0.11587 0.680429 0)
(0.161771 0.672941 0)
(0.203726 0.66584 0)
(0.24224 0.64712 0)
(0.277458 0.62337 0)
(0.309911 0.599181 0)
(0.340548 0.575556 0)
(0.37033 0.552301 0)
(0.400036 0.529103 0)
(0.430312 0.505648 0)
(0.461846 0.481462 0)
(0.495499 0.455768 0)
(0.532325 0.427312 0)
(0.573181 0.394126 0)
(0.618174 0.353281 0)
(0.665464 0.300696 0)
(0.711551 0.232304 0)
(0.752462 0.14609 0)
(0.780816 0.042879 0)
(0.787351 -0.0719476 0)
(0.758573 -0.191715 0)
(0.0188354 0.69817 0)
(0.0612996 0.692213 0)
(0.105277 0.635594 0)
(0.146708 0.631218 0)
(0.185291 0.626784 0)
(0.221517 0.610882 0)
(0.255394 0.589808 0)
(0.287133 0.5677 0)
(0.317291 0.54537 0)
(0.346522 0.522645 0)
(0.375451 0.499288 0)
(0.404654 0.475016 0)
(0.434678 0.449353 0)
(0.466028 0.421525 0)
(0.499117 0.390417 0)
(0.534085 0.354527 0)
(0.57051 0.312003 0)
(0.606906 0.260681 0)
(0.640094 0.198394 0)
(0.665977 0.124096 0)
(0.679269 0.0385768 0)
(0.675559 -0.0542566 0)
(0.647438 -0.147973 0)
(0.0175843 0.660794 0)
(0.0562181 0.648893 0)
(0.0960022 0.595143 0)
(0.133675 0.593098 0)
(0.169256 0.590465 0)
(0.203184 0.576555 0)
(0.235395 0.557494 0)
(0.265929 0.537072 0)
(0.295109 0.515933 0)
(0.323367 0.49386 0)
(0.351144 0.470631 0)
(0.37886 0.445997 0)
(0.406878 0.419553 0)
(0.435455 0.390667 0)
(0.464664 0.358468 0)
(0.494286 0.321873 0)
(0.523651 0.279673 0)
(0.5515 0.230685 0)
(0.575572 0.173932 0)
(0.592863 0.109233 0)
(0.599605 0.0374493 0)
(0.593632 -0.0383597 0)
(0.570613 -0.113649 0)
(0.0162822 0.626393 0)
(0.0515978 0.609434 0)
(0.0877178 0.558404 0)
(0.122139 0.558139 0)
(0.154981 0.556728 0)
(0.186639 0.544267 0)
(0.217 0.526765 0)
(0.246002 0.50773 0)
(0.273831 0.487664 0)
(0.300764 0.466312 0)
(0.327083 0.443458 0)
(0.353046 0.418897 0)
(0.378845 0.392311 0)
(0.404562 0.363227 0)
(0.430096 0.331016 0)
(0.455092 0.294944 0)
(0.478844 0.254248 0)
(0.500256 0.208294 0)
(0.517717 0.156732 0)
(0.529277 0.0998715 0)
(0.532585 0.0387073 0)
(0.526205 -0.0244312 0)
(0.507204 -0.0867093 0)
(0.0150373 0.594751 0)
(0.0473958 0.573418 0)
(0.0802081 0.524926 0)
(0.111734 0.526022 0)
(0.142038 0.525433 0)
(0.171481 0.514061 0)
(0.199905 0.497821 0)
(0.227179 0.479968 0)
(0.253404 0.460888 0)
(0.278753 0.440307 0)
(0.303385 0.418027 0)
(0.327431 0.393887 0)
(0.350957 0.367656 0)
(0.37393 0.339 0)
(0.396168 0.307496 0)
(0.417285 0.272674 0)
(0.436648 0.234098 0)
(0.453353 0.19148 0)
(0.466212 0.144799 0)
(0.473916 0.0945297 0)
(0.474921 0.0415932 0)
(0.468477 -0.0122624 0)
(0.452574 -0.0651642 0)
(0.0139175 0.565623 0)
(0.0435714 0.54054 0)
(0.0733582 0.494402 0)
(0.102243 0.496518 0)
(0.130162 0.496459 0)
(0.157456 0.485937 0)
(0.183918 0.470763 0)
(0.209367 0.453957 0)
(0.233849 0.43581 0)
(0.257463 0.416043 0)
(0.280287 0.394483 0)
(0.30236 0.371016 0)
(0.323667 0.345488 0)
(0.34411 0.317681 0)
(0.363476 0.287326 0)
(0.381397 0.254152 0)
(0.397336 0.217941 0)
(0.410585 0.178619 0)
(0.420264 0.136331 0)
(0.425481 0.0915727 0)
(0.425258 0.0451302 0)
(0.418963 -0.00162115 0)
(0.405371 -0.0473648 0)
(0.012937 0.53877 0)
(0.0400835 0.510552 0)
(0.067099 0.46659 0)
(0.0935352 0.46945 0)
(0.119194 0.469705 0)
(0.144407 0.459865 0)
(0.168917 0.445623 0)
(0.19251 0.429773 0)
(0.215196 0.412523 0)
(0.237024 0.393601 0)
(0.258012 0.372862 0)
(0.278143 0.350237 0)
(0.297353 0.325636 0)
(0.315512 0.29893 0)
(0.332403 0.26997 0)
(0.347697 0.238617 0)
(0.360952 0.2048 0)
(0.371618 0.168565 0)
(0.379054 0.130136 0)
(0.382636 0.0899827 0)
(0.381681 0.0487477 0)
(0.375936 0.00745043 0)
(0.364478 -0.0326992 0)
(0.0120899 0.513964 0)
(0.0369045 0.483238 0)
(0.0613731 0.44128 0)
(0.085524 0.44467 0)
(0.109033 0.445081 0)
(0.132237 0.4358 0)
(0.154832 0.422394 0)
(0.17658 0.407428 0)
(0.197473 0.391044 0)
(0.217524 0.372981 0)
(0.236711 0.353125 0)
(0.25498 0.331443 0)
(0.272242 0.307898 0)
(0.288356 0.282428 0)
(0.303116 0.254969 0)
(0.316239 0.225476 0)
(0.327366 0.193967 0)
(0.336077 0.160557 0)
(0.341903 0.1255 0)
(0.344414 0.0892277 0)
(0.343143 0.0522811 0)
(0.338015 0.0154953 0)
(0.328323 -0.020366 0)
(0.0113707 0.490988 0)
(0.0340264 0.458421 0)
(0.0561143 0.418279 0)
(0.0781403 0.422047 0)
(0.0996094 0.422499 0)
(0.120883 0.413685 0)
(0.141618 0.401037 0)
(0.161564 0.386898 0)
(0.1807 0.371347 0)
(0.199018 0.354141 0)
(0.21647 0.335194 0)
(0.232981 0.314505 0)
(0.248448 0.292075 0)
(0.262734 0.267894 0)
(0.275652 0.241956 0)
(0.286965 0.214278 0)
(0.296387 0.184933 0)
(0.303597 0.154072 0)
(0.308254 0.121953 0)
(0.310066 0.0889622 0)
(0.308715 0.055556 0)
(0.304211 0.0224116 0)
(0.296002 -0.00996604 0)
(0.0107846 0.469615 0)
(0.031462 0.43598 0)
(0.0512416 0.397416 0)
(0.071315 0.401448 0)
(0.0908603 0.401861 0)
(0.110295 0.393443 0)
(0.129245 0.381495 0)
(0.147449 0.368131 0)
(0.164891 0.353377 0)
(0.181545 0.337012 0)
(0.197346 0.318976 0)
(0.212211 0.299291 0)
(0.226035 0.277988 0)
(0.23869 0.255093 0)
(0.250012 0.230637 0)
(0.259807 0.204679 0)
(0.26785 0.177323 0)
(0.273898 0.148736 0)
(0.277707 0.119165 0)
(0.279083 0.0889484 0)
(0.277819 0.0584716 0)
(0.273991 0.0282846 0)
(0.267098 -0.0013034 0)
(0.0103474 0.449599 0)
(0.0292322 0.415847 0)
(0.0466856 0.37856 0)
(0.064983 0.382743 0)
(0.0827193 0.383049 0)
(0.10042 0.374987 0)
(0.117672 0.36369 0)
(0.134214 0.351054 0)
(0.150041 0.337061 0)
(0.165116 0.32151 0)
(0.179367 0.304365 0)
(0.192709 0.285668 0)
(0.205042 0.265469 0)
(0.21625 0.243815 0)
(0.226195 0.220765 0)
(0.234718 0.196403 0)
(0.241645 0.170848 0)
(0.246799 0.144268 0)
(0.250008 0.116892 0)
(0.25115 0.0890135 0)
(0.250098 0.0609558 0)
(0.246951 0.0331631 0)
(0.241366 0.00579115 0)
(0.0100703 0.430686 0)
(0.0273359 0.397959 0)
(0.0424294 0.361635 0)
(0.0590949 0.365805 0)
(0.0751155 0.365943 0)
(0.0911934 0.358216 0)
(0.106839 0.347533 0)
(0.121802 0.33558 0)
(0.136105 0.322307 0)
(0.149699 0.307533 0)
(0.162509 0.291244 0)
(0.174456 0.273495 0)
(0.185448 0.254348 0)
(0.195381 0.233866 0)
(0.204141 0.212123 0)
(0.2116 0.189215 0)
(0.217625 0.165269 0)
(0.222091 0.140444 0)
(0.22488 0.114945 0)
(0.225925 0.0890236 0)
(0.225155 0.0629515 0)
(0.22269 0.0370909 0)
(0.2183 0.0115118 0)
(0.00993699 0.412652 0)
(0.0257272 0.3822 0)
(0.0384988 0.34661 0)
(0.0536073 0.350538 0)
(0.0679709 0.35044 0)
(0.0825268 0.343037 0)
(0.0966398 0.332935 0)
(0.110104 0.321619 0)
(0.12297 0.309019 0)
(0.135175 0.294973 0)
(0.146648 0.279488 0)
(0.157318 0.262631 0)
(0.167097 0.244468 0)
(0.175896 0.225072 0)
(0.183616 0.204526 0)
(0.190156 0.182929 0)
(0.195418 0.160405 0)
(0.199308 0.137104 0)
(0.201752 0.113204 0)
(0.20271 0.0889202 0)
(0.202153 0.0644772 0)
(0.200203 0.0401705 0)
(0.1967 0.0160072 0)
(0.00989656 0.39534 0)
(0.024327 0.368388 0)
(0.0348992 0.333465 0)
(0.0484572 0.336889 0)
(0.0611908 0.336471 0)
(0.0742963 0.329376 0)
(0.0869215 0.319821 0)
(0.0989452 0.309095 0)
(0.110436 0.297112 0)
(0.121316 0.283738 0)
(0.131525 0.268998 0)
(0.140992 0.252965 0)
(0.149635 0.235712 0)
(0.157372 0.217314 0)
(0.164119 0.197855 0)
(0.169792 0.177436 0)
(0.174313 0.156175 0)
(0.177611 0.134206 0)
(0.179632 0.111687 0)
(0.18035 0.088799 0)
(0.179751 0.0657276 0)
(0.177945 0.0427149 0)
(0.174793 0.0197256 0)
(0.00987981 0.378681 0)
(0.0230494 0.356314 0)
(0.0315827 0.322181 0)
(0.0435598 0.324851 0)
(0.0546626 0.324009 0)
(0.0663476 0.317197 0)
(0.0774895 0.308151 0)
(0.0880969 0.297965 0)
(0.0982352 0.28654 0)
(0.107811 0.273776 0)
(0.116774 0.259721 0)
(0.125051 0.244449 0)
(0.132561 0.228034 0)
(0.139229 0.210555 0)
(0.144977 0.192094 0)
(0.149733 0.172749 0)
(0.153427 0.152627 0)
(0.156002 0.131854 0)
(0.157411 0.110567 0)
(0.157632 0.0889166 0)
(0.15666 0.0670582 0)
(0.154591 0.0451901 0)
(0.151298 0.0232513 0)
(0.00981953 0.362692 0)
(0.0218019 0.345762 0)
(0.0284792 0.312743 0)
(0.0388339 0.314439 0)
(0.0482764 0.313066 0)
(0.0585295 0.306509 0)
(0.0681559 0.297929 0)
(0.0773407 0.288231 0)
(0.086111 0.277305 0)
(0.0943616 0.265097 0)
(0.102052 0.251672 0)
(0.109102 0.237107 0)
(0.115432 0.221475 0)
(0.12097 0.204855 0)
(0.125644 0.187324 0)
(0.129389 0.168975 0)
(0.132142 0.149909 0)
(0.133853 0.130239 0)
(0.134484 0.110084 0)
(0.13402 0.0895703 0)
(0.132471 0.0688227 0)
(0.129928 0.0479954 0)
(0.126303 0.027008 0)
(0.00964484 0.347449 0)
(0.0204575 0.3365 0)
(0.0255184 0.305122 0)
(0.0342153 0.305675 0)
(0.0419543 0.303682 0)
(0.0507442 0.297345 0)
(0.0588085 0.289182 0)
(0.0665575 0.279914 0)
(0.0739318 0.269432 0)
(0.080827 0.257733 0)
(0.0872097 0.244896 0)
(0.0929922 0.230993 0)
(0.0981 0.216098 0)
(0.102466 0.200285 0)
(0.106026 0.183628 0)
(0.108722 0.166211 0)
(0.110504 0.148125 0)
(0.11133 0.129475 0)
(0.11118 0.110361 0)
(0.110051 0.0908806 0)
(0.107981 0.0711264 0)
(0.105068 0.0511987 0)
(0.101279 0.0310048 0)
(0.00930331 0.333199 0)
(0.0189186 0.328433 0)
(0.0226596 0.299262 0)
(0.0296794 0.298569 0)
(0.0356952 0.295918 0)
(0.0430122 0.289763 0)
(0.0494936 0.281951 0)
(0.055824 0.273055 0)
(0.0618001 0.262967 0)
(0.0673442 0.251738 0)
(0.0724252 0.239446 0)
(0.0769516 0.226159 0)
(0.0808617 0.21195 0)
(0.084096 0.196884 0)
(0.0866003 0.181031 0)
(0.0883304 0.164463 0)
(0.08925 0.147265 0)
(0.0893327 0.129527 0)
(0.0885742 0.111329 0)
(0.0869912 0.092739 0)
(0.0846441 0.0738125 0)
(0.081631 0.0545921 0)
(0.0779509 0.0350009 0)
(0.0086672 0.319846 0)
(0.016932 0.321176 0)
(0.0196764 0.294972 0)
(0.0250657 0.293015 0)
(0.0294048 0.289723 0)
(0.0352674 0.283669 0)
(0.0401826 0.276131 0)
(0.0451456 0.267538 0)
(0.0497536 0.257794 0)
(0.053998 0.246991 0)
(0.0578388 0.235192 0)
(0.0611909 0.222462 0)
(0.0640097 0.208868 0)
(0.0662464 0.19447 0)
(0.0678603 0.179327 0)
(0.0688207 0.163502 0)
(0.0691042 0.147073 0)
(0.0686957 0.130112 0)
(0.0676073 0.112678 0)
(0.0658558 0.0948082 0)
(0.0635105 0.0765323 0)
(0.0606388 0.0578381 0)
(0.0572336 0.0387024 0)
(0.00809983 0.309243 0)
(0.0151974 0.315817 0)
(0.0171064 0.292264 0)
(0.0210026 0.289161 0)
(0.023913 0.285375 0)
(0.0285437 0.279398 0)
(0.0321149 0.272056 0)
(0.0359392 0.263709 0)
(0.0393872 0.254244 0)
(0.042555 0.243795 0)
(0.0453804 0.232398 0)
(0.0477916 0.220119 0)
(0.0497588 0.20702 0)
(0.0512422 0.193154 0)
(0.05221 0.17857 0)
(0.0526366 0.163327 0)
(0.0524986 0.147496 0)
(0.0517811 0.131136 0)
(0.0504934 0.114292 0)
(0.0486246 0.0969834 0)
(0.0462288 0.079233 0)
(0.0432973 0.0609927 0)
(0.0397934 0.0423196 0)
(0.00630139 0.294959 0)
(0.0107618 0.309146 0)
(0.0117797 0.290143 0)
(0.0140183 0.285751 0)
(0.0151221 0.281464 0)
(0.0179503 0.27526 0)
(0.0196627 0.268154 0)
(0.0218758 0.25996 0)
(0.0236836 0.250819 0)
(0.0253751 0.240755 0)
(0.0268157 0.229803 0)
(0.0279825 0.218026 0)
(0.0288572 0.205475 0)
(0.0294112 0.192199 0)
(0.0296182 0.178248 0)
(0.029456 0.163675 0)
(0.0289014 0.14854 0)
(0.027947 0.132888 0)
(0.0265945 0.116748 0)
(0.0248321 0.100134 0)
(0.0227103 0.0830495 0)
(0.0202244 0.0654067 0)
(0.0174222 0.0472211 0)
(0.102349 -0.0360391 0)
(0.122835 -0.0346988 0)
(0.144764 -0.0171908 0)
(0.164555 0.00728335 0)
(0.138247 -0.0642099 0)
(0.165693 -0.0742211 0)
(0.203352 -0.0819114 0)
(0.214064 -0.0606117 0)
(0.295329 -0.147121 0)
(0.377289 -0.162104 0)
(0.348849 -0.15101 0)
(0.248369 0.0485266 0)
(-0.324035 -0.457366 0)
(-0.0200249 -0.271647 0)
(-0.319591 0.20743 0)
(-0.39802 0.862024 0)
(-0.994422 -0.622386 0)
(-0.864803 -0.124958 0)
(-0.685888 0.675429 0)
(-0.551135 1.18854 0)
(-0.998783 -0.853144 0)
(-0.908873 -0.70739 0)
(-0.705089 -0.367772 0)
(-0.312357 0.366827 0)
(-0.895422 -0.840473 0)
(-0.919662 -0.772038 0)
(-0.884152 -0.632595 0)
(-0.741606 -0.418171 0)
(-0.769022 -0.72257 0)
(-0.833215 -0.698375 0)
(-0.888781 -0.662632 0)
(-0.925161 -0.585212 0)
(-0.942204 -0.590972 0)
(-0.945402 -0.567425 0)
(-0.937937 -0.536021 0)
(-0.949744 -0.490554 0)
(-1.88672 -0.766191 0)
(-1.61182 -0.815071 0)
(-1.39863 -0.682767 0)
(-1.19998 -0.52347 0)
(-2.17193 -1.27242 0)
(-2.10029 -1.43879 0)
(-1.96718 -1.27719 0)
(-1.77459 -0.992818 0)
(-2.43455 -1.26006 0)
(-2.49047 -1.42421 0)
(-2.49171 -1.5442 0)
(-2.41844 -1.51659 0)
(-1.98292 -1.12806 0)
(-2.0547 -1.29627 0)
(-2.1219 -1.42202 0)
(-2.16436 -1.48817 0)
(-1.24156 -1.07172 0)
(-1.28662 -1.20496 0)
(-1.34542 -1.32159 0)
(-1.38421 -1.40477 0)
(-0.537967 -0.890599 0)
(-0.602938 -1.0368 0)
(-0.688047 -1.18823 0)
(-0.742203 -1.32434 0)
(0.0485739 -0.67962 0)
(-0.0515069 -0.842144 0)
(-0.132084 -1.00257 0)
(-0.186677 -1.16697 0)
(0.314248 -0.550305 0)
(0.319615 -0.714432 0)
(0.306557 -0.891287 0)
(0.279708 -1.05049 0)
(0.718661 -0.512867 0)
(0.726284 -0.687883 0)
(0.717133 -0.863388 0)
(0.677329 -1.01004 0)
(1.08421 -0.583661 0)
(1.04278 -0.714899 0)
(0.98297 -0.813817 0)
(0.910219 -0.88324 0)
(1.08518 -0.421671 0)
(1.02856 -0.512841 0)
(0.9564 -0.590663 0)
(0.875654 -0.653771 0)
(0.88395 -0.364786 0)
(0.835557 -0.428866 0)
(0.778776 -0.480281 0)
(0.716578 -0.519947 0)
(0.718634 -0.273147 0)
(0.680995 -0.317305 0)
(0.63821 -0.35429 0)
(0.592617 -0.385364 0)
(0.61478 -0.212511 0)
(0.586617 -0.248748 0)
(0.555783 -0.280066 0)
(0.523707 -0.307293 0)
(0.545519 -0.16571 0)
(0.524483 -0.195388 0)
(0.501487 -0.221693 0)
(0.477448 -0.245252 0)
(0.487396 -0.130147 0)
(0.471094 -0.15536 0)
(0.453258 -0.178234 0)
(0.434599 -0.199176 0)
(0.436579 -0.102254 0)
(0.423658 -0.12405 0)
(0.409558 -0.14411 0)
(0.394789 -0.162736 0)
(0.392314 -0.0796721 0)
(0.381893 -0.0988787 0)
(0.370551 -0.11677 0)
(0.358659 -0.133555 0)
(0.353621 -0.0612927 0)
(0.345054 -0.078449 0)
(0.335759 -0.0945684 0)
(0.325994 -0.10979 0)
(0.319227 -0.0460297 0)
(0.312096 -0.0615306 0)
(0.30437 -0.0761785 0)
(0.296231 -0.0900586 0)
(0.288354 -0.033262 0)
(0.282406 -0.0473977 0)
(0.275964 -0.0608031 0)
(0.269155 -0.0735374 0)
(0.260694 -0.0226278 0)
(0.255792 -0.0356148 0)
(0.25048 -0.0479755 0)
(0.244863 -0.0597561 0)
(0.236198 -0.0139259 0)
(0.232241 -0.0259805 0)
(0.227956 -0.0374984 0)
(0.223441 -0.0485367 0)
(0.214231 -0.00695662 0)
(0.211101 -0.0182954 0)
(0.207709 -0.0291704 0)
(0.204149 -0.0396656 0)
(0.193425 -0.00148008 0)
(0.190888 -0.0122384 0)
(0.188143 -0.0226047 0)
(0.185248 -0.032669 0)
(0.171873 0.00307059 0)
(0.169625 -0.0071771 0)
(0.167172 -0.0170998 0)
(0.164575 -0.0267635 0)
(0.148332 0.00738261 0)
(0.146093 -0.0023768 0)
(0.143663 -0.0118689 0)
(0.14109 -0.021109 0)
(0.123172 0.0118664 0)
(0.120872 0.00256797 0)
(0.118414 -0.00651177 0)
(0.115833 -0.0153621 0)
(0.0981435 0.0164679 0)
(0.0959048 0.00754055 0)
(0.0935418 -0.00123742 0)
(0.0911412 -0.00991182 0)
(0.0749929 0.0209329 0)
(0.0729222 0.0122525 0)
(0.0708126 0.00356212 0)
(0.0687973 -0.00525019 0)
(0.054518 0.0249677 0)
(0.0526578 0.0163336 0)
(0.0508599 0.0074545 0)
(0.0492025 -0.00171993 0)
(0.036964 0.0288745 0)
(0.0350865 0.0201808 0)
(0.033328 0.011085 0)
(0.0317125 0.00165495 0)
(0.0153241 0.0337488 0)
(0.0140809 0.0247153 0)
(0.012941 0.0152552 0)
(0.0119997 0.00532846 0)
(0.201584 0.123674 0)
(0.397995 -0.036901 0)
(0.420213 -0.157051 0)
(0.117825 0.0365858 0)
(-0.0963772 0.304712 0)
(-0.513697 0.965001 0)
(-1.18043 1.70491 0)
(-1.25254 1.22506 0)
(-0.78159 0.0882754 0)
(-1.23615 -0.429274 0)
(-1.55455 -0.5086 0)
(-1.92708 -0.422793 0)
(-1.7946 -0.480167 0)
(-1.59562 -0.481087 0)
(-1.49589 -0.424494 0)
(-1.43665 -0.485099 0)
(-1.30739 -0.5678 0)
(-0.874004 -0.520074 0)
(-0.251558 -0.220769 0)
(0.179274 0.0152445 0)
(-0.0418084 0.0461477 0)
(-0.43949 0.210372 0)
(-0.303527 0.314458 0)
(-0.342689 0.566255 0)
(-0.689604 1.35963 0)
(-1.18743 1.92404 0)
(-0.889029 0.992002 0)
(-0.959965 0.578808 0)
(-1.96092 -0.0258442 0)
(-1.8615 -0.241942 0)
(-1.79276 -0.489918 0)
(-1.55905 -0.692966 0)
(-1.2701 -0.677036 0)
(-1.16166 -0.560037 0)
(-1.00042 -0.579281 0)
(-0.758213 -0.670837 0)
(-0.417917 -0.693803 0)
(-0.0247739 -0.536704 0)
(-0.299698 0.334044 0)
(-0.871871 0.247288 0)
(-0.633721 -0.0141639 0)
(-0.471342 0.23325 0)
(-0.395669 0.737332 0)
(-0.631911 1.59166 0)
(-0.992513 2.02567 0)
(-0.611986 0.923147 0)
(-0.855339 0.939706 0)
(-1.56268 0.177875 0)
(-1.66613 -0.487984 0)
(-1.48132 -0.76722 0)
(-1.26408 -0.975823 0)
(-1.02596 -0.917247 0)
(-0.822565 -0.787877 0)
(-0.63557 -0.835519 0)
(-0.42567 -1.00197 0)
(-0.17762 -1.01219 0)
(0.0773271 -0.642846 0)
(-0.791864 1.03125 0)
(-0.979333 0.326272 0)
(-0.565723 -0.23294 0)
(-0.467893 0.07663 0)
(-0.302236 0.708421 0)
(-0.346114 1.59139 0)
(-0.454201 2.09579 0)
(-0.345882 1.10494 0)
(-0.83581 1.18694 0)
(-1.21727 0.621739 0)
(-1.26696 -0.203616 0)
(-1.17034 -1.00591 0)
(-1.31715 -1.12331 0)
(-1.17359 -1.12091 0)
(-0.94967 -1.01555 0)
(-0.729364 -1.0239 0)
(-0.49815 -1.18221 0)
(-0.198426 -1.19045 0)
(0.0719921 -0.67106 0)
(-0.645545 1.23825 0)
(-0.614529 0.42269 0)
(-0.497401 -0.342584 0)
(-0.424645 -0.0684731 0)
(-0.248111 0.566026 0)
(-0.124184 1.46153 0)
(-0.000216924 2.2979 0)
(-0.263882 1.47231 0)
(-0.96353 1.38383 0)
(-1.03275 0.716188 0)
(-0.883801 -0.104495 0)
(-0.828045 -0.568474 0)
(-1.74209 -0.919988 0)
(-1.94428 -1.14252 0)
(-1.95792 -1.21019 0)
(-1.48822 -1.4004 0)
(-0.831054 -1.66126 0)
(-0.339502 -1.54207 0)
(0.0246732 -0.767154 0)
(-0.00565555 1.06901 0)
(0.251295 0.691577 0)
(-0.327124 -0.311512 0)
(-0.388351 -0.165373 0)
(-0.266521 0.391903 0)
(-0.0683971 1.32443 0)
(0.0307283 2.45053 0)
(-0.220109 1.91108 0)
(-0.916954 1.4313 0)
(-0.73372 0.4568 0)
(-0.470345 -0.328681 0)
(-0.304295 -0.339634 0)
(-0.834199 -0.443837 0)
(-1.2234 -0.90418 0)
(-1.5846 -1.26177 0)
(-1.4141 -1.65788 0)
(-1.01651 -2.05197 0)
(-0.43955 -1.87076 0)
(-0.0315331 -0.917315 0)
(-0.214732 0.0740185 0)
(0.617006 0.69769 0)
(-0.125857 0.0929876 0)
(-0.400414 -0.137403 0)
(-0.329002 0.279416 0)
(-0.114169 1.21986 0)
(-0.0212632 2.52107 0)
(-0.0534639 2.09277 0)
(-0.537624 1.65757 0)
(-0.365808 0.487675 0)
(-0.320975 -0.566925 0)
(0.0437457 -0.351278 0)
(-0.0902881 -0.287459 0)
(-0.0643292 -0.447533 0)
(-0.646807 -1.00134 0)
(-0.935921 -1.79801 0)
(-1.12577 -2.41301 0)
(-0.643623 -2.3238 0)
(-0.128146 -1.32028 0)
(-0.794379 -0.242272 0)
(-0.282414 0.557041 0)
(-0.0558457 0.572214 0)
(-0.428413 -0.0935588 0)
(-0.385963 0.200788 0)
(-0.180897 1.03556 0)
(0.0393915 2.45904 0)
(0.14163 2.06256 0)
(0.185241 1.753 0)
(0.299278 0.642041 0)
(-0.172071 -0.781623 0)
(0.236237 -0.446254 0)
(0.32416 -0.349307 0)
(0.4035 -0.294786 0)
(0.121389 -0.536103 0)
(-0.202023 -1.37688 0)
(-0.809347 -2.25676 0)
(-0.878095 -2.78633 0)
(-0.198417 -1.85133 0)
(-0.965046 -0.349789 0)
(-0.805234 -0.0609628 0)
(-0.250276 0.3466 0)
(-0.129694 0.0791138 0)
(-0.364246 0.0533471 0)
(-0.23752 0.75319 0)
(0.199447 2.27252 0)
(1.06937 2.10234 0)
(1.65943 1.70267 0)
(1.57563 0.934745 0)
(0.886934 -0.252905 0)
(0.390883 -0.946936 0)
(0.498708 -0.435678 0)
(0.553337 -0.274082 0)
(0.491527 -0.358504 0)
(0.329366 -0.998016 0)
(0.0181374 -1.74438 0)
(-0.430942 -2.67924 0)
(-0.0401962 -2.2343 0)
(-1.08632 -0.315817 0)
(-0.965062 -0.101899 0)
(-0.78902 -0.0367047 0)
(-0.569188 0.0400541 0)
(-0.530997 0.169805 0)
(-0.404963 0.474477 0)
(0.0960001 1.18524 0)
(0.957028 1.37095 0)
(1.82217 1.45561 0)
(2.21402 1.23372 0)
(1.71685 0.289434 0)
(1.15873 -0.59386 0)
(0.780686 -0.532548 0)
(0.645259 -0.232442 0)
(0.568713 -0.222028 0)
(0.390764 -0.92706 0)
(0.446167 -1.44566 0)
(-0.246705 -2.55293 0)
(0.0238442 -2.39645 0)
(-1.3859 -0.52511 0)
(-0.992416 -0.250167 0)
(-0.809871 -0.240448 0)
(-0.669541 -0.10699 0)
(-0.607356 0.0814222 0)
(-0.472383 0.324681 0)
(-0.105916 0.579407 0)
(0.30615 0.615641 0)
(0.779575 0.817917 0)
(1.42223 0.919908 0)
(1.81136 0.51764 0)
(1.15689 0.0145431 0)
(0.604484 -0.0464261 0)
(0.414437 -0.0196263 0)
(0.299197 -0.323606 0)
(0.376933 -1.00687 0)
(0.629011 -1.34656 0)
(-0.102243 -2.37029 0)
(0.0830315 -2.54167 0)
(-2.1026 -1.16667 0)
(-1.52149 -0.60698 0)
(-1.09904 -0.387668 0)
(-0.78128 -0.129905 0)
(-0.621766 3.50714e-05 0)
(-0.481635 0.172214 0)
(-0.28474 0.345514 0)
(-0.060424 0.374239 0)
(0.123075 0.491303 0)
(0.422043 0.636056 0)
(0.590977 0.589691 0)
(0.516024 0.423904 0)
(0.488613 0.243349 0)
(0.400435 0.0839124 0)
(0.463192 -0.406866 0)
(0.530898 -0.999487 0)
(0.680753 -1.26843 0)
(0.024728 -1.73483 0)
(0.123374 -2.53729 0)
(-2.10304 -1.44576 0)
(-1.86668 -1.19276 0)
(-1.466 -0.868092 0)
(-1.10957 -0.549983 0)
(-0.839223 -0.21675 0)
(-0.545161 0.0452399 0)
(-0.376725 0.192906 0)
(-0.216331 0.271183 0)
(-0.0865258 0.348797 0)
(0.0605496 0.453118 0)
(0.188204 0.424772 0)
(0.400346 0.243075 0)
(0.590099 0.133187 0)
(0.821789 -0.0217752 0)
(0.877849 -0.380913 0)
(0.674126 -0.912416 0)
(0.61162 -1.13613 0)
(0.0534878 -1.46748 0)
(0.133743 -2.47061 0)
(-1.40188 -1.41389 0)
(-1.4056 -1.26987 0)
(-1.33784 -1.02949 0)
(-1.23069 -0.78637 0)
(-0.991754 -0.498489 0)
(-0.699646 -0.303672 0)
(-0.4442 0.00431592 0)
(-0.272443 0.144293 0)
(-0.132722 0.249902 0)
(-0.0022138 0.32704 0)
(0.155198 0.244154 0)
(0.380357 -0.0406507 0)
(0.42233 -0.283381 0)
(0.493208 0.0315559 0)
(0.651383 -0.223957 0)
(0.634923 -0.802476 0)
(0.512503 -0.942645 0)
(0.00489087 -1.23133 0)
(0.138075 -2.42144 0)
(-0.761429 -1.40641 0)
(-0.810645 -1.31083 0)
(-0.757271 -1.05157 0)
(-0.753339 -0.778872 0)
(-0.829617 -0.572308 0)
(-0.878887 -0.422947 0)
(-0.794265 -0.244791 0)
(-0.628461 -0.125577 0)
(-0.367815 0.0610097 0)
(-0.169422 0.133 0)
(-0.0849289 -0.0103448 0)
(0.0381304 0.0389488 0)
(0.163102 -0.173344 0)
(0.313231 -0.339547 0)
(0.527278 -0.546876 0)
(0.490559 -0.731843 0)
(0.388905 -0.74939 0)
(-0.0252309 -1.03038 0)
(0.146978 -2.38255 0)
(-0.255828 -1.34402 0)
(-0.352185 -1.30811 0)
(-0.369077 -1.08585 0)
(-0.34566 -0.801725 0)
(-0.300324 -0.534293 0)
(-0.269621 -0.333881 0)
(-0.286741 -0.235453 0)
(-0.30328 -0.221437 0)
(-0.257927 -0.134134 0)
(-0.121925 -0.0157743 0)
(0.0739749 -0.0490827 0)
(0.213145 -0.204739 0)
(0.318369 -0.324445 0)
(0.383162 -0.38029 0)
(0.431747 -0.483346 0)
(0.321084 -0.588627 0)
(0.280408 -0.613054 0)
(-0.0410496 -0.902789 0)
(0.157945 -2.34438 0)
(0.180139 -1.25127 0)
(0.0696945 -1.24447 0)
(-0.0467613 -1.0453 0)
(-0.109322 -0.799326 0)
(-0.132231 -0.58202 0)
(-0.110541 -0.39875 0)
(-0.0527302 -0.253404 0)
(0.00183621 -0.163026 0)
(0.0541319 -0.124565 0)
(0.137264 -0.135624 0)
(0.226026 -0.195909 0)
(0.280159 -0.251407 0)
(0.309175 -0.322164 0)
(0.307815 -0.388585 0)
(0.327463 -0.474956 0)
(0.201775 -0.492745 0)
(0.217475 -0.532461 0)
(-0.0557848 -0.817922 0)
(0.170125 -2.3082 0)
(0.575328 -1.11547 0)
(0.387455 -1.09852 0)
(0.192486 -0.936218 0)
(0.0732454 -0.729585 0)
(0.0175718 -0.542629 0)
(-0.00323102 -0.397352 0)
(0.00796056 -0.297974 0)
(0.0419638 -0.239505 0)
(0.0891634 -0.204893 0)
(0.145329 -0.198897 0)
(0.195762 -0.230336 0)
(0.227349 -0.280585 0)
(0.253162 -0.338753 0)
(0.246001 -0.391022 0)
(0.274688 -0.446008 0)
(0.110154 -0.399815 0)
(0.181763 -0.493376 0)
(-0.0667299 -0.76111 0)
(0.183725 -2.27269 0)
(0.764331 -0.929859 0)
(0.529755 -0.897727 0)
(0.314934 -0.778434 0)
(0.170304 -0.629946 0)
(0.0943253 -0.493414 0)
(0.0651437 -0.381756 0)
(0.0654028 -0.300204 0)
(0.0829698 -0.251731 0)
(0.112611 -0.230459 0)
(0.149986 -0.235223 0)
(0.188978 -0.263194 0)
(0.217635 -0.303428 0)
(0.244648 -0.348092 0)
(0.224169 -0.38291 0)
(0.255085 -0.404157 0)
(0.0404903 -0.310607 0)
(0.163502 -0.487968 0)
(-0.0750009 -0.718537 0)
(0.19829 -2.23559 0)
(0.723692 -0.706826 0)
(0.506747 -0.704884 0)
(0.325521 -0.633411 0)
(0.204457 -0.534137 0)
(0.136783 -0.441847 0)
(0.108541 -0.36556 0)
(0.107929 -0.307292 0)
(0.124002 -0.271145 0)
(0.149988 -0.257727 0)
(0.181189 -0.265428 0)
(0.214512 -0.289921 0)
(0.238728 -0.322197 0)
(0.260721 -0.351566 0)
(0.225537 -0.364576 0)
(0.252286 -0.345436 0)
(0.00569662 -0.222459 0)
(0.152985 -0.499555 0)
(-0.0848865 -0.68797 0)
(0.212686 -2.19628 0)
(0.601765 -0.553759 0)
(0.441813 -0.556849 0)
(0.307574 -0.519798 0)
(0.216861 -0.46308 0)
(0.167689 -0.405331 0)
(0.146991 -0.354149 0)
(0.145825 -0.313307 0)
(0.158667 -0.288081 0)
(0.181119 -0.281475 0)
(0.209691 -0.292541 0)
(0.242574 -0.315221 0)
(0.267146 -0.338357 0)
(0.285532 -0.348336 0)
(0.242946 -0.336369 0)
(0.258 -0.278126 0)
(0.0192554 -0.137284 0)
(0.152057 -0.500223 0)
(-0.0954717 -0.684017 0)
(0.224877 -2.15397 0)
(0.512979 -0.419446 0)
(0.404617 -0.439903 0)
(0.310903 -0.433036 0)
(0.242201 -0.409064 0)
(0.200519 -0.37781 0)
(0.180113 -0.344972 0)
(0.175678 -0.317146 0)
(0.183836 -0.301626 0)
(0.202876 -0.302929 0)
(0.232636 -0.320137 0)
(0.270893 -0.342917 0)
(0.300385 -0.354943 0)
(0.31598 -0.341495 0)
(0.270645 -0.301361 0)
(0.266762 -0.212484 0)
(0.0649883 -0.0563026 0)
(0.157278 -0.465559 0)
(-0.0979611 -0.694056 0)
(0.231883 -2.10657 0)
(0.468016 -0.340442 0)
(0.390489 -0.367711 0)
(0.320335 -0.374264 0)
(0.264623 -0.366038 0)
(0.225662 -0.350062 0)
(0.202213 -0.331513 0)
(0.193001 -0.316322 0)
(0.196621 -0.312069 0)
(0.215053 -0.3255 0)
(0.251407 -0.353919 0)
(0.298748 -0.377607 0)
(0.33271 -0.373642 0)
(0.342685 -0.331076 0)
(0.293251 -0.259744 0)
(0.268065 -0.150864 0)
(0.10513 0.0188033 0)
(0.162884 -0.397174 0)
(-0.0871258 -0.711261 0)
(0.230716 -2.05196 0)
(0.435242 -0.276152 0)
(0.374931 -0.306067 0)
(0.318068 -0.32171 0)
(0.27023 -0.326132 0)
(0.234137 -0.322855 0)
(0.210262 -0.316111 0)
(0.198238 -0.31229 0)
(0.199009 -0.32135 0)
(0.220305 -0.352834 0)
(0.265577 -0.396642 0)
(0.318899 -0.418133 0)
(0.350421 -0.390699 0)
(0.349304 -0.313605 0)
(0.291303 -0.210118 0)
(0.248731 -0.088687 0)
(0.102508 0.0874381 0)
(0.158756 -0.323077 0)
(-0.0655847 -0.725943 0)
(0.219393 -1.98894 0)
(0.401562 -0.228045 0)
(0.353528 -0.259041 0)
(0.307114 -0.279736 0)
(0.266159 -0.291516 0)
(0.232979 -0.296767 0)
(0.208907 -0.299354 0)
(0.194121 -0.30609 0)
(0.193324 -0.331574 0)
(0.218747 -0.386497 0)
(0.268263 -0.445364 0)
(0.317426 -0.457228 0)
(0.336611 -0.398724 0)
(0.319728 -0.284384 0)
(0.249829 -0.151076 0)
(0.198955 -0.0207808 0)
(0.0484483 0.148519 0)
(0.14184 -0.284792 0)
(-0.0615764 -0.73359 0)
(0.199102 -1.92069 0)
(0.368502 -0.189383 0)
(0.329768 -0.22023 0)
(0.291381 -0.243847 0)
(0.255844 -0.260514 0)
(0.225203 -0.27187 0)
(0.200681 -0.28131 0)
(0.183119 -0.297917 0)
(0.181451 -0.342872 0)
(0.20694 -0.422392 0)
(0.248514 -0.490311 0)
(0.280319 -0.484016 0)
(0.279163 -0.390494 0)
(0.246038 -0.240889 0)
(0.16504 -0.0835488 0)
(0.113244 0.0526353 0)
(-0.0424373 0.192154 0)
(0.118331 -0.273919 0)
(-0.107353 -0.729703 0)
(0.175103 -1.86618 0)
(0.337386 -0.158222 0)
(0.305698 -0.188412 0)
(0.273368 -0.213251 0)
(0.241928 -0.232446 0)
(0.213246 -0.247427 0)
(0.187915 -0.261507 0)
(0.168261 -0.287744 0)
(0.164327 -0.352075 0)
(0.179783 -0.450388 0)
(0.198374 -0.518571 0)
(0.202116 -0.489042 0)
(0.177563 -0.363312 0)
(0.133018 -0.1859 0)
(0.0459888 -0.0142596 0)
(-0.0157203 0.137617 0)
(-0.13242 0.190739 0)
(0.0757015 -0.283615 0)
(-0.0806219 -0.753532 0)
(0.165507 -1.86025 0)
(0.30846 -0.132626 0)
(0.282017 -0.161668 0)
(0.254198 -0.186501 0)
(0.226145 -0.206725 0)
(0.199425 -0.223491 0)
(0.173959 -0.240522 0)
(0.153363 -0.274758 0)
(0.142708 -0.351961 0)
(0.136478 -0.457672 0)
(0.121009 -0.518216 0)
(0.0914728 -0.466389 0)
(0.0453356 -0.318998 0)
(-0.00285579 -0.124046 0)
(-0.0857135 0.0700727 0)
(-0.160925 0.216874 0)
(-0.148077 0.101953 0)
(-0.0188111 -0.284345 0)
(-0.0371508 -0.879624 0)
(0.149274 -1.79307 0)
(0.281594 -0.111259 0)
(0.259234 -0.138859 0)
(0.23519 -0.162993 0)
(0.210538 -0.183395 0)
(0.186442 -0.200753 0)
(0.16262 -0.219409 0)
(0.141931 -0.257082 0)
(0.120146 -0.335234 0)
(0.0867974 -0.435118 0)
(0.0344749 -0.481873 0)
(-0.0280716 -0.415773 0)
(-0.0892154 -0.26301 0)
(-0.126498 -0.0623192 0)
(-0.172079 0.135681 0)
(-0.189016 0.200017 0)
(-0.0455026 -0.0339936 0)
(-0.0702333 -0.287261 0)
(0.0196184 -1.04253 0)
(0.075895 -1.71431 0)
(0.256918 -0.0932999 0)
(0.238088 -0.119389 0)
(0.217741 -0.142708 0)
(0.196917 -0.163073 0)
(0.176583 -0.180662 0)
(0.156491 -0.199577 0)
(0.136625 -0.234103 0)
(0.104773 -0.300815 0)
(0.0502865 -0.383475 0)
(-0.0321924 -0.41407 0)
(-0.119324 -0.345648 0)
(-0.186522 -0.208604 0)
(-0.197495 -0.0332264 0)
(-0.165536 0.122785 0)
(-0.104707 0.132425 0)
(0.113435 -0.103051 0)
(0.00455156 -0.273027 0)
(0.114874 -1.10495 0)
(0.0305188 -1.66438 0)
(0.23482 -0.0783141 0)
(0.219376 -0.103133 0)
(0.202869 -0.125919 0)
(0.18627 -0.146485 0)
(0.170493 -0.164561 0)
(0.155264 -0.182504 0)
(0.138069 -0.208926 0)
(0.104092 -0.256678 0)
(0.0436681 -0.315803 0)
(-0.0476401 -0.332708 0)
(-0.139512 -0.272249 0)
(-0.201064 -0.171316 0)
(-0.188201 -0.063053 0)
(-0.0857134 0.023673 0)
(0.0597317 0.008198 0)
(0.254702 -0.147815 0)
(0.185266 -0.243558 0)
(0.225875 -1.04262 0)
(0.0627625 -1.58113 0)
(0.215432 -0.0662034 0)
(0.203242 -0.0901644 0)
(0.190477 -0.112775 0)
(0.177944 -0.133871 0)
(0.166274 -0.152728 0)
(0.15546 -0.169437 0)
(0.142858 -0.187358 0)
(0.116439 -0.216273 0)
(0.0689529 -0.252614 0)
(-0.00267404 -0.260993 0)
(-0.0724243 -0.218996 0)
(-0.105216 -0.163039 0)
(-0.0758779 -0.13806 0)
(0.0241567 -0.142548 0)
(0.181945 -0.165124 0)
(0.323717 -0.22224 0)
(0.33861 -0.243845 0)
(0.325172 -0.907025 0)
(0.129407 -1.4243 0)
(0.19789 -0.0567038 0)
(0.188416 -0.0801452 0)
(0.178652 -0.102816 0)
(0.169157 -0.124427 0)
(0.160056 -0.144026 0)
(0.15198 -0.160375 0)
(0.143776 -0.173364 0)
(0.128971 -0.190255 0)
(0.104439 -0.211504 0)
(0.068595 -0.214979 0)
(0.034003 -0.1943 0)
(0.0289975 -0.174043 0)
(0.0769054 -0.186209 0)
(0.144038 -0.232161 0)
(0.23072 -0.269837 0)
(0.31912 -0.302416 0)
(0.388521 -0.283263 0)
(0.375716 -0.747865 0)
(0.176638 -1.20542 0)
(0.180148 -0.0492053 0)
(0.172355 -0.0722888 0)
(0.164372 -0.0949977 0)
(0.156408 -0.116735 0)
(0.148274 -0.136804 0)
(0.141035 -0.153655 0)
(0.134766 -0.165877 0)
(0.128389 -0.179801 0)
(0.122555 -0.196141 0)
(0.115399 -0.197938 0)
(0.111755 -0.188058 0)
(0.119568 -0.194482 0)
(0.161279 -0.225782 0)
(0.199825 -0.27307 0)
(0.241987 -0.317088 0)
(0.276826 -0.362734 0)
(0.347233 -0.339748 0)
(0.350578 -0.632455 0)
(0.181803 -0.970764 0)
(0.159946 -0.0428097 0)
(0.152829 -0.0655988 0)
(0.145588 -0.0882253 0)
(0.138116 -0.109712 0)
(0.130251 -0.129985 0)
(0.122836 -0.147323 0)
(0.116322 -0.160982 0)
(0.1128 -0.178057 0)
(0.113809 -0.196338 0)
(0.11729 -0.200974 0)
(0.128259 -0.197261 0)
(0.144643 -0.211506 0)
(0.17467 -0.249984 0)
(0.189307 -0.297981 0)
(0.213349 -0.339728 0)
(0.217113 -0.397655 0)
(0.264616 -0.386782 0)
(0.277505 -0.558821 0)
(0.149024 -0.769814 0)
(0.136542 -0.0367221 0)
(0.129759 -0.0594109 0)
(0.123019 -0.0819026 0)
(0.116071 -0.103049 0)
(0.108737 -0.123409 0)
(0.101446 -0.140725 0)
(0.0950682 -0.156321 0)
(0.0919371 -0.177913 0)
(0.0921851 -0.19897 0)
(0.0950084 -0.207977 0)
(0.107751 -0.212876 0)
(0.125326 -0.232177 0)
(0.151933 -0.267059 0)
(0.156051 -0.310844 0)
(0.174807 -0.347552 0)
(0.162204 -0.409831 0)
(0.185169 -0.413587 0)
(0.195674 -0.508246 0)
(0.10228 -0.619458 0)
(0.111492 -0.0308315 0)
(0.105457 -0.0537427 0)
(0.0995637 -0.0761172 0)
(0.0937606 -0.097101 0)
(0.0873983 -0.117509 0)
(0.0815389 -0.134777 0)
(0.0776562 -0.152537 0)
(0.0760652 -0.177328 0)
(0.0761215 -0.199897 0)
(0.0788193 -0.213955 0)
(0.090918 -0.227736 0)
(0.104824 -0.251504 0)
(0.125801 -0.281205 0)
(0.124079 -0.31961 0)
(0.140212 -0.348867 0)
(0.120637 -0.40715 0)
(0.125504 -0.420793 0)
(0.124819 -0.46906 0)
(0.0593286 -0.518675 0)
(0.0874357 -0.0256988 0)
(0.0825851 -0.0489791 0)
(0.0777056 -0.0712477 0)
(0.0733936 -0.09224 0)
(0.0683897 -0.112999 0)
(0.0654306 -0.13131 0)
(0.0659152 -0.151653 0)
(0.0673461 -0.178235 0)
(0.0694952 -0.201999 0)
(0.0737765 -0.220458 0)
(0.0831957 -0.238964 0)
(0.0907204 -0.262794 0)
(0.102605 -0.287761 0)
(0.0971316 -0.32258 0)
(0.10818 -0.346693 0)
(0.0880031 -0.396398 0)
(0.081676 -0.412878 0)
(0.0698038 -0.438546 0)
(0.0286938 -0.46035 0)
(0.0659084 -0.0216129 0)
(0.0621514 -0.0451449 0)
(0.0581247 -0.0674679 0)
(0.0554186 -0.0888119 0)
(0.0526759 -0.110823 0)
(0.0530934 -0.131589 0)
(0.0573305 -0.154431 0)
(0.0605435 -0.181251 0)
(0.0629949 -0.205203 0)
(0.0658251 -0.225197 0)
(0.0699211 -0.244437 0)
(0.0721072 -0.266916 0)
(0.0774555 -0.290157 0)
(0.0721923 -0.321882 0)
(0.0771645 -0.34324 0)
(0.0610062 -0.382603 0)
(0.0498281 -0.397711 0)
(0.0349635 -0.416744 0)
(0.0126921 -0.430793 0)
(0.0467868 -0.0185242 0)
(0.0435808 -0.0421066 0)
(0.0405876 -0.0649981 0)
(0.039961 -0.0875335 0)
(0.0401577 -0.111386 0)
(0.0426189 -0.134491 0)
(0.0470547 -0.158377 0)
(0.0488946 -0.183471 0)
(0.0490993 -0.206093 0)
(0.048967 -0.226089 0)
(0.049557 -0.245905 0)
(0.0502332 -0.268193 0)
(0.0525749 -0.291205 0)
(0.0491966 -0.319043 0)
(0.0497025 -0.33924 0)
(0.0396266 -0.369596 0)
(0.0298728 -0.383486 0)
(0.0197677 -0.401824 0)
(0.00717992 -0.413754 0)
(0.0292375 -0.0153118 0)
(0.0263968 -0.0394787 0)
(0.025131 -0.0641347 0)
(0.0263587 -0.0884043 0)
(0.0278348 -0.113121 0)
(0.0295848 -0.136726 0)
(0.0310637 -0.160006 0)
(0.0306649 -0.183228 0)
(0.0294972 -0.204908 0)
(0.0286673 -0.225452 0)
(0.0288611 -0.246358 0)
(0.0294898 -0.268587 0)
(0.0302712 -0.291196 0)
(0.028552 -0.315831 0)
(0.0277677 -0.336088 0)
(0.0231042 -0.361022 0)
(0.0179511 -0.375587 0)
(0.0132227 -0.39284 0)
(0.00490417 -0.40253 0)
(0.010782 -0.0125229 0)
(0.00969777 -0.0386496 0)
(0.00987301 -0.0647906 0)
(0.0106076 -0.089516 0)
(0.0108346 -0.113767 0)
(0.0108007 -0.136976 0)
(0.0105033 -0.159868 0)
(0.0100077 -0.182654 0)
(0.00952459 -0.204456 0)
(0.00938821 -0.225631 0)
(0.00959956 -0.246991 0)
(0.00982056 -0.269047 0)
(0.00998724 -0.291519 0)
(0.00957254 -0.315021 0)
(0.00932565 -0.335899 0)
(0.00812959 -0.358943 0)
(0.00676216 -0.374666 0)
(0.00519172 -0.390698 0)
(0.00188161 -0.399263 0)
)
;

boundaryField
{
    leftWall
    {
        type            noSlip;
    }
    rightWall
    {
        type            noSlip;
    }
    lowerWall
    {
        type            noSlip;
    }
    atmosphere
    {
        type            pressureInletOutletVelocity;
        value           nonuniform List<vector> 
46
(
(0.00630139 0.294959 0)
(0.0107618 0.309146 0)
(0.0117797 0.290143 0)
(0.0140183 0.285751 0)
(0.0151221 0.281464 0)
(0.0179503 0.27526 0)
(0.0196627 0.268154 0)
(0.0218758 0.25996 0)
(0.0236836 0.250819 0)
(0.0253751 0.240755 0)
(0.0268157 0.229803 0)
(0.0279825 0.218026 0)
(0.0288572 0.205475 0)
(0.0294112 0.192199 0)
(0.0296182 0.178248 0)
(0.029456 0.163675 0)
(0.0289014 0.14854 0)
(0.027947 0.132888 0)
(0.0265945 0.116748 0)
(0.0248321 0.100134 0)
(0.0227103 0.0830495 0)
(0.0202244 0.0654067 0)
(0.0174222 0.0472211 0)
(0.0153241 0.0337488 0)
(0.0140809 0.0247153 0)
(0.012941 0.0152552 0)
(0.0119997 0.00532846 0)
(0 -0.0125229 0)
(0 -0.0386496 0)
(0 -0.0647906 0)
(0 -0.089516 0)
(0 -0.113767 0)
(0 -0.136976 0)
(0 -0.159868 0)
(0 -0.182654 0)
(0 -0.204456 0)
(0 -0.225631 0)
(0 -0.246991 0)
(0 -0.269047 0)
(0 -0.291519 0)
(0 -0.315021 0)
(0 -0.335899 0)
(0 -0.358943 0)
(0 -0.374666 0)
(0 -0.390698 0)
(0 -0.399263 0)
)
;
    }
    defaultFaces
    {
        type            empty;
    }
}


// ************************************************************************* //
