/*--------------------------------*- C++ -*----------------------------------*\
  =========                 |
  \\      /  F ield         | OpenFOAM: The Open Source CFD Toolbox
   \\    /   O peration     | Website:  https://openfoam.org
    \\  /    A nd           | Version:  13
     \\/     M anipulation  |
\*---------------------------------------------------------------------------*/
FoamFile
{
    format      ascii;
    class       surfaceScalarField;
    location    "0.25";
    object      phi;
}
// * * * * * * * * * * * * * * * * * * * * * * * * * * * * * * * * * * * * * //

dimensions      [0 3 -1 0 0 0 0];

internalField   nonuniform List<scalar> 
4432
(
4.20265e-07
-4.20265e-07
5.01285e-06
-4.59258e-06
1.12011e-05
-6.1882e-06
1.72475e-05
-6.04643e-06
2.25672e-05
-5.31971e-06
2.72232e-05
-4.65604e-06
3.14671e-05
-4.2439e-06
3.55128e-05
-4.04569e-06
3.94676e-05
-3.95477e-06
4.33361e-05
-3.86848e-06
4.70479e-05
-3.71189e-06
5.04805e-05
-3.43259e-06
5.34713e-05
-2.99077e-06
5.57773e-05
-2.30603e-06
5.70496e-05
-1.27224e-06
5.64237e-05
6.25857e-07
5.22412e-05
4.18255e-06
4.2826e-05
9.41515e-06
2.70317e-05
1.57943e-05
6.29951e-06
2.07322e-05
-1.21397e-05
1.84392e-05
-1.79629e-05
5.82323e-06
-1.79629e-05
4.82011e-07
-9.02281e-07
5.1089e-06
-9.21947e-06
1.13035e-05
-1.23828e-05
1.73409e-05
-1.20838e-05
2.26516e-05
-1.06304e-05
2.73111e-05
-9.31556e-06
3.15767e-05
-8.5095e-06
3.56592e-05
-8.12811e-06
3.96594e-05
-7.95506e-06
4.35784e-05
-7.78747e-06
4.73453e-05
-7.47878e-06
5.08409e-05
-6.92818e-06
5.38998e-05
-6.04965e-06
5.63347e-05
-4.74093e-06
5.79117e-05
-2.84925e-06
5.86918e-05
-1.54299e-07
5.89935e-05
3.88094e-06
5.78074e-05
1.06012e-05
5.21612e-05
2.14406e-05
3.82317e-05
3.46617e-05
1.73225e-05
3.93483e-05
1.88541e-06
2.12604e-05
-1.60775e-05
5.84605e-07
-1.48689e-06
5.25266e-06
-1.38875e-05
1.14142e-05
-1.85444e-05
1.73731e-05
-1.80427e-05
2.26095e-05
-1.58668e-05
2.72288e-05
-1.39348e-05
3.14946e-05
-1.27753e-05
3.56086e-05
-1.22421e-05
3.9659e-05
-1.20054e-05
4.3638e-05
-1.17665e-05
4.7473e-05
-1.13138e-05
5.10475e-05
-1.05027e-05
5.42101e-05
-9.21224e-06
5.67756e-05
-7.30638e-06
5.85191e-05
-4.59274e-06
5.91626e-05
-7.97845e-07
5.85977e-05
4.44586e-06
5.73551e-05
1.18437e-05
5.60985e-05
2.26972e-05
5.25546e-05
3.82055e-05
4.07337e-05
5.11692e-05
2.01575e-05
4.18367e-05
4.07993e-06
7.40306e-07
-2.2272e-06
5.47505e-06
-1.86223e-05
1.15848e-05
-2.46542e-05
1.74259e-05
-2.38837e-05
2.25569e-05
-2.09979e-05
2.71264e-05
-1.85043e-05
3.14022e-05
-1.70511e-05
3.55696e-05
-1.64095e-05
3.96978e-05
-1.61336e-05
4.37677e-05
-1.58364e-05
4.77046e-05
-1.52506e-05
5.13972e-05
-1.41954e-05
5.47053e-05
-1.25203e-05
5.74574e-05
-1.00585e-05
5.94494e-05
-6.5848e-06
6.04428e-05
-1.79124e-06
6.01677e-05
4.72101e-06
5.85791e-05
1.34323e-05
5.6586e-05
2.46903e-05
5.52612e-05
3.95304e-05
4.95937e-05
5.68367e-05
3.08472e-05
6.05831e-05
3.49271e-05
9.47336e-07
-3.17453e-06
5.76169e-06
-2.34366e-05
1.17923e-05
-3.06847e-05
1.74771e-05
-2.95686e-05
2.24773e-05
-2.59981e-05
2.69924e-05
-2.30194e-05
3.12892e-05
-2.13479e-05
3.55285e-05
-2.06489e-05
3.97556e-05
-2.03608e-05
4.39387e-05
-2.00195e-05
4.80018e-05
-1.93137e-05
5.18412e-05
-1.80348e-05
5.533e-05
-1.60091e-05
5.83154e-05
-1.30439e-05
6.06166e-05
-8.88602e-06
6.20233e-05
-3.19792e-06
6.22991e-05
4.44521e-06
6.1235e-05
1.44964e-05
5.87422e-05
2.71831e-05
5.59658e-05
4.23068e-05
5.14402e-05
6.13623e-05
3.53551e-05
7.66682e-05
7.02823e-05
1.20068e-06
-4.37521e-06
6.09612e-06
-2.83321e-05
1.20153e-05
-3.6604e-05
1.75102e-05
-3.50634e-05
2.23632e-05
-3.08512e-05
2.6826e-05
-2.74822e-05
3.11563e-05
-2.56782e-05
3.54828e-05
-2.49753e-05
3.98235e-05
-2.47015e-05
4.4134e-05
-2.43299e-05
4.83394e-05
-2.35191e-05
5.23464e-05
-2.20419e-05
5.60447e-05
-1.97074e-05
5.93014e-05
-1.63006e-05
6.19562e-05
-1.15408e-05
6.38169e-05
-5.05862e-06
6.4653e-05
3.60909e-06
6.42502e-05
1.48992e-05
6.21891e-05
2.92443e-05
5.83394e-05
4.61564e-05
5.25918e-05
6.711e-05
3.75952e-05
9.16648e-05
0.000107877
1.49186e-06
-5.86708e-06
6.4636e-06
-3.33038e-05
1.2237e-05
-4.23774e-05
1.75152e-05
-4.03416e-05
2.22148e-05
-3.55508e-05
2.66342e-05
-3.19016e-05
3.10115e-05
-3.00554e-05
3.54365e-05
-2.94004e-05
3.98989e-05
-2.91639e-05
4.43437e-05
-2.87747e-05
4.87009e-05
-2.78763e-05
5.28922e-05
-2.62331e-05
5.68258e-05
-2.3641e-05
6.03878e-05
-1.98626e-05
6.34345e-05
-1.45876e-05
6.57895e-05
-7.41365e-06
6.72187e-05
2.17998e-06
6.74847e-05
1.46332e-05
6.62098e-05
3.05191e-05
6.25944e-05
4.97718e-05
5.58623e-05
7.3842e-05
4.25182e-05
0.000105009
0.000150396
1.80764e-06
-7.67472e-06
6.84307e-06
-3.83393e-05
1.24416e-05
-4.79759e-05
1.74926e-05
-4.53926e-05
2.20466e-05
-4.01048e-05
2.64372e-05
-3.62923e-05
3.08735e-05
-3.44917e-05
3.54029e-05
-3.39298e-05
3.9989e-05
-3.375e-05
4.45713e-05
-3.33569e-05
4.90915e-05
-3.23965e-05
5.34906e-05
-3.06322e-05
5.76948e-05
-2.78452e-05
6.1604e-05
-2.37718e-05
6.50858e-05
-1.80694e-05
6.79746e-05
-1.03024e-05
7.00317e-05
1.22821e-07
7.10005e-05
1.36645e-05
7.0608e-05
3.09116e-05
6.81133e-05
5.22665e-05
6.16132e-05
8.03422e-05
4.77545e-05
0.000118868
0.00019815
7.55096e-06
-7.55096e-06
1.15708e-05
-4.01975e-06
1.31221e-05
-1.55128e-06
1.40225e-05
-9.00552e-07
1.45766e-05
-5.54031e-07
1.49152e-05
-3.38668e-07
1.51184e-05
-2.0309e-07
1.52035e-05
-8.5042e-08
1.51431e-05
6.04456e-08
1.4881e-05
2.62291e-07
1.43339e-05
5.46984e-07
1.34627e-05
8.71259e-07
1.22667e-05
1.19591e-06
1.07675e-05
1.4992e-06
8.97779e-06
1.78979e-06
6.95291e-06
2.02463e-06
4.73827e-06
2.21476e-06
2.39583e-06
2.34236e-06
2.39565e-06
6.44209e-06
-1.39931e-05
1.06367e-05
-8.2143e-06
1.26353e-05
-3.54989e-06
1.40944e-05
-2.35974e-06
1.4955e-05
-1.41454e-06
1.54826e-05
-8.66205e-07
1.58619e-05
-5.82313e-07
1.61128e-05
-3.35706e-07
1.61941e-05
-2.09859e-08
1.60502e-05
4.06499e-07
1.56104e-05
9.86495e-07
1.48197e-05
1.66206e-06
1.36368e-05
2.37887e-06
1.20614e-05
3.07432e-06
1.01258e-05
3.72538e-06
7.8757e-06
4.2746e-06
5.38076e-06
4.70973e-06
2.72134e-06
5.00174e-06
5.1168e-06
7.50537e-06
-2.14985e-05
1.15231e-05
-1.2232e-05
1.30913e-05
-5.11814e-06
1.4349e-05
-3.61751e-06
1.50695e-05
-2.13482e-06
1.5513e-05
-1.30965e-06
1.58499e-05
-9.19296e-07
1.60881e-05
-5.73631e-07
1.61841e-05
-1.17067e-07
1.60443e-05
5.46349e-07
1.5598e-05
1.43262e-06
1.47926e-05
2.46763e-06
1.35975e-05
3.574e-06
1.20163e-05
4.65533e-06
1.00787e-05
5.66311e-06
7.8355e-06
6.51777e-06
5.35213e-06
7.19313e-06
2.70523e-06
7.64872e-06
7.82195e-06
8.93401e-06
-3.04325e-05
1.24023e-05
-1.57002e-05
1.33607e-05
-6.07646e-06
1.45822e-05
-4.83914e-06
1.52101e-05
-2.76261e-06
1.55706e-05
-1.67017e-06
1.58763e-05
-1.22502e-06
1.61332e-05
-8.3034e-07
1.62627e-05
-2.4673e-07
1.61587e-05
6.50511e-07
1.57325e-05
1.85871e-06
1.4931e-05
3.2691e-06
1.37271e-05
4.77806e-06
1.21259e-05
6.25638e-06
1.01694e-05
7.61988e-06
7.90244e-06
8.78476e-06
5.39479e-06
9.7007e-06
2.72831e-06
1.03154e-05
1.05504e-05
1.10226e-05
-4.14551e-05
1.34881e-05
-1.81656e-05
1.34873e-05
-6.07563e-06
1.48233e-05
-6.17524e-06
1.53813e-05
-3.3206e-06
1.56331e-05
-1.9221e-06
1.59144e-05
-1.50622e-06
1.62027e-05
-1.11857e-06
1.63958e-05
-4.39933e-07
1.63461e-05
7.00282e-07
1.59603e-05
2.24458e-06
1.51819e-05
4.04751e-06
1.39808e-05
5.97937e-06
1.23586e-05
7.87843e-06
1.03652e-05
9.61349e-06
8.05219e-06
1.10979e-05
5.50189e-06
1.22509e-05
2.78173e-06
1.30356e-05
1.33322e-05
1.4349e-05
-5.58041e-05
1.52801e-05
-1.90968e-05
1.3319e-05
-4.11439e-06
1.49705e-05
-7.82698e-06
1.5474e-05
-3.82406e-06
1.56347e-05
-2.08295e-06
1.59145e-05
-1.78588e-06
1.62758e-05
-1.47977e-06
1.65557e-05
-7.19863e-07
1.65957e-05
6.60354e-07
1.62715e-05
2.56891e-06
1.55165e-05
4.80243e-06
1.43103e-05
7.18563e-06
1.26639e-05
9.52473e-06
1.06209e-05
1.16567e-05
8.2595e-06
1.34593e-05
5.64201e-06
1.48682e-05
2.85228e-06
1.58255e-05
1.61844e-05
1.53978e-05
-7.12019e-05
1.57699e-05
-1.94691e-05
1.23801e-05
-7.24577e-07
1.50191e-05
-1.04661e-05
1.54378e-05
-4.24278e-06
1.55313e-05
-2.17649e-06
1.58603e-05
-2.11478e-06
1.63293e-05
-1.94859e-06
1.67406e-05
-1.13126e-06
1.68861e-05
5.14989e-07
1.66429e-05
2.81212e-06
1.59261e-05
5.51903e-06
1.4714e-05
8.39761e-06
1.3033e-05
1.12057e-05
1.09435e-05
1.37461e-05
8.50822e-06
1.58944e-05
5.80949e-06
1.75666e-05
2.93709e-06
1.8698e-05
1.91215e-05
6.76225e-06
-7.79642e-05
8.5356e-06
-2.12425e-05
9.18498e-06
-1.37396e-06
1.53626e-05
-1.66438e-05
1.5595e-05
-4.47515e-06
1.54857e-05
-2.06715e-06
1.58242e-05
-2.4532e-06
1.64098e-05
-2.53414e-06
1.69703e-05
-1.69175e-06
1.72527e-05
2.32599e-07
1.71e-05
2.96473e-06
1.64221e-05
6.19679e-06
1.52004e-05
9.61924e-06
1.34809e-05
1.29251e-05
1.13194e-05
1.59075e-05
8.80235e-06
1.84114e-05
6.01184e-06
2.03572e-05
3.03905e-06
2.16707e-05
2.21606e-05
4.85453e-06
-1.25292e-05
1.5808e-05
-4.92928e-05
2.70969e-05
-5.92647e-05
3.70725e-05
-5.53683e-05
4.6346e-05
-4.93783e-05
5.56723e-05
-4.56186e-05
6.53449e-05
-4.41643e-05
7.53339e-05
-4.39188e-05
8.55083e-05
-4.39245e-05
9.57543e-05
-4.36029e-05
0.000106005
-4.26475e-05
0.000116185
-4.08121e-05
0.000126159
-3.78186e-05
0.000135754
-3.33669e-05
0.000144778
-2.70932e-05
0.000152977
-1.8502e-05
0.000159858
-6.75853e-06
0.000164541
8.98242e-06
0.000166845
2.86071e-05
0.00016635
5.27612e-05
0.000163532
8.31603e-05
0.000166442
0.000115958
0.000168373
0.000196219
6.30119e-06
-1.88304e-05
1.73564e-05
-6.0348e-05
2.77458e-05
-6.9654e-05
3.68188e-05
-6.44413e-05
4.57002e-05
-5.82597e-05
5.51162e-05
-5.50345e-05
6.51515e-05
-5.41997e-05
7.56306e-05
-5.43978e-05
8.63948e-05
-5.46886e-05
9.73746e-05
-5.45827e-05
0.000108561
-5.38335e-05
0.00011986
-5.21111e-05
0.0001311
-4.90595e-05
0.000142286
-4.45527e-05
0.000153507
-3.83142e-05
0.000164851
-2.98462e-05
0.00017609
-1.79972e-05
0.000185597
-5.24323e-07
0.000194076
2.01278e-05
0.000200697
4.61403e-05
0.00020948
7.43769e-05
0.000224451
0.000100987
0.000135371
0.000257453
7.7334e-06
-2.65638e-05
1.872e-05
-7.13346e-05
2.81133e-05
-7.90474e-05
3.64018e-05
-7.27298e-05
4.50839e-05
-6.69417e-05
5.4691e-05
-6.46417e-05
6.50576e-05
-6.45662e-05
7.58938e-05
-6.52341e-05
8.70349e-05
-6.58297e-05
9.84151e-05
-6.59629e-05
0.000109993
-6.54118e-05
0.00012159
-6.37077e-05
0.000133245
-6.07149e-05
0.000145759
-5.70668e-05
0.000159535
-5.20894e-05
0.000174816
-4.51275e-05
0.000189765
-3.29463e-05
0.000204417
-1.51766e-05
0.000217482
7.06289e-06
0.00022679
3.68323e-05
0.000237769
6.33987e-05
0.00025048
8.82757e-05
0.000111631
0.00027422
9.08538e-06
-3.56492e-05
1.9761e-05
-8.20102e-05
2.81155e-05
-8.74019e-05
3.57857e-05
-8.04e-05
4.43797e-05
-7.55358e-05
5.40601e-05
-7.43221e-05
6.43885e-05
-7.48947e-05
7.49891e-05
-7.58347e-05
8.56923e-05
-7.65328e-05
9.64335e-05
-7.67041e-05
0.000107328
-7.63062e-05
0.000118606
-7.49858e-05
0.000131407
-7.35158e-05
0.000148292
-7.39519e-05
0.000167393
-7.11906e-05
0.000189224
-6.69578e-05
0.000211162
-5.48844e-05
0.000230394
-3.44093e-05
0.000242246
-4.78847e-06
0.000249432
2.96459e-05
0.000256874
5.59561e-05
0.00026683
7.83201e-05
9.62687e-05
0.000282192
1.03843e-05
-4.60335e-05
2.02496e-05
-9.18755e-05
2.73663e-05
-9.45186e-05
3.44352e-05
-8.74689e-05
4.27555e-05
-8.3856e-05
5.19742e-05
-8.35408e-05
6.14738e-05
-8.43943e-05
7.09788e-05
-8.53397e-05
8.05764e-05
-8.61304e-05
9.0642e-05
-8.67697e-05
0.000102265
-8.79296e-05
0.000117281
-9.00017e-05
0.000137587
-9.38217e-05
0.000167353
-0.000103717
0.000196064
-9.99022e-05
0.00022426
-9.5154e-05
0.000246069
-7.66928e-05
0.00026167
-5.00102e-05
0.000264002
-7.1212e-06
0.00026523
2.84179e-05
0.000266667
5.45199e-05
0.000271216
7.37711e-05
8.69675e-05
0.000280517
1.16766e-05
-5.77101e-05
2.00318e-05
-0.000100231
2.54354e-05
-9.99222e-05
3.17336e-05
-9.37671e-05
3.95103e-05
-9.16327e-05
4.79506e-05
-9.19811e-05
5.67056e-05
-9.31493e-05
6.61875e-05
-9.48216e-05
7.76427e-05
-9.75857e-05
9.21854e-05
-0.000101312
0.000113271
-0.000109016
0.000142539
-0.000119269
0.000180852
-0.000132134
0.000228946
-0.000151812
0.000265636
-0.000136592
0.000289008
-0.000118526
0.000291015
-7.86993e-05
0.00028246
-4.14554e-05
0.000291052
-1.57132e-05
0.000301623
1.78468e-05
0.00029935
5.67934e-05
0.000289644
8.34769e-05
9.23634e-05
0.000284248
1.37806e-05
-7.14907e-05
2.03078e-05
-0.000106758
2.3274e-05
-0.000102888
2.91294e-05
-9.96224e-05
3.74521e-05
-9.99554e-05
4.7148e-05
-0.000101677
5.87624e-05
-0.000104764
7.42407e-05
-0.0001103
9.66077e-05
-0.000119953
0.00012625
-0.000130955
0.000177216
-0.000159982
0.000227179
-0.000169232
0.0002714
-0.000176355
0.000295357
-0.000175769
0.000309708
-0.000150943
0.000291018
-9.98368e-05
0.000262242
-4.99233e-05
0.000256169
-3.53817e-05
0.000296381
-5.59253e-05
0.00035348
-3.92525e-05
0.000387318
2.29553e-05
0.000380911
8.98846e-05
0.000121323
0.000351951
1.88332e-05
-9.03239e-05
2.40533e-05
-0.000111978
2.53062e-05
-0.000104141
3.33921e-05
-0.000107708
4.65248e-05
-0.000113088
6.26362e-05
-0.000117788
8.42696e-05
-0.000126397
0.000117798
-0.000143828
0.00015582
-0.000157975
0.000194357
-0.000169492
0.000228431
-0.000194056
0.000268962
-0.000209764
0.000301653
-0.000209046
0.000314681
-0.000188797
0.000308768
-0.000145029
0.000281827
-7.2896e-05
0.000253363
-2.14593e-05
0.000262066
-4.40842e-05
0.00028321
-7.70696e-05
0.000316931
-7.29729e-05
0.000364602
-2.47162e-05
0.000399676
5.48109e-05
0.000115809
0.00040519
2.56721e-05
-0.000115996
3.23868e-05
-0.000118693
4.02809e-05
-0.000112035
5.63375e-05
-0.000123765
7.73695e-05
-0.00013412
9.93473e-05
-0.000139766
0.000122296
-0.000149345
0.000143204
-0.000164737
0.000170354
-0.000185125
0.000206803
-0.000205941
0.000238307
-0.000225559
0.00026778
-0.000239237
0.000290911
-0.000232177
0.000300534
-0.00019842
0.000290341
-0.000134837
0.000262851
-4.54057e-05
0.000249747
-8.35529e-06
0.000254578
-4.89145e-05
0.000255479
-7.79708e-05
0.00025719
-7.46841e-05
0.000267635
-3.51611e-05
0.000295983
2.64623e-05
8.27002e-05
0.000329092
1.0817e-05
-0.000126813
2.8935e-05
-0.000136811
4.59467e-05
-0.000129047
5.77352e-05
-0.000135553
6.92494e-05
-0.000145634
8.49122e-05
-0.000155429
0.000103092
-0.000167525
0.000123646
-0.000185291
0.000148142
-0.000209621
0.000175536
-0.000233335
0.000201012
-0.000251035
0.000223599
-0.000261824
0.000237474
-0.000246052
0.000239363
-0.000200308
0.00022711
-0.000122584
0.000212398
-3.0694e-05
0.000220572
-1.65297e-05
0.00022215
-5.04925e-05
0.000214797
-7.06173e-05
0.000199702
-5.95886e-05
0.0001855
-2.09595e-05
0.00019182
2.01427e-05
4.90864e-05
0.000225433
1.46941e-06
-0.000128282
1.45567e-05
-0.000149898
3.13112e-05
-0.000145802
4.4493e-05
-0.000148735
5.55488e-05
-0.00015669
6.70363e-05
-0.000166916
8.01848e-05
-0.000180674
9.60154e-05
-0.000201121
0.000115089
-0.000228695
0.000133299
-0.000251544
0.000148204
-0.000265941
0.000158998
-0.000272617
0.000161571
-0.000248625
0.000153764
-0.000192501
0.000136681
-0.000105502
0.000146512
-4.05243e-05
0.000169333
-3.93512e-05
0.000175332
-5.64913e-05
0.000164219
-5.95038e-05
0.000142967
-3.83369e-05
0.000131593
-9.58619e-06
0.00014532
6.41601e-06
1.28024e-05
0.000181604
5.02626e-06
-0.000133308
1.58162e-05
-0.000160688
2.57225e-05
-0.000155708
3.49524e-05
-0.000157965
4.34738e-05
-0.000165212
5.15147e-05
-0.000174957
5.9743e-05
-0.000188902
6.88934e-05
-0.000210272
7.80392e-05
-0.000237841
8.49468e-05
-0.000258452
8.88172e-05
-0.000269811
8.59428e-05
-0.000269743
7.92193e-05
-0.000241901
6.6624e-05
-0.000179905
6.42019e-05
-0.00010308
9.07606e-05
-6.70831e-05
0.000113206
-6.17964e-05
0.000113986
-5.72709e-05
0.000101245
-4.67633e-05
9.60949e-05
-3.31869e-05
0.000112104
-2.55949e-05
0.000144827
-2.63071e-05
-2.96543e-05
0.000187283
8.60214e-06
-0.000141911
1.41346e-05
-0.000166221
2.01313e-05
-0.000161705
2.67044e-05
-0.000164538
3.25346e-05
-0.000171042
3.70891e-05
-0.000179511
4.01197e-05
-0.000191933
4.13075e-05
-0.000211459
3.9573e-05
-0.000236106
3.64459e-05
-0.000255325
3.06819e-05
-0.000264047
1.84897e-05
-0.000257551
4.57631e-06
-0.000227988
-5.25181e-07
-0.000174804
1.30995e-05
-0.000116704
3.69413e-05
-9.0925e-05
4.93135e-05
-7.41687e-05
4.72928e-05
-5.52502e-05
5.63597e-05
-5.58301e-05
8.02662e-05
-5.70934e-05
0.000114223
-5.9552e-05
0.000152821
-6.49051e-05
-7.1924e-05
0.000195091
8.44828e-06
-0.000150359
1.10934e-05
-0.000168866
1.53432e-05
-0.000165955
1.99324e-05
-0.000169128
2.33388e-05
-0.000174448
2.49458e-05
-0.000181118
2.3666e-05
-0.000190653
1.83378e-05
-0.000206131
8.54125e-06
-0.00022631
-3.4508e-06
-0.000243333
-1.78692e-05
-0.000249629
-3.51982e-05
-0.000240221
-5.09003e-05
-0.000212285
-5.39138e-05
-0.00017179
-3.86972e-05
-0.000131921
-2.27864e-05
-0.000106836
-8.03842e-06
-8.89166e-05
1.9308e-05
-8.25964e-05
5.09149e-05
-8.74369e-05
8.28486e-05
-8.90271e-05
0.000116246
-9.2949e-05
0.000151765
-0.000100424
-0.000111025
0.000190866
6.91679e-06
-0.000157276
8.43376e-06
-0.000170383
1.16012e-05
-0.000169122
1.45344e-05
-0.000172061
1.62666e-05
-0.00017618
1.6198e-05
-0.00018105
1.29934e-05
-0.000187448
4.97875e-06
-0.000198116
-8.62411e-06
-0.000212707
-2.61765e-05
-0.00022578
-4.55315e-05
-0.000230274
-6.38031e-05
-0.00022195
-7.64447e-05
-0.000199644
-7.70476e-05
-0.000171187
-6.33469e-05
-0.000145622
-4.05738e-05
-0.000129609
-9.08914e-06
-0.000120401
2.44896e-05
-0.000116175
5.26031e-05
-0.00011555
8.1348e-05
-0.000117772
0.000111638
-0.000123239
0.000143643
-0.000132429
-0.000146217
0.000178835
5.13496e-06
-0.000162411
6.24656e-06
-0.000171495
8.52948e-06
-0.000171405
1.03444e-05
-0.000173876
1.12322e-05
-0.000177068
1.07621e-05
-0.00018058
7.8219e-06
-0.000184508
5.3916e-07
-0.000190833
-1.19754e-05
-0.000200192
-2.8513e-05
-0.000209243
-4.57362e-05
-0.00021305
-5.95377e-05
-0.000208148
-6.46563e-05
-0.000194525
-5.87516e-05
-0.000177092
-4.27167e-05
-0.000161657
-2.10879e-05
-0.000151238
2.86544e-06
-0.000144354
2.65612e-05
-0.000139871
5.04958e-05
-0.000139485
7.64355e-05
-0.000143712
0.000103924
-0.000150727
0.000133079
-0.000161585
-0.000178417
0.000165279
3.5366e-06
-0.000165948
4.49273e-06
-0.000172451
6.07037e-06
-0.000172983
7.18288e-06
-0.000174988
7.63018e-06
-0.000177515
7.25354e-06
-0.000180203
5.58601e-06
-0.00018284
1.06942e-06
-0.000186317
-7.24126e-06
-0.000191882
-1.83648e-05
-0.000198119
-2.96682e-05
-0.000201747
-3.78769e-05
-0.000199939
-3.97466e-05
-0.000192655
-3.42775e-05
-0.000182561
-2.30335e-05
-0.000172901
-8.83905e-06
-0.000165432
7.22123e-06
-0.000160415
2.57621e-05
-0.000158412
4.67446e-05
-0.000160467
6.93588e-05
-0.000166326
9.35143e-05
-0.000174882
0.000119477
-0.000187548
-0.000207213
0.000148273
2.30389e-06
-0.000168252
3.08729e-06
-0.000173234
4.09301e-06
-0.000173989
4.73219e-06
-0.000175627
4.879e-06
-0.000177662
4.5385e-06
-0.000179862
3.69496e-06
-0.000181996
1.66478e-06
-0.000184287
-2.55942e-06
-0.000187658
-8.80543e-06
-0.000191873
-1.56204e-05
-0.000194932
-2.08733e-05
-0.000194686
-2.26578e-05
-0.000190871
-2.01326e-05
-0.000185086
-1.36454e-05
-0.000179388
-4.03316e-06
-0.000175044
8.4024e-06
-0.00017285
2.37253e-05
-0.000173735
4.11972e-05
-0.000177939
6.01752e-05
-0.000185304
8.06781e-05
-0.000195385
0.000102717
-0.000209587
-0.000231036
0.000126541
1.4041e-06
-0.000169656
1.93168e-06
-0.000173762
2.47291e-06
-0.00017453
2.71983e-06
-0.000175874
2.59748e-06
-0.00017754
2.16394e-06
-0.000179429
1.47967e-06
-0.000181312
4.3695e-07
-0.000183244
-1.67131e-06
-0.000185549
-5.25233e-06
-0.000188292
-9.65887e-06
-0.000190525
-1.33971e-05
-0.000190948
-1.50048e-05
-0.000189263
-1.36965e-05
-0.000186394
-9.36917e-06
-0.000183715
-2.12749e-06
-0.000182286
7.86977e-06
-0.000182848
1.9991e-05
-0.000185856
3.39258e-05
-0.000191874
4.9245e-05
-0.000200623
6.60628e-05
-0.000212203
8.40733e-05
-0.000227597
-0.000250072
0.000103109
7.39323e-07
-0.000170395
9.81079e-07
-0.000174004
1.14579e-06
-0.000174695
1.07247e-06
-0.000175801
7.05458e-07
-0.000177173
3.16869e-08
-0.000178755
-8.27645e-07
-0.000180453
-1.86751e-06
-0.000182204
-3.3908e-06
-0.000184026
-5.74327e-06
-0.00018594
-8.65131e-06
-0.000187617
-1.11739e-05
-0.000188426
-1.22958e-05
-0.000188141
-1.13321e-05
-0.000187358
-8.01958e-06
-0.000187027
-2.43836e-06
-0.000187867
5.10743e-06
-0.000190393
1.43591e-05
-0.000195107
2.49998e-05
-0.000202515
3.69206e-05
-0.000212544
4.99674e-05
-0.00022525
6.39946e-05
-0.000241624
-0.000264741
7.86642e-05
2.46298e-07
-0.000170641
2.09923e-07
-0.000173967
5.50489e-08
-0.00017454
-2.84969e-07
-0.000175461
-8.54193e-07
-0.000176603
-1.68275e-06
-0.000177926
-2.7471e-06
-0.000179388
-4.00445e-06
-0.000180947
-5.48869e-06
-0.000182542
-7.3051e-06
-0.000184124
-9.33738e-06
-0.000185585
-1.10513e-05
-0.000186712
-1.17531e-05
-0.00018744
-1.097e-05
-0.000188141
-8.56975e-06
-0.000189428
-4.63075e-06
-0.000191806
6.9781e-07
-0.000195722
7.28706e-06
-0.000201697
1.48694e-05
-0.000210097
2.33996e-05
-0.000221074
3.27375e-05
-0.000234587
4.25757e-05
-0.000251462
-0.000274785
5.2619e-05
-1.20646e-07
-0.000170521
-4.28662e-07
-0.000173659
-8.45346e-07
-0.000174123
-1.41223e-06
-0.000174894
-2.15762e-06
-0.000175858
-3.10319e-06
-0.000176981
-4.25713e-06
-0.000178235
-5.60329e-06
-0.000179601
-7.10144e-06
-0.000181044
-8.71242e-06
-0.000182513
-1.03353e-05
-0.000183963
-1.16833e-05
-0.000185364
-1.23458e-05
-0.000186777
-1.20291e-05
-0.000188458
-1.06657e-05
-0.000190791
-8.30564e-06
-0.000194166
-5.02574e-06
-0.000199002
-9.4339e-07
-0.000205779
3.83795e-06
-0.000214878
9.16546e-06
-0.000226401
1.47959e-05
-0.000240218
2.05626e-05
-0.000257229
-0.000280119
2.58969e-05
-4.06428e-07
-0.000170114
-9.59926e-07
-0.000173106
-1.6002e-06
-0.000173483
-2.3646e-06
-0.00017413
-3.27329e-06
-0.000174949
-4.33717e-06
-0.000175917
-5.55969e-06
-0.000177012
-6.93846e-06
-0.000178222
-8.44821e-06
-0.000179534
-1.00264e-05
-0.000180935
-1.15661e-05
-0.000182423
-1.28952e-05
-0.000184035
-1.38022e-05
-0.000185871
-1.41342e-05
-0.000188126
-1.38491e-05
-0.000191076
-1.2973e-05
-0.000195042
-1.15744e-05
-0.0002004
-9.779e-06
-0.000207575
-7.73471e-06
-0.000216923
-5.60627e-06
-0.00022853
-3.50755e-06
-0.000242317
-1.68956e-06
-0.000259047
-0.000281105
-7.03888e-07
-6.4073e-07
-0.000169473
-1.40443e-06
-0.000172342
-2.2388e-06
-0.000172648
-3.17772e-06
-0.000173191
-4.24003e-06
-0.000173887
-5.43504e-06
-0.000174722
-6.76282e-06
-0.000175685
-8.21786e-06
-0.000176767
-9.78415e-06
-0.000177968
-1.142e-05
-0.000179299
-1.30522e-05
-0.000180791
-1.45817e-05
-0.000182506
-1.59033e-05
-0.000184549
-1.6945e-05
-0.000187084
-1.7694e-05
-0.000190327
-1.81918e-05
-0.000194545
-1.85321e-05
-0.00020006
-1.88623e-05
-0.000207244
-1.93566e-05
-0.000216428
-2.01732e-05
-0.000227713
-2.14592e-05
-0.000241031
-2.34853e-05
-0.000257021
-0.000277883
-2.67073e-05
-8.36031e-07
-0.000168637
-1.77748e-06
-0.000171401
-2.77972e-06
-0.000171646
-3.87306e-06
-0.000172098
-5.07711e-06
-0.000172683
-6.40318e-06
-0.000173396
-7.855e-06
-0.000174233
-9.42789e-06
-0.000175194
-1.11095e-05
-0.000176286
-1.28792e-05
-0.000177529
-1.47043e-05
-0.000178966
-1.65398e-05
-0.00018067
-1.83424e-05
-0.000182747
-2.00935e-05
-0.000185334
-2.18168e-05
-0.000188604
-2.35846e-05
-0.000192777
-2.55228e-05
-0.000198122
-2.78065e-05
-0.000204961
-3.06416e-05
-0.000213593
-3.42171e-05
-0.000224138
-3.87239e-05
-0.000236524
-4.44926e-05
-0.000251252
-0.000270388
-5.1988e-05
-9.97728e-07
-0.00016764
-2.08842e-06
-0.00017031
-3.23415e-06
-0.000170501
-4.46295e-06
-0.000170869
-5.79538e-06
-0.000171351
-7.24482e-06
-0.000171947
-8.82023e-06
-0.000172658
-1.05253e-05
-0.000173489
-1.23579e-05
-0.000174454
-1.43117e-05
-0.000175576
-1.63798e-05
-0.000176898
-1.85576e-05
-0.000178493
-2.0849e-05
-0.000180456
-2.3277e-05
-0.000182906
-2.58984e-05
-0.000185983
-2.88154e-05
-0.00018986
-3.21821e-05
-0.000194756
-3.62066e-05
-0.000200936
-4.11376e-05
-0.000208662
-4.72265e-05
-0.000218049
-5.47436e-05
-0.000229006
-6.41476e-05
-0.000241848
-0.000258387
-7.6149e-05
-1.12857e-06
-0.000166511
-2.34238e-06
-0.000169096
-3.60809e-06
-0.000169235
-4.95308e-06
-0.000169524
-6.39886e-06
-0.000169905
-7.96186e-06
-0.000170384
-9.6561e-06
-0.000170964
-1.14934e-05
-0.000171652
-1.34833e-05
-0.000172464
-1.56347e-05
-0.000173424
-1.79595e-05
-0.000174574
-2.04796e-05
-0.000175973
-2.32315e-05
-0.000177704
-2.62718e-05
-0.000179865
-2.96857e-05
-0.000182569
-3.35993e-05
-0.000185946
-3.81901e-05
-0.000190165
-4.36966e-05
-0.00019543
-5.04083e-05
-0.000201951
-5.86417e-05
-0.000209815
-6.87539e-05
-0.000218894
-8.13377e-05
-0.000229265
-0.0002423
-9.74248e-05
-1.23038e-06
-0.000165281
-2.5421e-06
-0.000167785
-3.90408e-06
-0.000167873
-5.34446e-06
-0.000168084
-6.88539e-06
-0.000168364
-8.54706e-06
-0.000168723
-1.03485e-05
-0.000169162
-1.23081e-05
-0.000169692
-1.44452e-05
-0.000170327
-1.67817e-05
-0.000171088
-1.9346e-05
-0.000172009
-2.21782e-05
-0.00017314
-2.53358e-05
-0.000174546
-2.88983e-05
-0.000176303
-3.29726e-05
-0.000178494
-3.77034e-05
-0.000181216
-4.32854e-05
-0.000184583
-4.99753e-05
-0.00018874
-5.80932e-05
-0.000193833
-6.79964e-05
-0.000199912
-8.01005e-05
-0.00020679
-9.50525e-05
-0.000214313
-0.000223311
-0.000114041
-1.30499e-06
-0.000163976
-2.68928e-06
-0.0001664
-4.12305e-06
-0.000166439
-5.63581e-06
-0.000166571
-7.25011e-06
-0.00016675
-8.9895e-06
-0.000166983
-1.08772e-05
-0.000167275
-1.29379e-05
-0.000167632
-1.51989e-05
-0.000168066
-1.76919e-05
-0.000168595
-2.04572e-05
-0.000169244
-2.3548e-05
-0.00017005
-2.70351e-05
-0.000171059
-3.10115e-05
-0.000172326
-3.55978e-05
-0.000173908
-4.09494e-05
-0.000175864
-4.72689e-05
-0.000178263
-5.48188e-05
-0.00018119
-6.39257e-05
-0.000184726
-7.49692e-05
-0.000188868
-8.8375e-05
-0.000193384
-0.000104771
-0.000197917
-0.000202779
-0.000125304
-1.35412e-06
-0.000162622
-2.78515e-06
-0.000164969
-4.26519e-06
-0.000164959
-5.82507e-06
-0.000165011
-7.4878e-06
-0.000165087
-9.27952e-06
-0.000165192
-1.12268e-05
-0.000165327
-1.33591e-05
-0.0001655
-1.57098e-05
-0.000165716
-1.83176e-05
-0.000165987
-2.12309e-05
-0.00016633
-2.45111e-05
-0.000166769
-2.82366e-05
-0.000167333
-3.25072e-05
-0.000168056
-3.74483e-05
-0.000168967
-4.32178e-05
-0.000170095
-5.00169e-05
-0.000171464
-5.80997e-05
-0.000173108
-6.77808e-05
-0.000175045
-7.94253e-05
-0.000177223
-9.34371e-05
-0.000179373
-0.000110355
-0.000180999
-0.000181993
-0.000131142
-1.3789e-06
-0.000161243
-2.83043e-06
-0.000163517
-4.33029e-06
-0.000163459
-5.91027e-06
-0.000163431
-7.59388e-06
-0.000163403
-9.40884e-06
-0.000163377
-1.13842e-05
-0.000163352
-1.35526e-05
-0.000163331
-1.59514e-05
-0.000163317
-1.86239e-05
-0.000163314
-2.16231e-05
-0.000163331
-2.50147e-05
-0.000163378
-2.888e-05
-0.000163468
-3.33201e-05
-0.000163616
-3.84587e-05
-0.000163829
-4.44478e-05
-0.000164105
-5.14776e-05
-0.000164434
-5.97833e-05
-0.000164802
-6.96504e-05
-0.000165178
-8.14077e-05
-0.000165466
-9.54023e-05
-0.000165378
-0.000112051
-0.00016435
-0.000161992
-0.000132051
-1.37925e-06
-0.000159864
-2.82505e-06
-0.000162071
-4.31783e-06
-0.000161966
-5.89002e-06
-0.000161859
-7.56532e-06
-0.000161728
-9.37205e-06
-0.00016157
-1.13406e-05
-0.000161383
-1.35058e-05
-0.000161166
-1.59067e-05
-0.000160916
-1.85891e-05
-0.000160632
-2.16078e-05
-0.000160312
-2.5029e-05
-0.000159957
-2.89334e-05
-0.000159564
-3.34192e-05
-0.00015913
-3.86035e-05
-0.000158645
-4.46267e-05
-0.000158082
-5.16595e-05
-0.000157402
-5.99104e-05
-0.000156551
-6.96253e-05
-0.000155463
-8.10818e-05
-0.00015401
-9.45571e-05
-0.000151903
-0.00011034
-0.000148568
-0.000143462
-0.00012887
-1.35299e-06
-0.00015851
-2.76718e-06
-0.000160657
-4.22637e-06
-0.000160507
-5.76312e-06
-0.000160322
-7.40068e-06
-0.000160091
-9.16707e-06
-0.000159803
-1.10931e-05
-0.000159457
-1.32139e-05
-0.000159045
-1.55691e-05
-0.000158561
-1.82048e-05
-0.000157996
-2.11753e-05
-0.000157342
-2.45449e-05
-0.000156587
-2.83905e-05
-0.000155718
-3.28043e-05
-0.000154716
-3.78936e-05
-0.000153555
-4.37834e-05
-0.000152192
-5.06207e-05
-0.000150564
-5.85817e-05
-0.00014859
-6.78711e-05
-0.000146173
-7.8707e-05
-0.000143174
-9.12953e-05
-0.000139315
-0.000105807
-0.000134056
-0.000126797
-0.000122472
-1.29478e-06
-0.000157216
-2.65228e-06
-0.0001593
-4.05255e-06
-0.000159106
-5.5272e-06
-0.000158847
-7.09857e-06
-0.000158519
-8.79348e-06
-0.000158108
-1.0642e-05
-0.000157609
-1.26783e-05
-0.000157009
-1.49409e-05
-0.000156298
-1.74747e-05
-0.000155462
-2.03317e-05
-0.000154485
-2.35723e-05
-0.000153347
-2.72677e-05
-0.000152023
-3.15014e-05
-0.000150483
-3.63694e-05
-0.000148687
-4.19799e-05
-0.000146582
-4.84552e-05
-0.000144089
-5.5937e-05
-0.000141108
-6.45869e-05
-0.000137524
-7.45712e-05
-0.000133189
-8.60284e-05
-0.000127857
-9.90366e-05
-0.000121048
-0.000112161
-0.000113672
-1.19657e-06
-0.000156019
-2.47341e-06
-0.000158023
-3.79068e-06
-0.000157789
-5.17735e-06
-0.00015746
-6.65516e-06
-0.000157041
-8.24898e-06
-0.000156515
-9.98733e-06
-0.00015587
-1.19018e-05
-0.000155095
-1.40287e-05
-0.000154171
-1.641e-05
-0.000153081
-1.90936e-05
-0.000151802
-2.21349e-05
-0.000150305
-2.5598e-05
-0.000148559
-2.95564e-05
-0.000146524
-3.40934e-05
-0.00014415
-3.93012e-05
-0.000141374
-4.52788e-05
-0.000138112
-5.2135e-05
-0.000134252
-5.99919e-05
-0.000129667
-6.89699e-05
-0.000124212
-7.91541e-05
-0.000117673
-9.05568e-05
-0.000109645
-9.9573e-05
-0.000103145
-1.0521e-06
-0.000154967
-2.22546e-06
-0.000156849
-3.43636e-06
-0.000156578
-4.70896e-06
-0.000156188
-6.06572e-06
-0.000155685
-7.52941e-06
-0.000155051
-9.12637e-06
-0.000154273
-1.0885e-05
-0.000153336
-1.2838e-05
-0.000152218
-1.50225e-05
-0.000150897
-1.74811e-05
-0.000149343
-2.02624e-05
-0.000147524
-2.34225e-05
-0.000145399
-2.70249e-05
-0.000142922
-3.11401e-05
-0.000140035
-3.58445e-05
-0.00013667
-4.12176e-05
-0.000132739
-4.734e-05
-0.00012813
-5.42976e-05
-0.000122709
-6.21754e-05
-0.000116334
-7.10193e-05
-0.000108829
-8.08e-05
-9.98648e-05
-8.89544e-05
-9.14183e-05
-8.65065e-07
-0.000154102
-1.91464e-06
-0.0001558
-2.99738e-06
-0.000155496
-4.13073e-06
-0.000155055
-5.33881e-06
-0.000154476
-6.64298e-06
-0.000153747
-8.06735e-06
-0.000152849
-9.63721e-06
-0.000151766
-1.13809e-05
-0.000150475
-1.33299e-05
-0.000148948
-1.55197e-05
-0.000147153
-1.79911e-05
-0.000145052
-2.07906e-05
-0.0001426
-2.39709e-05
-0.000139742
-2.759e-05
-0.000136416
-3.17105e-05
-0.000132549
-3.63959e-05
-0.000128053
-4.17057e-05
-0.00012282
-4.76969e-05
-0.000116718
-5.44243e-05
-0.000109606
-6.19138e-05
-0.00010134
-7.01089e-05
-9.16695e-05
-8.01801e-05
-7.88833e-05
-6.53188e-07
-0.000153449
-1.56399e-06
-0.00015489
-2.50001e-06
-0.00015456
-3.47297e-06
-0.000154082
-4.50773e-06
-0.000153442
-5.62476e-06
-0.00015263
-6.84606e-06
-0.000151628
-8.19445e-06
-0.000150417
-9.69437e-06
-0.000148975
-1.13719e-05
-0.000147271
-1.32555e-05
-0.00014527
-1.53769e-05
-0.000142931
-1.7772e-05
-0.000140204
-2.04811e-05
-0.000137033
-2.35489e-05
-0.000133348
-2.70243e-05
-0.000129074
-3.09575e-05
-0.00012412
-3.53947e-05
-0.000118383
-4.03737e-05
-0.000111739
-4.59295e-05
-0.000104051
-5.20727e-05
-9.51965e-05
-5.87412e-05
-8.50009e-05
-7.31153e-05
-6.58059e-05
-4.39728e-07
-0.000153009
-1.19848e-06
-0.000154131
-1.96887e-06
-0.000153789
-2.76268e-06
-0.000153288
-3.60311e-06
-0.000152601
-4.50939e-06
-0.000151723
-5.50066e-06
-0.000150637
-6.59708e-06
-0.000149321
-7.81971e-06
-0.000147752
-9.19037e-06
-0.0001459
-1.0732e-05
-0.000143728
-1.24688e-05
-0.000141194
-1.44271e-05
-0.000138246
-1.66349e-05
-0.000134825
-1.91222e-05
-0.000130861
-2.19223e-05
-0.000126274
-2.50701e-05
-0.000120972
-2.86001e-05
-0.000114853
-3.25407e-05
-0.000107798
-3.69147e-05
-9.96763e-05
-4.17261e-05
-9.0385e-05
-4.69197e-05
-7.98075e-05
-6.76627e-05
-5.23723e-05
-2.43072e-07
-0.000152766
-8.25048e-07
-0.000153549
-1.40651e-06
-0.000153208
-2.00031e-06
-0.000152694
-2.62403e-06
-0.000151977
-3.29469e-06
-0.000151053
-4.02796e-06
-0.000149903
-4.84021e-06
-0.000148509
-5.74853e-06
-0.000146844
-6.77079e-06
-0.000144878
-7.9257e-06
-0.000142574
-9.23285e-06
-0.000139887
-1.07122e-05
-0.000136767
-1.23838e-05
-0.000133154
-1.42668e-05
-0.000128978
-1.63801e-05
-0.00012416
-1.87428e-05
-0.00011861
-2.13744e-05
-0.000112222
-2.42936e-05
-0.000104879
-2.75147e-05
-9.64554e-05
-3.10403e-05
-8.68592e-05
-3.48257e-05
-7.60221e-05
-6.37282e-05
-3.87604e-05
-8.14113e-08
-0.000152685
-4.60687e-07
-0.00015317
-8.27985e-07
-0.000152841
-1.19628e-06
-0.000152326
-1.57787e-06
-0.000151596
-1.98625e-06
-0.000150644
-2.43244e-06
-0.000149457
-2.92721e-06
-0.000148014
-3.48176e-06
-0.000146289
-4.10808e-06
-0.000144251
-4.81935e-06
-0.000141862
-5.62994e-06
-0.000139076
-6.55497e-06
-0.000135842
-7.60954e-06
-0.000132099
-8.80791e-06
-0.00012778
-1.01628e-05
-0.000122806
-1.16852e-05
-0.000117087
-1.33848e-05
-0.000110522
-1.52712e-05
-0.000102993
-1.7351e-05
-9.43757e-05
-1.96378e-05
-8.45725e-05
-2.21138e-05
-7.3546e-05
-6.11505e-05
-2.46916e-05
6.43669e-09
-1.4887e-07
-2.80111e-07
-4.06431e-07
-5.3546e-07
-6.72235e-07
-8.20261e-07
-9.82763e-07
-1.16334e-06
-1.36613e-06
-1.59599e-06
-1.85863e-06
-2.16048e-06
-2.50826e-06
-2.90852e-06
-3.36751e-06
-3.89135e-06
-4.4859e-06
-5.15644e-06
-5.90567e-06
-6.74395e-06
-7.69938e-06
-8.77472e-06
0.000114031
8.21886e-05
4.6478e-05
6.75526e-05
8.53214e-07
4.56248e-05
2.21534e-05
-2.13002e-05
0.000261093
7.85487e-05
0.000248341
8.03044e-05
0.000218286
7.568e-05
6.96821e-05
0.000170758
0.000291478
6.12906e-05
0.00030508
6.6702e-05
0.000309814
7.09468e-05
7.527e-05
0.000304226
0.000293057
5.04257e-05
0.000305781
5.39781e-05
0.000318951
5.77766e-05
6.25286e-05
0.000331693
0.00028702
4.3923e-05
0.000295512
4.54861e-05
0.000305396
4.78921e-05
5.06546e-05
0.00031727
0.000283477
4.46938e-05
0.000285894
4.30697e-05
0.000290598
4.31873e-05
4.40885e-05
0.000297165
0.000337037
5.96081e-05
0.000323392
5.67149e-05
0.000313994
5.25852e-05
5.09565e-05
0.000307126
0.000397614
6.71843e-05
0.000384731
6.95976e-05
0.000369716
6.76001e-05
6.45153e-05
0.000356158
0.000343521
5.27556e-05
0.000355485
5.76333e-05
0.000363431
5.96544e-05
5.96743e-05
0.000368272
0.000248834
2.93547e-05
0.000274647
3.18201e-05
0.000300475
3.38272e-05
3.40857e-05
0.000326064
0.000204249
6.70978e-06
0.000229091
6.97786e-06
0.000254797
8.12182e-06
7.65837e-06
0.000281224
0.000209338
-1.53449e-05
0.000232022
-1.5706e-05
0.00025495
-1.48061e-05
-1.49876e-05
0.000277596
0.000216679
-3.69327e-05
0.000239043
-3.80698e-05
0.00026256
-3.83235e-05
-3.94112e-05
0.000286984
0.000210952
-5.70189e-05
0.000232448
-5.95653e-05
0.000256122
-6.1998e-05
-6.42177e-05
0.000280929
0.000197108
-7.52922e-05
0.000217179
-7.96365e-05
0.000239231
-8.40499e-05
-8.69473e-05
0.000261961
0.000182207
-9.22201e-05
0.000200986
-9.84157e-05
0.000221095
-0.000104158
-0.000107939
0.000242087
0.000163571
-0.000107518
0.000180777
-0.000115621
0.000199696
-0.000123077
-0.000127924
0.000219681
0.000138967
-0.000119945
0.000152647
-0.0001293
0.000167811
-0.000138242
-0.000143988
0.000183875
0.000112622
-0.000129458
0.000122622
-0.0001393
0.00013345
-0.00014907
-0.000154988
0.00014445
8.58753e-05
-0.000136669
9.34656e-05
-0.00014689
0.000102032
-0.000157636
-0.000164999
0.000112042
5.72323e-05
-0.000141282
6.1759e-05
-0.000151417
6.67711e-05
-0.000162648
-0.000171742
7.35149e-05
2.78695e-05
-0.000143255
2.92691e-05
-0.000152817
3.04697e-05
-0.000163849
-0.000173855
3.25825e-05
-8.67208e-07
-0.000143092
-1.692e-06
-0.000151992
-2.93805e-06
-0.000162603
-0.000173317
-3.47597e-06
-2.88231e-05
-0.000140976
-3.16014e-05
-0.000149214
-3.50775e-05
-0.000159127
-0.000170178
-3.82166e-05
-5.62414e-05
-0.000136723
-6.12191e-05
-0.000144236
-6.71865e-05
-0.000153159
-0.00016372
-7.36447e-05
-8.29441e-05
-0.000129928
-9.07114e-05
-0.000136469
-9.98299e-05
-0.000144041
-0.000153064
-0.000110486
-0.000106642
-0.00012071
-0.000117165
-0.000125946
-0.000129391
-0.000131815
-0.00013845
-0.000144005
-0.000124922
-0.000109829
-0.000137297
-0.00011357
-0.000151468
-0.000117645
-0.000121781
-0.000168137
-0.000136967
-9.81664e-05
-0.000150144
-0.000100392
-0.000165009
-0.000102779
-0.000104862
-0.000181928
-0.000142763
-8.65452e-05
-0.000155775
-8.73802e-05
-0.00017029
-8.8264e-05
-8.87165e-05
-0.000186436
-0.000143012
-7.55845e-05
-0.000155132
-7.52602e-05
-0.000168482
-7.4914e-05
-7.41249e-05
-0.000183073
-0.000138817
-6.56377e-05
-0.000149669
-6.44079e-05
-0.000161473
-6.31099e-05
-6.14155e-05
-0.000174182
-0.000131244
-5.68653e-05
-0.000140687
-5.49645e-05
-0.000150833
-5.29641e-05
-5.06326e-05
-0.000161616
-0.000121239
-4.92978e-05
-0.000129282
-4.69215e-05
-0.000137821
-4.4425e-05
-4.1663e-05
-0.000146791
-0.00010955
-4.28927e-05
-0.00011628
-4.01918e-05
-0.000123346
-3.73584e-05
-3.4321e-05
-0.000130688
-9.67441e-05
-3.75666e-05
-0.000102284
-3.46519e-05
-0.000108045
-3.15976e-05
-2.83876e-05
-0.000113978
-8.3229e-05
-3.3221e-05
-8.77104e-05
-3.01703e-05
-9.23343e-05
-2.69737e-05
-2.36553e-05
-9.70666e-05
-6.92603e-05
-2.97666e-05
-7.28012e-05
-2.66296e-05
-7.64329e-05
-2.33421e-05
-1.99473e-05
-8.01408e-05
-5.50099e-05
-2.71289e-05
-5.77023e-05
-2.39373e-05
-6.04605e-05
-2.0584e-05
-1.71288e-05
-6.3279e-05
-4.06332e-05
-2.52562e-05
-4.25465e-05
-2.20239e-05
-4.45017e-05
-1.86289e-05
-1.51107e-05
-4.65198e-05
-2.59006e-05
-2.40473e-05
-2.71339e-05
-2.07908e-05
-2.83977e-05
-1.73651e-05
-1.37807e-05
-2.97278e-05
-9.27045e-06
-9.79921e-06
-1.03519e-05
-1.0935e-05
-5.44719e-05
-4.47925e-05
-3.86117e-05
-3.71027e-05
3.40136e-06
-4.3387e-05
3.44055e-05
-4.7648e-05
3.37468e-05
-3.81653e-06
3.27305e-05
-1.05088e-06
3.36221e-05
-3.34477e-06
3.54814e-05
-4.39361e-06
3.72901e-05
-3.50048e-06
3.83914e-05
-8.68696e-07
3.83861e-05
2.97e-06
3.70443e-05
7.5384e-06
3.43881e-05
1.22756e-05
3.05314e-05
1.67818e-05
2.56406e-05
2.07984e-05
1.99249e-05
2.4127e-05
1.3601e-05
2.66812e-05
6.87251e-06
2.83993e-05
2.90329e-05
1.59082e-05
0.000110057
-4.54005e-05
2.42059e-05
-2.07693e-05
-6.80182e-05
1.82439e-05
-8.66613e-05
2.85274e-05
-1.41001e-05
2.9259e-05
-1.78256e-06
3.20293e-05
-6.11528e-06
3.56007e-05
-7.96521e-06
3.89702e-05
-6.87e-06
4.12465e-05
-3.14493e-06
4.19216e-05
2.29503e-06
4.08106e-05
8.64924e-06
3.80171e-05
1.50693e-05
3.37685e-05
2.10304e-05
2.8342e-05
2.62249e-05
2.1999e-05
3.04699e-05
1.50026e-05
3.36776e-05
7.57438e-06
3.58275e-05
3.66073e-05
0.000242432
0.00017185
0.000131225
0.000135414
-1.09325e-05
7.41389e-05
1.65037e-05
-0.000114098
2.06031e-05
-1.81996e-05
1.83792e-05
4.41245e-07
2.71039e-05
-1.48402e-05
3.52592e-05
-1.61206e-05
4.13963e-05
-1.3007e-05
4.53398e-05
-7.08846e-06
4.68201e-05
8.14684e-07
4.58781e-05
9.59129e-06
4.2793e-05
1.81544e-05
3.79548e-05
2.58688e-05
3.17728e-05
3.24068e-05
2.46019e-05
3.76411e-05
1.67403e-05
4.15393e-05
8.44695e-06
4.41209e-05
4.50542e-05
0.000338365
0.000165177
0.000299506
0.000174273
0.000215666
0.000157979
-5.35022e-06
0.000106919
-2.46383e-06
-2.10861e-05
6.78575e-07
-2.7012e-06
1.74563e-05
-3.16182e-05
3.31573e-05
-3.18217e-05
4.47507e-05
-2.46004e-05
5.12706e-05
-1.36085e-05
5.36265e-05
-1.54135e-06
5.26502e-05
1.05676e-05
4.89704e-05
2.18343e-05
4.32374e-05
3.16019e-05
3.60238e-05
3.96203e-05
2.77756e-05
4.58895e-05
1.88458e-05
5.04691e-05
9.49107e-06
5.34758e-05
5.45452e-05
0.000348067
0.00013438
0.00035909
0.00016325
0.000333795
0.000183275
0.000264208
0.000176505
0.000110304
0.000132818
6.49098e-05
4.26933e-05
2.78016e-05
5.48997e-06
3.34918e-05
-3.75121e-05
4.89234e-05
-4.00321e-05
5.95859e-05
-2.42711e-05
6.31042e-05
-5.05978e-06
6.16456e-05
1.20261e-05
5.68376e-05
2.66425e-05
4.97466e-05
3.86927e-05
4.11269e-05
4.82401e-05
3.15239e-05
5.54925e-05
2.12947e-05
6.06983e-05
1.06992e-05
6.40717e-05
6.52443e-05
0.000326292
0.000105253
0.000359037
0.000130504
0.000371815
0.000170497
0.000350591
0.000197729
0.000292379
0.000191029
0.000185812
0.00014926
0.000109931
8.13715e-05
6.05296e-05
1.18889e-05
5.88836e-05
-3.83861e-05
7.08522e-05
-3.62397e-05
7.58847e-05
-1.00922e-05
7.33523e-05
1.45585e-05
6.65818e-05
3.34132e-05
5.75022e-05
4.77722e-05
4.70472e-05
5.86952e-05
3.57757e-05
6.67639e-05
2.40351e-05
7.24391e-05
1.20438e-05
7.60634e-05
7.72881e-05
0.000305063
0.000107316
0.000336305
9.92622e-05
0.000372681
0.000134121
0.000378756
0.000191654
0.000353473
0.000216313
0.000301377
0.000201356
0.000224808
0.000157941
0.000146483
9.02136e-05
9.66546e-05
1.14422e-05
8.99802e-05
-2.95653e-05
9.24882e-05
-1.26002e-05
8.80137e-05
1.90333e-05
7.8288e-05
4.31389e-05
6.64356e-05
5.96246e-05
5.36546e-05
7.14764e-05
4.04186e-05
7.99999e-05
2.69834e-05
8.58744e-05
1.34739e-05
8.9573e-05
9.07622e-05
0.000324825
0.000138649
0.000318136
0.000105951
0.000357183
9.50735e-05
0.000383795
0.000165043
0.000376572
0.000223536
0.000345099
0.000232829
0.00029497
0.000208069
0.000228595
0.000156589
0.000161999
7.8038e-05
0.000126228
6.20549e-06
0.000115021
-1.39309e-06
0.00010538
2.86747e-05
9.15963e-05
5.69227e-05
7.62143e-05
7.50066e-05
6.0653e-05
8.70379e-05
4.52331e-05
9.54198e-05
3.00034e-05
0.000101104
1.49241e-05
0.000104652
0.000105687
0.000359831
0.00014709
0.0003288
0.000136982
0.000335371
8.85026e-05
0.000380221
0.000120193
0.000383428
0.000220329
0.000362747
0.00025351
0.000329874
0.000240942
0.000281232
0.000205231
0.000224742
0.000134528
0.000174653
5.62944e-05
0.000145993
2.72672e-05
0.000125503
4.91647e-05
0.000105712
7.67134e-05
8.61778e-05
9.4541e-05
6.75874e-05
0.000105629
4.9896e-05
0.000113111
3.28787e-05
0.000118122
1.6298e-05
0.000121233
0.000121985
0.00036998
0.000103174
0.000359366
0.000147595
0.000333207
0.000114662
0.000375601
7.77983e-05
0.000383033
0.000212897
0.000365542
0.000271001
0.000338693
0.000267791
0.000304813
0.000239111
0.000261606
0.000177734
0.000214601
0.0001033
0.000175989
6.58797e-05
0.000145492
7.96614e-05
0.00011903
0.000103176
9.52723e-05
0.000118298
7.37854e-05
0.000127116
5.40042e-05
0.000132892
3.53842e-05
0.000136742
1.74839e-05
0.000139133
0.000139469
0.000344169
4.02295e-05
0.000374914
0.00011685
0.000356756
0.00013282
0.000371039
6.35151e-05
0.000378583
0.000205353
0.000360913
0.00028867
0.000336092
0.000292613
0.00030772
0.000267482
0.00027486
0.000210595
0.000238028
0.000140132
0.000198395
0.000105513
0.000161527
0.00011653
0.00012958
0.000135123
0.000102331
0.000145547
7.8546e-05
0.000150901
5.71259e-05
0.000154312
3.72745e-05
0.000156593
1.83752e-05
0.000158033
0.000157844
0.000328705
-1.08796e-05
0.000372844
7.27115e-05
0.000386111
0.000119553
0.000370524
7.91016e-05
0.000370902
0.000204975
0.000350519
0.000309053
0.000327243
0.000315889
0.000303457
0.000291268
0.00027926
0.000234792
0.000250442
0.000168949
0.000211863
0.000144092
0.000171139
0.000157254
0.000135726
0.000170535
0.000106393
0.00017488
8.12713e-05
0.000176022
5.89023e-05
0.000176681
3.83423e-05
0.000177153
1.88756e-05
0.000177499
0.00017672
0.000336243
-6.01382e-05
0.000383171
2.57835e-05
0.000412586
9.01385e-05
0.000385108
0.00010658
0.000360455
0.000229628
0.000334915
0.000334592
0.000312741
0.000338064
0.000293215
0.000310794
0.000278667
0.00024934
0.00025517
0.000192446
0.000215852
0.000183409
0.000172889
0.000200218
0.00013651
0.000206914
0.000106891
0.0002045
8.1605e-05
0.000201308
5.91129e-05
0.000199173
3.84626e-05
0.000197804
1.89285e-05
0.000197034
0.000195648
0.000330165
-0.000109374
0.000381704
-2.57558e-05
0.000421821
5.00217e-05
0.000394555
0.000133846
0.000344575
0.000279608
0.000314905
0.000364263
0.000293395
0.000359573
0.000277222
0.000326967
0.000270303
0.00025626
0.000248438
0.000214311
0.000207457
0.00022439
0.000165698
0.000241977
0.000131689
0.000240924
0.000103745
0.000232444
7.95004e-05
0.000225553
5.7727e-05
0.000220947
3.76167e-05
0.000217914
1.85253e-05
0.000216125
0.000214173
0.000303175
-0.000150588
0.000350499
-7.30797e-05
0.000394841
5.67969e-06
0.000377655
0.000151032
0.000321891
0.000335371
0.00029241
0.000393744
0.000271881
0.000380102
0.000258078
0.000340771
0.000254575
0.000259763
0.000229916
0.00023897
0.000188878
0.000265428
0.000151836
0.000279019
0.000122455
0.000270304
9.75107e-05
0.000257388
7.52505e-05
0.000247813
5.49082e-05
0.000241289
3.58933e-05
0.000236929
1.77052e-05
0.000234313
0.000231879
0.000279379
-0.00018788
0.000321665
-0.000115366
0.000362142
-3.47971e-05
0.000335457
0.000177717
0.000294113
0.000376715
0.00027026
0.000417597
0.00025196
0.000398402
0.000244
0.000348731
0.000237408
0.000266355
0.000204536
0.000271841
0.000164946
0.000305018
0.000134472
0.000309493
0.000110423
0.000294354
8.90509e-05
0.00027876
6.93653e-05
0.000267499
5.09599e-05
0.000259694
3.34639e-05
0.000254425
1.65462e-05
0.00025123
0.000248425
0.000273456
-0.000241655
0.000316573
-0.000158484
0.000345995
-6.42188e-05
0.000295017
0.000228696
0.000269084
0.000402648
0.000250689
0.000435993
0.000237894
0.000411196
0.000240578
0.000346047
0.000217685
0.000289247
0.000173688
0.000315838
0.000138466
0.00034024
0.000115511
0.000332448
9.67713e-05
0.000313094
7.92045e-05
0.000296327
6.24198e-05
0.000284283
4.62538e-05
0.00027586
3.05485e-05
0.00027013
1.51502e-05
0.000266629
0.000263575
0.000236895
-0.000294676
0.000288781
-0.000210369
0.000309841
-8.52796e-05
0.000265091
0.000273446
0.000244912
0.000422826
0.000230185
0.00045072
0.000226262
0.000415119
0.000220794
0.000351515
0.000176726
0.000333315
0.000132652
0.000359912
0.000109509
0.000363384
9.55245e-05
0.000346433
8.22954e-05
0.000326323
6.87355e-05
0.000309887
5.49921e-05
0.000298027
4.1183e-05
0.000289669
2.73857e-05
0.000283928
1.36292e-05
0.000280385
0.000277204
0.000169918
-0.000320143
0.000164665
-0.000205116
0.000220706
-0.000141321
0.000233638
0.000260514
0.00021297
0.000443494
0.000194937
0.000468753
0.000193465
0.000416591
0.000167995
0.000376986
0.000110396
0.000390914
8.5005e-05
0.000385303
8.00389e-05
0.00036835
7.56126e-05
0.000350859
6.80728e-05
0.000333862
5.84895e-05
0.00031947
4.76763e-05
0.00030884
3.61384e-05
0.000301207
2.42087e-05
0.000295857
1.20917e-05
0.000292502
0.000289296
0.000151738
-0.000359839
0.000188623
-0.000242001
0.000227796
-0.000180494
0.000222846
0.000265465
0.00019573
0.00047061
0.000162231
0.000502251
0.000146684
0.000432138
9.77302e-05
0.00042594
4.24991e-05
0.000446145
4.20959e-05
0.000385706
5.37762e-05
0.000356669
5.80414e-05
0.000346594
5.56028e-05
0.000336301
4.94005e-05
0.000325672
4.10542e-05
0.000317186
3.14737e-05
0.000310788
2.12182e-05
0.000306113
1.06285e-05
0.000303092
0.000299924
0.000104957
-0.000391282
0.000153171
-0.000290214
0.00015403
-0.000181353
0.000198464
0.000221031
0.000191446
0.000477628
0.000145497
0.0005482
9.11919e-05
0.000486444
3.79556e-05
0.000479176
-1.99799e-06
0.000486098
1.09729e-05
0.000372735
3.42574e-05
0.000333385
4.52875e-05
0.000335563
4.63509e-05
0.000335238
4.22984e-05
0.000329725
3.55865e-05
0.000323898
2.74408e-05
0.000318933
1.85461e-05
0.000315007
9.29578e-06
0.000312342
0.00030922
4.69254e-05
-0.000405625
5.82298e-05
-0.000301519
2.82805e-05
-0.000151404
0.000167604
8.17075e-05
0.000194726
0.000450506
0.000161996
0.00058093
8.22946e-05
0.000566145
2.16848e-05
0.000539786
-6.42961e-06
0.000514213
5.28288e-07
0.000365777
2.61145e-05
0.000307799
3.96094e-05
0.000322068
4.13604e-05
0.000333487
3.76389e-05
0.000333446
3.14567e-05
0.00033008
2.41087e-05
0.000326281
1.6216e-05
0.0003229
8.09888e-06
0.00032046
0.000317319
5.68313e-06
-0.000414784
4.83594e-05
-0.000344195
5.54841e-05
-0.000158529
0.000141196
-4.00441e-06
0.000191344
0.000400358
0.000188985
0.000583289
0.000134774
0.000620355
7.50608e-05
0.000599499
3.88229e-05
0.000550451
2.56958e-05
0.000378904
3.74304e-05
0.000296064
4.32518e-05
0.000316247
4.09339e-05
0.000335804
3.52491e-05
0.000339131
2.84338e-05
0.000336895
2.12994e-05
0.000333416
1.41167e-05
0.000330083
6.9786e-06
0.000327598
0.000324298
-3.13313e-05
-0.000421669
1.40084e-05
-0.000389535
6.88579e-05
-0.000213379
8.9932e-05
-2.50785e-05
0.000171518
0.000318773
0.000198701
0.000556106
0.000186811
0.000632244
0.000154938
0.000631372
0.000121018
0.000584371
9.08744e-05
0.000409048
7.09956e-05
0.000315943
5.54518e-05
0.000331791
4.35704e-05
0.000347686
3.39396e-05
0.000348762
2.57483e-05
0.000345086
1.85607e-05
0.000340603
1.20066e-05
0.000336637
5.81606e-06
0.000333788
0.000330114
-7.9284e-05
-0.00041603
-5.30898e-05
-0.000415729
2.19784e-05
-0.000288447
5.54088e-05
-5.8509e-05
0.000137139
0.000237042
0.000188327
0.000504918
0.000202107
0.000618465
0.000202464
0.000631014
0.000194809
0.000592026
0.000160045
0.000443811
0.000105142
0.000370846
6.61864e-05
0.000370746
4.45231e-05
0.000369349
3.12787e-05
0.000362006
2.21481e-05
0.000354217
1.52507e-05
0.000347501
9.57882e-06
0.000342309
4.44821e-06
0.000338919
0.000334562
-0.000133637
-0.000392879
-0.000132096
-0.000417269
-7.38049e-05
-0.000346738
-8.6925e-07
-0.000131445
7.97269e-05
0.000156446
0.000153214
0.000431431
0.000180953
0.000590726
0.000194884
0.000617082
0.000209196
0.000577715
0.000171086
0.000481921
0.000104092
0.00043784
6.06035e-05
0.000414234
3.76941e-05
0.000392258
2.46073e-05
0.000375093
1.64327e-05
0.000362392
1.08295e-05
0.000353104
6.60452e-06
0.000346534
2.66928e-06
0.000342854
0.000337231
-0.000184552
-0.000352333
-0.000215906
-0.000385915
-0.000198134
-0.00036451
-0.00010859
-0.000220988
-1.06012e-05
5.84573e-05
7.75558e-05
0.000343274
0.000130109
0.000538173
0.000150363
0.000596828
0.0001524
0.000575678
0.000110488
0.000523832
6.30018e-05
0.000485327
3.59709e-05
0.000441265
2.14796e-05
0.000406749
1.31987e-05
0.000383374
8.27651e-06
0.000367314
5.17189e-06
0.000356209
3.00501e-06
0.000348701
5.19415e-07
0.00034534
0.000337751
-0.000218205
-0.000302264
-0.000275711
-0.000328409
-0.000308635
-0.000331586
-0.000277492
-0.000252132
-0.000186585
-3.24499e-05
-9.25216e-05
0.000249211
-1.55296e-05
0.000461181
2.72445e-05
0.000554054
3.60447e-05
0.000566878
1.56796e-05
0.000544197
5.27802e-06
0.000495728
1.6615e-06
0.000444881
-3.36983e-07
0.000408748
-1.30428e-06
0.000384341
-1.55024e-06
0.00036756
-1.35293e-06
0.000356011
-1.04164e-06
0.00034839
-2.00722e-06
0.000346305
0.000335743
-0.000232073
-0.00025212
-0.000299285
-0.000261196
-0.000373076
-0.000257795
-0.000417264
-0.000207944
-0.000384521
-6.51925e-05
-0.000298415
0.000163105
-0.000210034
0.0003728
-0.000150588
0.000494608
-0.000109425
0.000525715
-7.61577e-05
0.00051093
-4.87148e-05
0.000468286
-3.23354e-05
0.000428502
-2.26678e-05
0.00039908
-1.633e-05
0.000378003
-1.17382e-05
0.000362968
-8.10342e-06
0.000352376
-5.235e-06
0.000345521
-4.06379e-06
0.000345134
0.00033168
-0.000232244
-0.000206312
-0.000292983
-0.000200457
-0.000369212
-0.000181566
-0.000444298
-0.000132858
-0.000475484
-3.40071e-05
-0.000438831
0.000126452
-0.000358184
0.000292154
-0.000271198
0.000407621
-0.0001946
0.000449117
-0.000130515
0.000446845
-8.65151e-05
0.000424286
-5.91425e-05
0.000401129
-4.15762e-05
0.000381514
-2.96428e-05
0.00036607
-2.10168e-05
0.000354342
-1.4367e-05
0.000345726
-9.14811e-06
0.000340302
-5.71627e-06
0.000341703
0.000325964
-0.000222761
-0.000166624
-0.000272038
-0.000151181
-0.000330725
-0.000122878
-0.00039074
-7.28424e-05
-0.000433069
8.32205e-06
-0.000425903
0.000119285
-0.00037047
0.000236721
-0.000290417
0.000327568
-0.000213308
0.000372008
-0.000150817
0.000384354
-0.000106667
0.000380135
-7.63018e-05
0.000370765
-5.51133e-05
0.000360325
-3.98837e-05
0.00035084
-2.84961e-05
0.000342954
-1.95788e-05
0.000336809
-1.24347e-05
0.000333158
-6.95257e-06
0.000336221
0.000319011
-0.000207493
-0.000133313
-0.000246296
-0.000112378
-0.000288776
-8.03985e-05
-0.00032904
-3.25778e-05
-0.000355545
3.4827e-05
-0.000353409
0.000117149
-0.000318289
0.000201601
-0.000261507
0.000270786
-0.000202922
0.000313423
-0.000152889
0.000334321
-0.000114238
0.000341484
-8.51074e-05
0.000341634
-6.32627e-05
0.000338481
-4.66807e-05
0.000334258
-3.37885e-05
0.000330062
-2.34294e-05
0.00032645
-1.48964e-05
0.000324625
-7.77221e-06
0.000329096
0.000311239
-0.000188958
-0.000105971
-0.000219044
-8.22916e-05
-0.000249613
-4.98293e-05
-0.000276275
-5.91563e-06
-0.000291317
4.98697e-05
-0.000288061
0.000113893
-0.000264583
0.000178123
-0.000226539
0.000232742
-0.000184743
0.000271627
-0.000146254
0.000295832
-0.000113884
0.000309114
-8.76894e-05
0.000315439
-6.68538e-05
0.000317645
-5.02691e-05
0.000317673
-3.68901e-05
0.000316683
-2.5839e-05
0.000315399
-1.64684e-05
0.000315255
-8.19263e-06
0.000320821
0.000303046
-0.000168896
-8.38653e-05
-0.000192061
-5.91271e-05
-0.000214172
-2.77179e-05
-0.000232054
1.19661e-05
-0.000241025
5.88412e-05
-0.000237554
0.000110422
-0.000221018
0.000161588
-0.000194788
0.000206512
-0.000164626
0.000241464
-0.00013505
0.000266257
-0.00010852
0.000282584
-8.5815e-05
0.000292735
-6.68526e-05
0.000298683
-5.11277e-05
0.000301949
-3.80112e-05
0.000303567
-2.68845e-05
0.000304273
-1.71848e-05
0.000305555
-8.25267e-06
0.000311889
0.000294794
-0.000148389
-6.61644e-05
-0.000166169
-4.13471e-05
-0.000182284
-1.16024e-05
-0.000194549
2.42308e-05
-0.000200149
6.44417e-05
-0.000197113
0.000107386
-0.000185238
0.000149712
-0.000166546
0.000187819
-0.00014434
0.000219259
-0.000121544
0.00024346
-0.000100079
0.00026112
-8.08653e-05
0.000273521
-6.41526e-05
0.00028197
-4.9795e-05
0.000287591
-3.74572e-05
0.000291229
-2.67301e-05
0.000293545
-1.71375e-05
0.000295962
-8.00179e-06
0.000302753
0.000286792
-0.000128
-5.21428e-05
-0.000141544
-2.7803e-05
-0.000153651
5.05333e-07
-0.000162202
3.27813e-05
-0.000165838
6.80783e-05
-0.000163375
0.000104922
-0.00015475
0.000141088
-0.000141177
0.000174246
-0.000124636
0.000202718
-0.00010705
0.000225874
-8.9851e-05
0.000243921
-7.38807e-05
0.00025755
-5.95093e-05
0.000267599
-4.6783e-05
0.000274864
-3.55569e-05
0.000280003
-2.55771e-05
0.000283566
-1.64461e-05
0.000286831
-7.495e-06
0.000293802
0.000279297
-0.00010809
-4.11192e-05
-0.000118517
-1.73759e-05
-0.000127469
9.45689e-06
-0.000133699
3.90117e-05
-0.000136223
7.06023e-05
-0.000134355
0.000103055
-0.000128088
0.00013482
-0.000118162
0.00016432
-0.000105803
0.000190359
-9.22859e-05
0.000212356
-7.86529e-05
0.000230288
-6.56033e-05
0.000244501
-5.35186e-05
0.000255514
-4.25341e-05
0.00026388
-3.26195e-05
0.000270088
-2.36302e-05
0.000274576
-1.5237e-05
0.000278438
-6.78603e-06
0.000285351
0.000272511
-8.87076e-05
-3.25521e-05
-9.67223e-05
-9.36113e-06
-0.000103455
1.61899e-05
-0.000108116
4.36728e-05
-0.000110022
7.25076e-05
-0.000108741
0.000101773
-0.00010427
0.000130349
-9.70665e-05
0.000157117
-8.79034e-05
0.000181196
-7.76307e-05
0.000202084
-6.6995e-05
0.000219653
-5.65472e-05
0.000234053
-4.663e-05
0.000245597
-3.74081e-05
0.000254658
-2.89143e-05
0.000261594
-2.10779e-05
0.00026674
-1.3629e-05
0.000270989
-5.92409e-06
0.000277646
0.000266586
-6.98496e-05
-2.59815e-05
-7.59678e-05
-3.2428e-06
-8.11056e-05
2.13277e-05
-8.47183e-05
4.72855e-05
-8.63202e-05
7.41093e-05
-8.56158e-05
0.000101069
-8.25902e-05
0.000127323
-7.75205e-05
0.000152047
-7.08946e-05
0.00017457
-6.32779e-05
0.000194467
-5.5197e-05
0.000211572
-4.70693e-05
0.000225925
-3.91807e-05
0.000237708
-3.16929e-05
0.00024717
-2.46689e-05
0.00025457
-1.80869e-05
0.000260158
-1.17297e-05
0.000264632
-4.95328e-06
0.000270869
0.000261633
-5.13433e-05
-2.11579e-05
-5.5966e-05
1.3799e-06
-5.99481e-05
2.53098e-05
-6.28741e-05
5.02114e-05
-6.43812e-05
7.56163e-05
-6.42501e-05
0.000100938
-6.24481e-05
0.000125521
-5.91324e-05
0.000148731
-5.46039e-05
0.000170041
-4.92307e-05
0.000189094
-4.33744e-05
0.000205715
-3.73402e-05
0.000219891
-3.13533e-05
0.000231721
-2.55567e-05
0.000241374
-2.00233e-05
0.000249037
-1.47621e-05
0.000254896
-9.6077e-06
0.000259477
-3.91446e-06
0.000265176
0.000257719
-3.3129e-05
-1.77567e-05
-3.66805e-05
4.93135e-06
-3.99585e-05
2.85878e-05
-4.257e-05
5.28228e-05
-4.42287e-05
7.7275e-05
-4.47552e-05
0.000101464
-4.40943e-05
0.00012486
-4.23165e-05
0.000146954
-3.95933e-05
0.000167318
-3.61533e-05
0.000185654
-3.22366e-05
0.000201799
-2.80597e-05
0.000215714
-2.3795e-05
0.000227457
-1.95637e-05
0.000237142
-1.54414e-05
0.000244914
-1.14596e-05
0.000250914
-7.4985e-06
0.000255516
-2.90279e-06
0.00026058
0.000254816
-1.26318e-05
-1.46022e-05
-1.65923e-05
-1.8384e-05
-1.9802e-05
-2.07133e-05
-2.10402e-05
-2.07677e-05
-1.99383e-05
-1.86371e-05
-1.69706e-05
-1.50483e-05
-1.29683e-05
-1.08091e-05
-8.62911e-06
-6.46613e-06
-4.23828e-06
-1.62302e-06
)
;

boundaryField
{
    leftWall
    {
        type            calculated;
        value           uniform 0;
    }
    rightWall
    {
        type            calculated;
        value           uniform 0;
    }
    lowerWall
    {
        type            calculated;
        value           uniform 0;
    }
    atmosphere
    {
        type            calculated;
        value           nonuniform List<scalar> 
46
(
-0.000152691
-0.000153015
-0.00015271
-0.000152199
-0.000151466
-0.000150508
-0.000149309
-0.000147851
-0.000146108
-0.000144049
-0.000141632
-0.000138814
-0.00013554
-0.000131751
-0.00012738
-0.000122347
-0.000116564
-0.000109928
-0.000102323
-9.36265e-05
-8.37342e-05
-7.25907e-05
-6.00753e-05
-2.35515e-05
-2.0262e-05
-1.68124e-05
-1.31977e-05
-1.60599e-05
6.90178e-06
3.05778e-05
5.46145e-05
7.86929e-05
0.000102375
0.000125187
0.000146681
0.000166489
0.000184353
0.000200132
0.000213792
0.000225377
0.000234983
0.000242734
0.000248751
0.000253288
0.000257965
0.000253193
)
;
    }
    defaultFaces
    {
        type            empty;
    }
}


// ************************************************************************* //
