/*--------------------------------*- C++ -*----------------------------------*\
  =========                 |
  \\      /  F ield         | OpenFOAM: The Open Source CFD Toolbox
   \\    /   O peration     | Website:  https://openfoam.org
    \\  /    A nd           | Version:  13
     \\/     M anipulation  |
\*---------------------------------------------------------------------------*/
FoamFile
{
    format      ascii;
    class       volVectorField;
    location    "0.25";
    object      U;
}
// * * * * * * * * * * * * * * * * * * * * * * * * * * * * * * * * * * * * * //

dimensions      [0 1 -1 0 0 0 0];

internalField   nonuniform List<vector> 
2268
(
(-0.00956396 -0.00107247 0)
(0.0225913 -0.0123586 0)
(0.0906067 -0.0166706 0)
(0.162501 -0.0162699 0)
(0.228309 -0.0142898 0)
(0.285325 -0.0124878 0)
(0.335621 -0.011364 0)
(0.382449 -0.0108161 0)
(0.427887 -0.0105608 0)
(0.472523 -0.0103218 0)
(0.515914 -0.00989392 0)
(0.556939 -0.0091312 0)
(0.593915 -0.00793342 0)
(0.624794 -0.00605665 0)
(0.645715 -0.00343243 0)
(0.654531 0.00260337 0)
(0.632574 0.0141983 0)
(0.56322 0.0325371 0)
(0.427141 0.0548591 0)
(0.215544 0.06877 0)
(-0.0616161 0.0392494 0)
(-0.265184 -0.0563747 0)
(-0.0806053 -0.109307 0)
(-0.00919943 -0.00353554 0)
(0.0237876 -0.0373345 0)
(0.0921 -0.050221 0)
(0.163901 -0.0490463 0)
(0.229415 -0.0431512 0)
(0.286282 -0.0377813 0)
(0.336709 -0.034451 0)
(0.383893 -0.0328468 0)
(0.429822 -0.032109 0)
(0.475024 -0.0314113 0)
(0.51903 -0.0301474 0)
(0.560723 -0.0278965 0)
(0.598533 -0.0243175 0)
(0.630265 -0.0189181 0)
(0.654248 -0.0110422 0)
(0.665381 0.00193154 0)
(0.672884 0.0234625 0)
(0.675007 0.0573636 0)
(0.652957 0.105478 0)
(0.555731 0.158159 0)
(0.332859 0.165191 0)
(0.00117284 0.0895997 0)
(0.0690945 -0.118226 0)
(-0.00850074 -0.00640242 0)
(0.0256453 -0.0623773 0)
(0.0939134 -0.0835703 0)
(0.164969 -0.0814698 0)
(0.229413 -0.0716584 0)
(0.285494 -0.0628256 0)
(0.335679 -0.0574397 0)
(0.383081 -0.0549075 0)
(0.429512 -0.0537623 0)
(0.475367 -0.052643 0)
(0.520117 -0.0505708 0)
(0.562655 -0.0468754 0)
(0.601459 -0.0409883 0)
(0.634627 -0.032275 0)
(0.659872 -0.019668 0)
(0.674508 -0.00239993 0)
(0.675567 0.022224 0)
(0.663578 0.0597699 0)
(0.650783 0.11856 0)
(0.638107 0.200182 0)
(0.570045 0.253929 0)
(0.323974 0.183046 0)
(0.191615 -0.0368808 0)
(-0.00744058 -0.00992071 0)
(0.0284086 -0.0877236 0)
(0.096519 -0.11672 0)
(0.166459 -0.11338 0)
(0.229421 -0.0996862 0)
(0.284482 -0.0876324 0)
(0.334434 -0.080467 0)
(0.38225 -0.0772154 0)
(0.429479 -0.075785 0)
(0.476325 -0.0743108 0)
(0.522183 -0.0714844 0)
(0.56597 -0.0664162 0)
(0.606256 -0.0583663 0)
(0.641286 -0.0465055 0)
(0.668994 -0.0297241 0)
(0.686962 -0.00647626 0)
(0.692657 0.0254108 0)
(0.68263 0.0688918 0)
(0.658562 0.127891 0)
(0.635025 0.210856 0)
(0.629114 0.297033 0)
(0.484632 0.281297 0)
(0.278857 0.103735 0)
(-0.00599715 -0.014405 0)
(0.0319652 -0.113478 0)
(0.0997067 -0.149485 0)
(0.168105 -0.144495 0)
(0.229208 -0.127037 0)
(0.283086 -0.112144 0)
(0.33286 -0.103582 0)
(0.381276 -0.0998749 0)
(0.429537 -0.0983045 0)
(0.477621 -0.096554 0)
(0.524848 -0.0930415 0)
(0.570176 -0.0867006 0)
(0.612301 -0.0766461 0)
(0.649654 -0.061901 0)
(0.680405 -0.041175 0)
(0.702411 -0.0127181 0)
(0.713368 0.0256791 0)
(0.710177 0.076557 0)
(0.690976 0.140953 0)
(0.650113 0.220218 0)
(0.627488 0.319256 0)
(0.534268 0.371228 0)
(0.325744 0.284224 0)
(-0.00413261 -0.0202211 0)
(0.0361348 -0.139624 0)
(0.103255 -0.181675 0)
(0.169689 -0.174605 0)
(0.228631 -0.153573 0)
(0.281263 -0.136338 0)
(0.330969 -0.12685 0)
(0.380162 -0.122995 0)
(0.429629 -0.121446 0)
(0.479111 -0.119511 0)
(0.527871 -0.11541 0)
(0.57494 -0.10795 0)
(0.619176 -0.0961371 0)
(0.659227 -0.0788644 0)
(0.693493 -0.054678 0)
(0.720044 -0.0216414 0)
(0.736709 0.0226884 0)
(0.740257 0.0805537 0)
(0.729155 0.153686 0)
(0.691154 0.238884 0)
(0.640808 0.345083 0)
(0.550597 0.455092 0)
(0.346788 0.485181 0)
(-0.00185216 -0.0274067 0)
(0.0407234 -0.166151 0)
(0.10696 -0.213277 0)
(0.171058 -0.203737 0)
(0.227646 -0.179343 0)
(0.279067 -0.160251 0)
(0.328861 -0.150285 0)
(0.378985 -0.146559 0)
(0.429769 -0.145159 0)
(0.480724 -0.1431 0)
(0.531096 -0.138482 0)
(0.580043 -0.130043 0)
(0.626629 -0.116713 0)
(0.669726 -0.0972737 0)
(0.707924 -0.0701351 0)
(0.739473 -0.033209 0)
(0.762274 0.0161679 0)
(0.773228 0.0804581 0)
(0.769754 0.162234 0)
(0.743728 0.259868 0)
(0.687153 0.379975 0)
(0.587593 0.530951 0)
(0.393431 0.686501 0)
(0.000746163 -0.0360344 0)
(0.045503 -0.193213 0)
(0.110585 -0.244249 0)
(0.172125 -0.231893 0)
(0.226358 -0.204458 0)
(0.276722 -0.184018 0)
(0.326774 -0.173969 0)
(0.377932 -0.170577 0)
(0.430068 -0.169394 0)
(0.482512 -0.167217 0)
(0.534558 -0.162092 0)
(0.585571 -0.152734 0)
(0.634854 -0.138011 0)
(0.681457 -0.116586 0)
(0.724082 -0.086711 0)
(0.761126 -0.046173 0)
(0.79047 0.00781801 0)
(0.809319 0.0782116 0)
(0.814118 0.167631 0)
(0.801721 0.27725 0)
(0.756195 0.416708 0)
(0.670234 0.60995 0)
(0.384368 0.946826 0)
(0.0439497 -0.0207401 0)
(0.116194 -0.0103061 0)
(0.142516 -0.00280011 0)
(0.153552 -0.00115317 0)
(0.163058 -0.000710955 0)
(0.168396 -0.000394243 0)
(0.171625 -0.000106651 0)
(0.17342 0.000118668 0)
(0.173644 0.000381765 0)
(0.171938 0.000794894 0)
(0.167419 0.00140518 0)
(0.159234 0.00210817 0)
(0.147383 0.00281887 0)
(0.131965 0.00349422 0)
(0.113101 0.00415263 0)
(0.0912526 0.00467203 0)
(0.0669116 0.00510053 0)
(0.0408242 0.00540255 0)
(0.0136647 0.00562259 0)
(0.0311717 -0.0530011 0)
(0.104159 -0.0291162 0)
(0.133811 -0.01202 0)
(0.151756 -0.00774638 0)
(0.166136 -0.00471961 0)
(0.173924 -0.00288103 0)
(0.179109 -0.00186965 0)
(0.182913 -0.000990852 0)
(0.184943 0.000122413 0)
(0.184629 0.0016555 0)
(0.181396 0.00374028 0)
(0.174468 0.00615052 0)
(0.16318 0.00866536 0)
(0.147388 0.0110806 0)
(0.127251 0.013359 0)
(0.103224 0.0152517 0)
(0.0760158 0.0167685 0)
(0.0464868 0.0177945 0)
(0.0155018 0.0181739 0)
(0.0394304 -0.0837741 0)
(0.117281 -0.0494005 0)
(0.142107 -0.0216323 0)
(0.155298 -0.0148913 0)
(0.16805 -0.00875103 0)
(0.174689 -0.0052624 0)
(0.179207 -0.00362351 0)
(0.182723 -0.00220136 0)
(0.184688 -0.000321777 0)
(0.184514 0.00232467 0)
(0.181342 0.00588029 0)
(0.174248 0.0100316 0)
(0.16278 0.0144587 0)
(0.146886 0.01877 0)
(0.126705 0.0227926 0)
(0.102714 0.0262015 0)
(0.0756049 0.028902 0)
(0.0462164 0.0307119 0)
(0.0153997 0.0314056 0)
(0.052927 -0.123615 0)
(0.131605 -0.0669996 0)
(0.148952 -0.0272042 0)
(0.157722 -0.0205243 0)
(0.17015 -0.0118244 0)
(0.175717 -0.00713161 0)
(0.17965 -0.0051124 0)
(0.183185 -0.00333814 0)
(0.185438 -0.00083211 0)
(0.185665 0.00293942 0)
(0.182818 0.00800274 0)
(0.175842 0.0139299 0)
(0.16432 0.0202783 0)
(0.148272 0.0264907 0)
(0.127868 0.0322447 0)
(0.103615 0.0371511 0)
(0.076241 0.0410196 0)
(0.0465916 0.0436171 0)
(0.0155278 0.0446101 0)
(0.0731505 -0.185826 0)
(0.151698 -0.0835737 0)
(0.155127 -0.0302965 0)
(0.158884 -0.0269426 0)
(0.172657 -0.014607 0)
(0.176991 -0.00855076 0)
(0.180176 -0.00649536 0)
(0.183845 -0.00462369 0)
(0.186666 -0.00159874 0)
(0.187584 0.00333734 0)
(0.185303 0.00999086 0)
(0.178671 0.0177682 0)
(0.167236 0.0261121 0)
(0.151042 0.0343135 0)
(0.130323 0.041828 0)
(0.105625 0.0482559 0)
(0.0777207 0.0532771 0)
(0.0474921 0.0566795 0)
(0.0158323 0.0579722 0)
(0.0876229 -0.231893 0)
(0.19354 -0.0910881 0)
(0.162575 -0.0284115 0)
(0.155861 -0.0344257 0)
(0.174015 -0.0167352 0)
(0.177632 -0.00928353 0)
(0.180299 -0.0077546 0)
(0.184382 -0.00613432 0)
(0.1881 -0.00269658 0)
(0.190017 0.00338482 0)
(0.188499 0.0117263 0)
(0.182343 0.0215004 0)
(0.171065 0.0319541 0)
(0.154702 0.042241 0)
(0.13357 0.0516173 0)
(0.108289 0.0596013 0)
(0.0796897 0.0658113 0)
(0.0487026 0.0700469 0)
(0.0162373 0.0716419 0)
(0.0498396 -0.255775 0)
(0.223571 -0.0888447 0)
(0.163654 -0.00843856 0)
(0.14647 -0.0425261 0)
(0.174291 -0.0194432 0)
(0.17708 -0.0101265 0)
(0.179503 -0.00927892 0)
(0.184502 -0.00815221 0)
(0.189569 -0.00435639 0)
(0.192887 0.00294959 0)
(0.192434 0.0131193 0)
(0.186879 0.0250885 0)
(0.175773 0.0378391 0)
(0.159195 0.0503268 0)
(0.137543 0.0616572 0)
(0.11154 0.0712485 0)
(0.0820914 0.0787229 0)
(0.0501726 0.0837983 0)
(0.0167264 0.0857011 0)
(-0.0009305 -0.447121 0)
(0.0851967 -0.103986 0)
(0.126021 0.00644463 0)
(0.129018 -0.0660851 0)
(0.178727 -0.0222403 0)
(0.17818 -0.010029 0)
(0.179099 -0.0105002 0)
(0.184885 -0.010458 0)
(0.191455 -0.00663094 0)
(0.196367 0.00191356 0)
(0.197173 0.0140554 0)
(0.192362 0.028428 0)
(0.181439 0.0437001 0)
(0.164562 0.0585162 0)
(0.14226 0.0719117 0)
(0.115388 0.0831997 0)
(0.0849278 0.0919878 0)
(0.0519014 0.0979237 0)
(0.0173017 0.100155 0)
(0.00496981 -0.0537553 0)
(0.0528104 -0.236614 0)
(0.115661 -0.290432 0)
(0.173132 -0.27304 0)
(0.224139 -0.242134 0)
(0.273408 -0.221158 0)
(0.324182 -0.212012 0)
(0.377025 -0.20964 0)
(0.431255 -0.209029 0)
(0.486103 -0.206901 0)
(0.541115 -0.201415 0)
(0.595992 -0.191296 0)
(0.650245 -0.175285 0)
(0.702972 -0.151862 0)
(0.753229 -0.118951 0)
(0.800103 -0.073982 0)
(0.841729 -0.0134938 0)
(0.87493 0.0661203 0)
(0.894798 0.167277 0)
(0.905834 0.29373 0)
(0.893114 0.458913 0)
(0.937802 0.65481 0)
(0.907556 1.10513 0)
(0.0107843 -0.0833084 0)
(0.0625738 -0.296133 0)
(0.122056 -0.349538 0)
(0.173938 -0.324829 0)
(0.221183 -0.291151 0)
(0.269764 -0.271595 0)
(0.321972 -0.265038 0)
(0.377222 -0.264716 0)
(0.434342 -0.265322 0)
(0.492662 -0.263904 0)
(0.552124 -0.25903 0)
(0.61256 -0.249363 0)
(0.673198 -0.233213 0)
(0.733246 -0.208754 0)
(0.793092 -0.173521 0)
(0.854133 -0.12482 0)
(0.916093 -0.0582964 0)
(0.974155 0.0267448 0)
(1.02305 0.132702 0)
(1.06743 0.259554 0)
(1.0964 0.414037 0)
(1.16739 0.577012 0)
(1.25638 0.832889 0)
(0.0168768 -0.121248 0)
(0.0716344 -0.355678 0)
(0.126985 -0.402706 0)
(0.173356 -0.371172 0)
(0.217863 -0.338073 0)
(0.266696 -0.322742 0)
(0.320546 -0.320234 0)
(0.377732 -0.322674 0)
(0.436803 -0.325243 0)
(0.497218 -0.325658 0)
(0.558904 -0.322734 0)
(0.621241 -0.314196 0)
(0.683159 -0.297383 0)
(0.747034 -0.271876 0)
(0.816413 -0.235878 0)
(0.894791 -0.189595 0)
(0.978982 -0.121968 0)
(1.06129 -0.0228142 0)
(1.13605 0.11443 0)
(1.19683 0.27284 0)
(1.24694 0.426067 0)
(1.30677 0.55817 0)
(1.39375 0.666443 0)
(0.0229292 -0.166679 0)
(0.0794686 -0.414399 0)
(0.129761 -0.450635 0)
(0.171142 -0.414107 0)
(0.213968 -0.384807 0)
(0.263145 -0.375389 0)
(0.317346 -0.377227 0)
(0.373851 -0.382232 0)
(0.431102 -0.38643 0)
(0.488607 -0.387771 0)
(0.546432 -0.384852 0)
(0.605614 -0.374379 0)
(0.667723 -0.35674 0)
(0.745372 -0.341377 0)
(0.84248 -0.324228 0)
(0.955286 -0.307739 0)
(1.07429 -0.266946 0)
(1.18631 -0.187947 0)
(1.27478 -0.0756427 0)
(1.32853 0.0636099 0)
(1.36431 0.217116 0)
(1.40148 0.379811 0)
(1.46664 0.520411 0)
(0.0290825 -0.219261 0)
(0.0856815 -0.471332 0)
(0.128609 -0.49348 0)
(0.164976 -0.454525 0)
(0.20603 -0.431391 0)
(0.253601 -0.427789 0)
(0.304458 -0.432214 0)
(0.355545 -0.437369 0)
(0.406584 -0.440575 0)
(0.458453 -0.440172 0)
(0.515195 -0.437915 0)
(0.584287 -0.433992 0)
(0.673681 -0.440791 0)
(0.806578 -0.475776 0)
(0.968337 -0.496731 0)
(1.13446 -0.490512 0)
(1.27458 -0.415107 0)
(1.37132 -0.271776 0)
(1.42203 -0.0310951 0)
(1.42301 0.16542 0)
(1.42507 0.292389 0)
(1.43948 0.39047 0)
(1.47812 0.47414 0)
(0.035257 -0.278791 0)
(0.0907588 -0.521567 0)
(0.121595 -0.527632 0)
(0.151954 -0.49016 0)
(0.190317 -0.474238 0)
(0.234301 -0.474368 0)
(0.280544 -0.478792 0)
(0.328449 -0.483437 0)
(0.383197 -0.488739 0)
(0.449407 -0.49709 0)
(0.540254 -0.516977 0)
(0.673888 -0.55438 0)
(0.844437 -0.609495 0)
(1.08794 -0.700553 0)
(1.33632 -0.686595 0)
(1.52939 -0.612921 0)
(1.5899 -0.451037 0)
(1.53242 -0.237882 0)
(1.5381 0.0263708 0)
(1.5953 0.234655 0)
(1.61857 0.353778 0)
(1.57631 0.417535 0)
(1.53434 0.463825 0)
(0.0445045 -0.348009 0)
(0.102271 -0.557895 0)
(0.113153 -0.548855 0)
(0.137415 -0.521123 0)
(0.177301 -0.514508 0)
(0.22502 -0.518566 0)
(0.280555 -0.528205 0)
(0.349663 -0.544272 0)
(0.448581 -0.572445 0)
(0.580975 -0.616482 0)
(0.771967 -0.692049 0)
(1.10153 -0.796458 0)
(1.35405 -0.862368 0)
(1.56046 -0.918664 0)
(1.63791 -0.748527 0)
(1.63958 -0.569083 0)
(1.49455 -0.313564 0)
(1.36014 -0.147168 0)
(1.43789 -0.163162 0)
(1.7241 -0.0325164 0)
(2.03575 0.300816 0)
(2.10153 0.531007 0)
(1.97583 0.572979 0)
(0.0622294 -0.428349 0)
(0.133546 -0.592413 0)
(0.123324 -0.56494 0)
(0.149985 -0.559355 0)
(0.210564 -0.570133 0)
(0.287258 -0.588206 0)
(0.383208 -0.61714 0)
(0.52006 -0.667414 0)
(0.732645 -0.760833 0)
(0.933143 -0.833411 0)
(1.149 -0.992598 0)
(1.33754 -1.0083 0)
(1.54122 -1.0036 0)
(1.67659 -0.959052 0)
(1.71279 -0.773223 0)
(1.61288 -0.470306 0)
(1.41975 -0.187111 0)
(1.35147 -0.206722 0)
(1.43826 -0.432072 0)
(1.56563 -0.414755 0)
(1.80477 -0.11238 0)
(2.09592 0.361875 0)
(2.2043 0.676153 0)
(0.0689554 -0.537054 0)
(0.176981 -0.65334 0)
(0.189546 -0.581628 0)
(0.244222 -0.619076 0)
(0.354808 -0.677151 0)
(0.470768 -0.714658 0)
(0.596161 -0.760606 0)
(0.715271 -0.852797 0)
(0.843707 -0.92068 0)
(1.00874 -0.977497 0)
(1.19272 -1.11397 0)
(1.36469 -1.20093 0)
(1.50948 -1.19968 0)
(1.59564 -1.06121 0)
(1.61763 -0.763815 0)
(1.51783 -0.324811 0)
(1.3611 -0.0551354 0)
(1.33291 -0.281816 0)
(1.35438 -0.432028 0)
(1.35437 -0.405513 0)
(1.38593 -0.174672 0)
(1.51963 0.215867 0)
(1.69082 0.575492 0)
(0.00892509 -0.705544 0)
(0.0980388 -0.676171 0)
(0.222555 -0.626255 0)
(0.282264 -0.691055 0)
(0.338208 -0.747488 0)
(0.413172 -0.776452 0)
(0.502112 -0.83614 0)
(0.607503 -0.933846 0)
(0.723607 -1.05815 0)
(0.869727 -1.1916 0)
(1.01736 -1.30924 0)
(1.14265 -1.37685 0)
(1.2385 -1.31885 0)
(1.28026 -1.10973 0)
(1.27342 -0.724801 0)
(1.19926 -0.20045 0)
(1.16195 -0.0469951 0)
(1.17484 -0.252286 0)
(1.16611 -0.396833 0)
(1.10713 -0.363025 0)
(1.04349 -0.163363 0)
(0.992083 0.146563 0)
(1.10012 0.371469 0)
(-0.00829421 -0.682707 0)
(0.0304226 -0.706321 0)
(0.125522 -0.735056 0)
(0.208423 -0.770865 0)
(0.270199 -0.816905 0)
(0.330162 -0.872066 0)
(0.3926 -0.947024 0)
(0.475447 -1.0553 0)
(0.560969 -1.2013 0)
(0.674309 -1.3296 0)
(0.765334 -1.41517 0)
(0.825083 -1.46708 0)
(0.848955 -1.3594 0)
(0.841317 -1.08301 0)
(0.800862 -0.627952 0)
(0.74719 -0.151675 0)
(0.863047 -0.135078 0)
(0.921615 -0.287838 0)
(0.906355 -0.359238 0)
(0.845675 -0.265121 0)
(0.729648 -0.0499641 0)
(0.714392 0.0996134 0)
(0.859134 0.171834 0)
(0.0117013 -0.700469 0)
(0.052403 -0.855225 0)
(0.109027 -0.826666 0)
(0.164721 -0.835393 0)
(0.212648 -0.874881 0)
(0.257399 -0.929641 0)
(0.29854 -1.00614 0)
(0.352457 -1.12228 0)
(0.392745 -1.27643 0)
(0.446465 -1.39346 0)
(0.478223 -1.46332 0)
(0.461671 -1.48281 0)
(0.424928 -1.33516 0)
(0.376865 -1.00632 0)
(0.343115 -0.538845 0)
(0.440201 -0.269343 0)
(0.551305 -0.284718 0)
(0.606842 -0.329437 0)
(0.588936 -0.279711 0)
(0.524776 -0.138792 0)
(0.537929 -0.0453909 0)
(0.675363 -0.0267179 0)
(0.883266 -0.0327957 0)
(0.0318848 -0.74111 0)
(0.0640279 -0.886518 0)
(0.0881797 -0.86022 0)
(0.126592 -0.873757 0)
(0.161682 -0.91165 0)
(0.190068 -0.961683 0)
(0.211573 -1.03503 0)
(0.229294 -1.14955 0)
(0.220055 -1.29351 0)
(0.208464 -1.40049 0)
(0.189556 -1.45421 0)
(0.126483 -1.43065 0)
(0.0439608 -1.26937 0)
(-0.028245 -0.940428 0)
(0.0380114 -0.549885 0)
(0.149643 -0.435424 0)
(0.233539 -0.381975 0)
(0.257866 -0.285407 0)
(0.263611 -0.209433 0)
(0.355153 -0.201464 0)
(0.518035 -0.220556 0)
(0.713315 -0.249978 0)
(0.928969 -0.280071 0)
(0.031929 -0.790553 0)
(0.0552336 -0.905897 0)
(0.0680018 -0.885676 0)
(0.0961692 -0.903454 0)
(0.119261 -0.935771 0)
(0.133274 -0.976975 0)
(0.138207 -1.03749 0)
(0.124447 -1.13381 0)
(0.0783936 -1.25503 0)
(0.0171123 -1.3539 0)
(-0.0532319 -1.39113 0)
(-0.148877 -1.34206 0)
(-0.2569 -1.17497 0)
(-0.310881 -0.904573 0)
(-0.233412 -0.637586 0)
(-0.154335 -0.505116 0)
(-0.0978115 -0.400845 0)
(0.0176647 -0.302671 0)
(0.189713 -0.375293 0)
(0.359056 -0.402746 0)
(0.535257 -0.422196 0)
(0.717819 -0.456427 0)
(0.917313 -0.504178 0)
(0.0251005 -0.833218 0)
(0.0432634 -0.916575 0)
(0.0521985 -0.905766 0)
(0.0719283 -0.922814 0)
(0.0855001 -0.948018 0)
(0.0906808 -0.978785 0)
(0.0862051 -1.02118 0)
(0.0585258 -1.09132 0)
(-0.00191248 -1.18478 0)
(-0.0885585 -1.26574 0)
(-0.194638 -1.29184 0)
(-0.309769 -1.23594 0)
(-0.394392 -1.08969 0)
(-0.427976 -0.901719 0)
(-0.38509 -0.742274 0)
(-0.285358 -0.627269 0)
(-0.133688 -0.549557 0)
(0.0492123 -0.555652 0)
(0.208256 -0.562287 0)
(0.360136 -0.567153 0)
(0.519247 -0.59108 0)
(0.684599 -0.636122 0)
(0.865669 -0.70142 0)
(0.0177102 -0.86549 0)
(0.0320868 -0.922638 0)
(0.0391692 -0.919876 0)
(0.0521793 -0.93459 0)
(0.0599976 -0.953948 0)
(0.0615458 -0.975755 0)
(0.0552465 -1.00194 0)
(0.0312626 -1.04586 0)
(-0.0222785 -1.10887 0)
(-0.105021 -1.1664 0)
(-0.204947 -1.18618 0)
(-0.297534 -1.14856 0)
(-0.351462 -1.05628 0)
(-0.344862 -0.940476 0)
(-0.278232 -0.835182 0)
(-0.169422 -0.772161 0)
(-0.0449371 -0.735822 0)
(0.0801249 -0.707894 0)
(0.205258 -0.695494 0)
(0.341442 -0.713047 0)
(0.484996 -0.747014 0)
(0.635609 -0.800424 0)
(0.801213 -0.882901 0)
(0.0116226 -0.888175 0)
(0.0225527 -0.928081 0)
(0.0284996 -0.929992 0)
(0.0366803 -0.941927 0)
(0.0411456 -0.957009 0)
(0.0414464 -0.972959 0)
(0.0373015 -0.989205 0)
(0.0238362 -1.0132 0)
(-0.0104445 -1.05112 0)
(-0.0670944 -1.09117 0)
(-0.133596 -1.112 0)
(-0.191834 -1.0976 0)
(-0.220952 -1.04825 0)
(-0.207031 -0.982083 0)
(-0.155798 -0.919025 0)
(-0.084504 -0.869235 0)
(-0.00494943 -0.83286 0)
(0.0854208 -0.812066 0)
(0.193897 -0.816856 0)
(0.311842 -0.844545 0)
(0.437654 -0.886036 0)
(0.571878 -0.949658 0)
(0.720417 -1.04969 0)
(0.00739472 -0.903126 0)
(0.0150532 -0.932811 0)
(0.0196164 -0.936685 0)
(0.024448 -0.946354 0)
(0.0266487 -0.958409 0)
(0.0259819 -0.971227 0)
(0.023518 -0.983337 0)
(0.0177662 -0.997226 0)
(0.00139663 -1.01954 0)
(-0.0291974 -1.04746 0)
(-0.0680892 -1.06709 0)
(-0.103882 -1.06463 0)
(-0.123841 -1.03814 0)
(-0.120144 -0.998244 0)
(-0.0932684 -0.95846 0)
(-0.0491193 -0.926078 0)
(0.00930912 -0.90496 0)
(0.0846524 -0.902297 0)
(0.174341 -0.920212 0)
(0.271986 -0.955704 0)
(0.37874 -1.00601 0)
(0.493531 -1.079 0)
(0.619537 -1.19126 0)
(0.00454685 -0.91251 0)
(0.00930077 -0.93641 0)
(0.0122045 -0.940643 0)
(0.014554 -0.948567 0)
(0.0150198 -0.958383 0)
(0.0132392 -0.969309 0)
(0.0102698 -0.979991 0)
(0.0066365 -0.990805 0)
(-0.00107232 -1.00517 0)
(-0.0172338 -1.02337 0)
(-0.0410593 -1.03805 0)
(-0.0653541 -1.04008 0)
(-0.0807037 -1.02746 0)
(-0.0807292 -1.00578 0)
(-0.0645823 -0.983584 0)
(-0.0332801 -0.968048 0)
(0.0131163 -0.964268 0)
(0.0738113 -0.975582 0)
(0.144449 -1.00358 0)
(0.22316 -1.04714 0)
(0.310461 -1.10606 0)
(0.405055 -1.18633 0)
(0.507686 -1.30543 0)
(0.00257473 -0.917955 0)
(0.00486534 -0.938431 0)
(0.00606472 -0.942403 0)
(0.00644573 -0.948914 0)
(0.00539536 -0.956975 0)
(0.00259619 -0.966257 0)
(-0.00161456 -0.975957 0)
(-0.00652147 -0.985866 0)
(-0.0129802 -0.996567 0)
(-0.0236742 -1.00849 0)
(-0.0392087 -1.01886 0)
(-0.0553807 -1.02264 0)
(-0.0658982 -1.01812 0)
(-0.0661429 -1.00929 0)
(-0.0542073 -1.00231 0)
(-0.0297937 -1.00172 0)
(0.00623892 -1.01085 0)
(0.0519778 -1.03225 0)
(0.105683 -1.06882 0)
(0.166595 -1.11995 0)
(0.234206 -1.18604 0)
(0.308445 -1.27227 0)
(0.388092 -1.39581 0)
(0.00117854 -0.920364 0)
(0.0013927 -0.938949 0)
(0.000982132 -0.942323 0)
(-0.000227341 -0.947715 0)
(-0.00256316 -0.954386 0)
(-0.00625283 -0.962109 0)
(-0.0113458 -0.970588 0)
(-0.0176294 -0.979524 0)
(-0.0250065 -0.988608 0)
(-0.0340528 -0.997707 0)
(-0.0451023 -1.00603 0)
(-0.0561549 -1.01161 0)
(-0.0631645 -1.01356 0)
(-0.0628121 -1.01416 0)
(-0.0538644 -1.0175 0)
(-0.0363525 -1.02687 0)
(-0.0109055 -1.04484 0)
(0.0213684 -1.07414 0)
(0.0598544 -1.11724 0)
(0.103609 -1.17449 0)
(0.151842 -1.2458 0)
(0.205235 -1.33604 0)
(0.260577 -1.46206 0)
(0.000158062 -0.92055 0)
(-0.00135858 -0.937955 0)
(-0.00322704 -0.940701 0)
(-0.00577128 -0.945207 0)
(-0.0092128 -0.950808 0)
(-0.0136862 -0.957307 0)
(-0.0192769 -0.96453 0)
(-0.02604 -0.97236 0)
(-0.0338446 -0.980548 0)
(-0.0424297 -0.988755 0)
(-0.0515004 -0.996609 0)
(-0.0600014 -1.00362 0)
(-0.0657008 -1.00989 0)
(-0.0665008 -1.01699 0)
(-0.0616377 -1.0274 0)
(-0.0512644 -1.04343 0)
(-0.0357155 -1.06748 0)
(-0.0154325 -1.10232 0)
(0.00888664 -1.15003 0)
(0.0360043 -1.2113 0)
(0.0658172 -1.28563 0)
(0.0986276 -1.37776 0)
(0.129907 -1.50327 0)
(-0.0006327 -0.919036 0)
(-0.0035925 -0.935546 0)
(-0.00673799 -0.937782 0)
(-0.0104303 -0.941564 0)
(-0.0148562 -0.946324 0)
(-0.020103 -0.951907 0)
(-0.026197 -0.95818 0)
(-0.0331849 -0.965068 0)
(-0.0410656 -0.972486 0)
(-0.0495899 -0.980261 0)
(-0.0582338 -0.988279 0)
(-0.0661825 -0.996633 0)
(-0.0722846 -1.00579 0)
(-0.0754843 -1.01687 0)
(-0.0753413 -1.03155 0)
(-0.0719116 -1.05175 0)
(-0.0654215 -1.07965 0)
(-0.0563085 -1.11769 0)
(-0.0454483 -1.1679 0)
(-0.0339498 -1.23077 0)
(-0.0218857 -1.30582 0)
(-0.00920818 -1.39766 0)
(-0.00107211 -1.51992 0)
(-0.00128054 -0.916136 0)
(-0.00544227 -0.931921 0)
(-0.00969092 -0.933745 0)
(-0.014381 -0.936924 0)
(-0.0196978 -0.940979 0)
(-0.0257114 -0.945815 0)
(-0.032449 -0.951343 0)
(-0.0399132 -0.9575 0)
(-0.0480951 -0.964263 0)
(-0.0568482 -0.971665 0)
(-0.0657982 -0.979823 0)
(-0.0744003 -0.988998 0)
(-0.0820525 -0.999734 0)
(-0.0882628 -1.01297 0)
(-0.0928359 -1.03001 0)
(-0.0958857 -1.05241 0)
(-0.0977427 -1.0821 0)
(-0.0989959 -1.1212 0)
(-0.100646 -1.17157 0)
(-0.103812 -1.23375 0)
(-0.108617 -1.30739 0)
(-0.115193 -1.39637 0)
(-0.12914 -1.51313 0)
(-0.00182747 -0.912089 0)
(-0.00698174 -0.927264 0)
(-0.0121799 -0.92874 0)
(-0.0177359 -0.931403 0)
(-0.0238578 -0.934838 0)
(-0.0305996 -0.938998 0)
(-0.0380191 -0.943842 0)
(-0.0461274 -0.949356 0)
(-0.0549008 -0.955561 0)
(-0.0642465 -0.962547 0)
(-0.0739862 -0.970535 0)
(-0.0838577 -0.979904 0)
(-0.093577 -0.991219 0)
(-0.102967 -1.00527 0)
(-0.112062 -1.02309 0)
(-0.121133 -1.04597 0)
(-0.13068 -1.07554 0)
(-0.141464 -1.11366 0)
(-0.154623 -1.16205 0)
(-0.171406 -1.22132 0)
(-0.192149 -1.29114 0)
(-0.217352 -1.37464 0)
(-0.252892 -1.48352 0)
(-0.00229171 -0.907091 0)
(-0.00825188 -0.921738 0)
(-0.0142605 -0.922905 0)
(-0.0205627 -0.925105 0)
(-0.0274022 -0.927971 0)
(-0.0348198 -0.931495 0)
(-0.0428948 -0.935667 0)
(-0.0516728 -0.940512 0)
(-0.0611763 -0.946091 0)
(-0.071376 -0.95252 0)
(-0.0822043 -0.960039 0)
(-0.0935939 -0.969045 0)
(-0.105514 -0.980082 0)
(-0.118026 -0.993836 0)
(-0.131348 -1.01114 0)
(-0.145905 -1.03302 0)
(-0.162365 -1.06082 0)
(-0.181667 -1.09613 0)
(-0.205109 -1.14048 0)
(-0.234173 -1.19451 0)
(-0.269651 -1.25782 0)
(-0.312724 -1.33266 0)
(-0.369855 -1.42973 0)
(-0.00267979 -0.901313 0)
(-0.00927756 -0.915486 0)
(-0.0159622 -0.916367 0)
(-0.0228971 -0.918133 0)
(-0.0303582 -0.920452 0)
(-0.0383877 -0.923351 0)
(-0.0470817 -0.926835 0)
(-0.0565195 -0.930946 0)
(-0.0667719 -0.935764 0)
(-0.0778883 -0.941422 0)
(-0.0898995 -0.948149 0)
(-0.102866 -0.956304 0)
(-0.116921 -0.966367 0)
(-0.132308 -0.978919 0)
(-0.149403 -0.994632 0)
(-0.168764 -1.01432 0)
(-0.191189 -1.039 0)
(-0.217774 -1.06997 0)
(-0.249972 -1.10851 0)
(-0.289514 -1.15516 0)
(-0.337714 -1.20934 0)
(-0.396507 -1.27208 0)
(-0.472806 -1.35207 0)
(-0.00299309 -0.894916 0)
(-0.0100761 -0.908642 0)
(-0.0172993 -0.909248 0)
(-0.0247517 -0.910592 0)
(-0.032726 -0.912371 0)
(-0.0412799 -0.914629 0)
(-0.0505239 -0.917382 0)
(-0.06057 -0.920682 0)
(-0.0715257 -0.924607 0)
(-0.0835042 -0.929283 0)
(-0.0966272 -0.934912 0)
(-0.111056 -0.941792 0)
(-0.127033 -0.950314 0)
(-0.144912 -0.960949 0)
(-0.165189 -0.974222 0)
(-0.188525 -0.990735 0)
(-0.21582 -1.01124 0)
(-0.248275 -1.03668 0)
(-0.287452 -1.068 0)
(-0.335242 -1.1056 0)
(-0.393399 -1.14859 0)
(-0.464333 -1.19667 0)
(-0.554601 -1.25571 0)
(-0.00323279 -0.888048 0)
(-0.010662 -0.901342 0)
(-0.0182805 -0.901679 0)
(-0.0261274 -0.902599 0)
(-0.0344922 -0.903834 0)
(-0.0434572 -0.905428 0)
(-0.0531413 -0.907403 0)
(-0.0636862 -0.909806 0)
(-0.0752332 -0.912708 0)
(-0.0879442 -0.916212 0)
(-0.102006 -0.920479 0)
(-0.117657 -0.925736 0)
(-0.135212 -0.932283 0)
(-0.155097 -0.940469 0)
(-0.177873 -0.950671 0)
(-0.204272 -0.963297 0)
(-0.235243 -0.978839 0)
(-0.27203 -0.997902 0)
(-0.316222 -1.02109 0)
(-0.369767 -1.04851 0)
(-0.434683 -1.07903 0)
(-0.513503 -1.11115 0)
(-0.611805 -1.14777 0)
(-0.00340142 -0.880852 0)
(-0.0110463 -0.893721 0)
(-0.0189122 -0.893792 0)
(-0.0270203 -0.894283 0)
(-0.03564 -0.894966 0)
(-0.0448808 -0.895873 0)
(-0.0548672 -0.897025 0)
(-0.0657634 -0.898458 0)
(-0.0777372 -0.900223 0)
(-0.0909858 -0.902398 0)
(-0.105741 -0.905095 0)
(-0.12229 -0.908471 0)
(-0.140996 -0.912728 0)
(-0.162324 -0.918096 0)
(-0.186865 -0.92481 0)
(-0.215365 -0.933095 0)
(-0.248785 -0.943201 0)
(-0.28835 -0.955428 0)
(-0.335584 -0.970039 0)
(-0.392359 -0.986867 0)
(-0.460743 -1.00454 0)
(-0.543072 -1.02065 0)
(-0.643544 -1.03555 0)
(-0.00350135 -0.873458 0)
(-0.0112352 -0.885918 0)
(-0.0191989 -0.885727 0)
(-0.027425 -0.885786 0)
(-0.0361541 -0.885911 0)
(-0.0455176 -0.886113 0)
(-0.0556453 -0.886408 0)
(-0.0667159 -0.886814 0)
(-0.078915 -0.887362 0)
(-0.0924613 -0.888095 0)
(-0.107615 -0.889075 0)
(-0.12469 -0.890392 0)
(-0.144075 -0.892156 0)
(-0.166249 -0.894488 0)
(-0.191801 -0.897488 0)
(-0.221455 -0.901217 0)
(-0.256129 -0.905709 0)
(-0.296974 -0.910999 0)
(-0.345389 -0.917054 0)
(-0.403062 -0.923447 0)
(-0.471913 -0.928666 0)
(-0.55386 -0.929779 0)
(-0.651605 -0.925277 0)
(-0.00353147 -0.865994 0)
(-0.0112268 -0.878075 0)
(-0.0191421 -0.877627 0)
(-0.0273369 -0.877256 0)
(-0.0360243 -0.876821 0)
(-0.0453465 -0.876312 0)
(-0.0554387 -0.875733 0)
(-0.066486 -0.875082 0)
(-0.0786846 -0.874364 0)
(-0.0922637 -0.873588 0)
(-0.107495 -0.87277 0)
(-0.124704 -0.871931 0)
(-0.14428 -0.871102 0)
(-0.166697 -0.870305 0)
(-0.19252 -0.869527 0)
(-0.222425 -0.868686 0)
(-0.257246 -0.867633 0)
(-0.298015 -0.866181 0)
(-0.345956 -0.864062 0)
(-0.40251 -0.860661 0)
(-0.469325 -0.854403 0)
(-0.547829 -0.84218 0)
(-0.639407 -0.821375 0)
(-0.00348223 -0.858584 0)
(-0.0110063 -0.870325 0)
(-0.018736 -0.869628 0)
(-0.026749 -0.868833 0)
(-0.0352447 -0.867848 0)
(-0.0443594 -0.866636 0)
(-0.0542345 -0.865186 0)
(-0.0650533 -0.863476 0)
(-0.0770147 -0.861484 0)
(-0.0903492 -0.859184 0)
(-0.105329 -0.856546 0)
(-0.122275 -0.853536 0)
(-0.141563 -0.850109 0)
(-0.163644 -0.846203 0)
(-0.189044 -0.841712 0)
(-0.218372 -0.836445 0)
(-0.252354 -0.830113 0)
(-0.291875 -0.822344 0)
(-0.337969 -0.812694 0)
(-0.391806 -0.800443 0)
(-0.454688 -0.784055 0)
(-0.527568 -0.760509 0)
(-0.610848 -0.726661 0)
(-0.00333083 -0.85138 0)
(-0.0105408 -0.862801 0)
(-0.0179629 -0.861869 0)
(-0.0256454 -0.860663 0)
(-0.0338056 -0.859145 0)
(-0.0425518 -0.857251 0)
(-0.0520331 -0.854956 0)
(-0.0624224 -0.852212 0)
(-0.0739142 -0.848971 0)
(-0.0867321 -0.845176 0)
(-0.101139 -0.840756 0)
(-0.11744 -0.835626 0)
(-0.135989 -0.829682 0)
(-0.157198 -0.822788 0)
(-0.181543 -0.814762 0)
(-0.209559 -0.805336 0)
(-0.241862 -0.794124 0)
(-0.279171 -0.780625 0)
(-0.32232 -0.764264 0)
(-0.372224 -0.744273 0)
(-0.429855 -0.719234 0)
(-0.495747 -0.686401 0)
(-0.569665 -0.642514 0)
(-0.0030442 -0.84466 0)
(-0.0097818 -0.855722 0)
(-0.0167936 -0.854566 0)
(-0.0239975 -0.85297 0)
(-0.0316828 -0.850943 0)
(-0.039907 -0.848399 0)
(-0.0488274 -0.845296 0)
(-0.0586002 -0.841566 0)
(-0.069408 -0.837133 0)
(-0.0814591 -0.831911 0)
(-0.0949976 -0.825791 0)
(-0.110305 -0.818647 0)
(-0.127705 -0.810324 0)
(-0.147565 -0.800632 0)
(-0.170301 -0.789327 0)
(-0.196376 -0.77609 0)
(-0.226296 -0.760478 0)
(-0.260631 -0.741914 0)
(-0.300013 -0.719732 0)
(-0.345132 -0.693158 0)
(-0.396681 -0.660955 0)
(-0.45487 -0.62074 0)
(-0.519082 -0.569399 0)
(-0.00259911 -0.838725 0)
(-0.00869232 -0.849276 0)
(-0.0152049 -0.847909 0)
(-0.0217835 -0.845957 0)
(-0.0288508 -0.843456 0)
(-0.0363998 -0.840308 0)
(-0.0445977 -0.836454 0)
(-0.0535794 -0.83181 0)
(-0.0635101 -0.826277 0)
(-0.0745748 -0.819737 0)
(-0.0869889 -0.812052 0)
(-0.101001 -0.803056 0)
(-0.116898 -0.792556 0)
(-0.135001 -0.780314 0)
(-0.155665 -0.766044 0)
(-0.179277 -0.74939 0)
(-0.206253 -0.729889 0)
(-0.237026 -0.706939 0)
(-0.272054 -0.67982 0)
(-0.311831 -0.647767 0)
(-0.356832 -0.609749 0)
(-0.407059 -0.563797 0)
(-0.461697 -0.50707 0)
(-0.00201521 -0.833363 0)
(-0.0073004 -0.843119 0)
(-0.0132303 -0.841562 0)
(-0.019052 -0.839311 0)
(-0.0253567 -0.836391 0)
(-0.0320758 -0.832709 0)
(-0.0393869 -0.828187 0)
(-0.047405 -0.822732 0)
(-0.0562751 -0.816227 0)
(-0.0661552 -0.808533 0)
(-0.0772252 -0.799482 0)
(-0.0896926 -0.788879 0)
(-0.103797 -0.776493 0)
(-0.119807 -0.762049 0)
(-0.138019 -0.745227 0)
(-0.158748 -0.725642 0)
(-0.18233 -0.702827 0)
(-0.209098 -0.676188 0)
(-0.239371 -0.645001 0)
(-0.273481 -0.608507 0)
(-0.311737 -0.565856 0)
(-0.35403 -0.515519 0)
(-0.399512 -0.455017 0)
(-0.00136948 -0.828249 0)
(-0.00573038 -0.836828 0)
(-0.0109915 -0.835111 0)
(-0.0159579 -0.832625 0)
(-0.0213717 -0.829335 0)
(-0.027122 -0.825178 0)
(-0.0333866 -0.82006 0)
(-0.0402697 -0.813883 0)
(-0.0478974 -0.80652 0)
(-0.0564027 -0.797821 0)
(-0.0659316 -0.787603 0)
(-0.0766474 -0.775646 0)
(-0.0887359 -0.761694 0)
(-0.102405 -0.745446 0)
(-0.117882 -0.72655 0)
(-0.135412 -0.704601 0)
(-0.155255 -0.679127 0)
(-0.177673 -0.64956 0)
(-0.202899 -0.615204 0)
(-0.231152 -0.575302 0)
(-0.262613 -0.529131 0)
(-0.297158 -0.47557 0)
(-0.333997 -0.412528 0)
(-0.000760052 -0.82542 0)
(-0.00413457 -0.83241 0)
(-0.00860811 -0.830563 0)
(-0.0126414 -0.827892 0)
(-0.0170473 -0.824281 0)
(-0.0217143 -0.81969 0)
(-0.0267954 -0.814022 0)
(-0.0323868 -0.807171 0)
(-0.0385973 -0.799007 0)
(-0.0455398 -0.789374 0)
(-0.0533337 -0.778078 0)
(-0.0621071 -0.764892 0)
(-0.0719994 -0.749547 0)
(-0.0831594 -0.731726 0)
(-0.0957436 -0.711066 0)
(-0.109915 -0.687144 0)
(-0.12585 -0.659482 0)
(-0.14373 -0.627536 0)
(-0.163734 -0.590662 0)
(-0.186026 -0.548142 0)
(-0.210717 -0.499342 0)
(-0.237679 -0.443488 0)
(-0.266254 -0.378842 0)
(-0.000253415 -0.828346 0)
(-0.00259915 -0.833406 0)
(-0.00609565 -0.83153 0)
(-0.00911099 -0.828771 0)
(-0.012384 -0.824959 0)
(-0.0158426 -0.820061 0)
(-0.0195996 -0.813979 0)
(-0.0237375 -0.806603 0)
(-0.0283438 -0.797798 0)
(-0.0335105 -0.787397 0)
(-0.0393349 -0.7752 0)
(-0.0459208 -0.76097 0)
(-0.053378 -0.74443 0)
(-0.0618174 -0.725253 0)
(-0.0713453 -0.703062 0)
(-0.0820598 -0.677421 0)
(-0.0940549 -0.647838 0)
(-0.107426 -0.613757 0)
(-0.122271 -0.57456 0)
(-0.138726 -0.529584 0)
(-0.156853 -0.478312 0)
(-0.176545 -0.420309 0)
(-0.197291 -0.354239 0)
(0.000101006 -0.831492 0)
(-0.00123291 -0.834618 0)
(-0.00354479 -0.832864 0)
(-0.00542278 -0.830141 0)
(-0.00742831 -0.826291 0)
(-0.0095392 -0.82128 0)
(-0.0118253 -0.815021 0)
(-0.0143436 -0.807406 0)
(-0.0171514 -0.798294 0)
(-0.02031 -0.787514 0)
(-0.0238859 -0.77486 0)
(-0.0279535 -0.760087 0)
(-0.0325931 -0.742909 0)
(-0.0378879 -0.722993 0)
(-0.0439177 -0.699951 0)
(-0.0507534 -0.673338 0)
(-0.0584554 -0.642643 0)
(-0.0670714 -0.607287 0)
(-0.0766395 -0.566616 0)
(-0.0872579 -0.519953 0)
(-0.0989614 -0.466776 0)
(-0.111737 -0.406845 0)
(-0.12537 -0.339233 0)
(0.000175298 -0.820604 0)
(-0.000257842 -0.822443 0)
(-0.00118055 -0.82077 0)
(-0.00184044 -0.817997 0)
(-0.00252334 -0.814027 0)
(-0.00323383 -0.808837 0)
(-0.00399556 -0.802355 0)
(-0.00482606 -0.794478 0)
(-0.00574341 -0.785067 0)
(-0.00676825 -0.773951 0)
(-0.00792449 -0.760921 0)
(-0.00924017 -0.745734 0)
(-0.0107474 -0.728108 0)
(-0.0124808 -0.707728 0)
(-0.0144753 -0.684231 0)
(-0.0167648 -0.657208 0)
(-0.0193819 -0.626182 0)
(-0.0223569 -0.59061 0)
(-0.0257112 -0.549868 0)
(-0.0294885 -0.503305 0)
(-0.0337027 -0.450357 0)
(-0.0384202 -0.390742 0)
(-0.0438766 -0.323799 0)
(0.898053 0.956949 0)
(0.522976 0.591746 0)
(0.0155594 0.147214 0)
(-0.089247 -0.369532 0)
(1.41617 1.01992 0)
(1.39283 1.0062 0)
(1.25074 0.883444 0)
(1.09071 0.731815 0)
(1.5105 0.770807 0)
(1.60521 0.846424 0)
(1.66348 0.892732 0)
(1.67601 0.925855 0)
(1.53674 0.610338 0)
(1.60346 0.663161 0)
(1.67661 0.716391 0)
(1.75352 0.78324 0)
(1.51937 0.529221 0)
(1.56069 0.562433 0)
(1.61072 0.597227 0)
(1.66693 0.639326 0)
(1.51836 0.484674 0)
(1.52583 0.493315 0)
(1.54713 0.510223 0)
(1.57256 0.530301 0)
(1.85288 0.55272 0)
(1.76341 0.508553 0)
(1.7075 0.482242 0)
(1.66555 0.477413 0)
(2.17194 0.776973 0)
(2.10138 0.760185 0)
(2.02053 0.70559 0)
(1.95224 0.669201 0)
(1.80937 0.749024 0)
(1.87754 0.80947 0)
(1.93304 0.822167 0)
(1.96818 0.805482 0)
(1.26573 0.480514 0)
(1.40188 0.527135 0)
(1.546 0.556489 0)
(1.67811 0.566857 0)
(1.03096 0.195825 0)
(1.16016 0.204392 0)
(1.29996 0.218597 0)
(1.43163 0.212074 0)
(1.06406 -0.0424634 0)
(1.18326 -0.0439684 0)
(1.30619 -0.0306559 0)
(1.43141 -0.0312671 0)
(1.10506 -0.303097 0)
(1.22104 -0.309942 0)
(1.34317 -0.302673 0)
(1.47658 -0.306378 0)
(1.07834 -0.544827 0)
(1.18622 -0.564731 0)
(1.30775 -0.578913 0)
(1.44041 -0.602349 0)
(1.00823 -0.760363 0)
(1.10766 -0.798116 0)
(1.222 -0.839221 0)
(1.34384 -0.866606 0)
(0.931275 -0.961834 0)
(1.02396 -1.02166 0)
(1.13011 -1.07889 0)
(1.24177 -1.11202 0)
(0.83644 -1.15022 0)
(0.917693 -1.23383 0)
(1.02215 -1.30979 0)
(1.11512 -1.36599 0)
(0.713113 -1.30947 0)
(0.778229 -1.41147 0)
(0.865914 -1.50741 0)
(0.91986 -1.56962 0)
(0.579775 -1.43242 0)
(0.6304 -1.54291 0)
(0.688218 -1.64991 0)
(0.727199 -1.71144 0)
(0.442591 -1.52693 0)
(0.481007 -1.64211 0)
(0.522014 -1.75915 0)
(0.568001 -1.83283 0)
(0.296086 -1.59416 0)
(0.320373 -1.7113 0)
(0.346212 -1.83783 0)
(0.37004 -1.9334 0)
(0.145792 -1.63112 0)
(0.155847 -1.74414 0)
(0.164026 -1.87233 0)
(0.160888 -1.98258 0)
(-0.00258997 -1.64111 0)
(-0.00377155 -1.74717 0)
(-0.00875852 -1.87226 0)
(-0.0288847 -1.99191 0)
(-0.14726 -1.62769 0)
(-0.159454 -1.7264 0)
(-0.175176 -1.84547 0)
(-0.202903 -1.97281 0)
(-0.288336 -1.59112 0)
(-0.313204 -1.68176 0)
(-0.341233 -1.79068 0)
(-0.377643 -1.91751 0)
(-0.424286 -1.52726 0)
(-0.464599 -1.60825 0)
(-0.508803 -1.70327 0)
(-0.558141 -1.81741 0)
(-0.544552 -1.43343 0)
(-0.599553 -1.50096 0)
(-0.659793 -1.57771 0)
(-0.723781 -1.66778 0)
(-0.638227 -1.31613 0)
(-0.702657 -1.367 0)
(-0.773393 -1.4228 0)
(-0.847956 -1.48252 0)
(-0.701109 -1.18551 0)
(-0.769164 -1.21906 0)
(-0.844125 -1.25518 0)
(-0.924381 -1.28918 0)
(-0.7328 -1.05134 0)
(-0.799588 -1.06815 0)
(-0.873308 -1.08607 0)
(-0.953556 -1.09943 0)
(-0.73638 -0.921933 0)
(-0.798565 -0.924187 0)
(-0.866935 -0.926542 0)
(-0.941711 -0.92367 0)
(-0.716999 -0.802545 0)
(-0.772848 -0.79309 0)
(-0.833802 -0.783107 0)
(-0.900334 -0.76823 0)
(-0.679856 -0.695943 0)
(-0.728671 -0.677598 0)
(-0.781487 -0.658289 0)
(-0.838762 -0.634817 0)
(-0.629685 -0.60304 0)
(-0.67144 -0.578273 0)
(-0.716216 -0.55224 0)
(-0.764395 -0.522845 0)
(-0.570315 -0.523726 0)
(-0.605366 -0.494512 0)
(-0.642615 -0.463844 0)
(-0.682454 -0.430528 0)
(-0.504663 -0.457138 0)
(-0.533605 -0.424961 0)
(-0.564093 -0.391232 0)
(-0.596502 -0.355476 0)
(-0.434877 -0.402279 0)
(-0.458378 -0.368165 0)
(-0.482895 -0.332431 0)
(-0.508825 -0.295159 0)
(-0.362358 -0.358101 0)
(-0.380996 -0.322743 0)
(-0.400269 -0.285682 0)
(-0.420568 -0.247377 0)
(-0.288085 -0.323529 0)
(-0.302311 -0.28742 0)
(-0.316919 -0.249519 0)
(-0.332299 -0.210463 0)
(-0.212988 -0.298314 0)
(-0.223111 -0.261617 0)
(-0.23345 -0.223068 0)
(-0.244353 -0.183284 0)
(-0.135707 -0.282729 0)
(-0.142234 -0.245192 0)
(-0.148894 -0.205738 0)
(-0.155968 -0.164725 0)
(-0.0483341 -0.268953 0)
(-0.0510984 -0.231695 0)
(-0.0539875 -0.192599 0)
(-0.0571079 -0.151594 0)
(0.10752 -0.513247 0)
(-0.575185 -0.0811736 0)
(0.00972477 -0.0557865 0)
(0.0811639 -0.0968108 0)
(0.194685 -0.0107825 0)
(0.180776 -0.00491292 0)
(0.178634 -0.012292 0)
(0.186477 -0.0155194 0)
(0.196362 -0.0117207 0)
(0.204345 -0.00101363 0)
(0.207239 0.01474 0)
(0.203516 0.0334234 0)
(0.19267 0.0530964 0)
(0.175032 0.072022 0)
(0.151394 0.0889791 0)
(0.122778 0.103147 0)
(0.0903127 0.114097 0)
(0.0551455 0.121496 0)
(0.0183846 0.124254 0)
(0.636547 0.288376 0)
(-0.45625 -0.30145 0)
(-0.0549827 -0.562181 0)
(-0.0992786 -0.36317 0)
(0.191148 -0.0195841 0)
(0.159236 0.00709362 0)
(0.16654 -0.0158154 0)
(0.183578 -0.0275358 0)
(0.20184 -0.0238221 0)
(0.216959 -0.00895517 0)
(0.224736 0.0133525 0)
(0.22335 0.0393618 0)
(0.212666 0.0662131 0)
(0.193577 0.091563 0)
(0.167379 0.113869 0)
(0.135596 0.132249 0)
(0.0996624 0.14627 0)
(0.060806 0.155684 0)
(0.0202537 0.159189 0)
(1.51741 0.823385 0)
(1.06271 0.511022 0)
(0.49961 0.118008 0)
(-0.326911 -0.941218 0)
(0.157001 -0.0540402 0)
(0.103859 0.0125407 0)
(0.123204 -0.0365144 0)
(0.171873 -0.0502324 0)
(0.209283 -0.0456284 0)
(0.235117 -0.0239849 0)
(0.249227 0.00820365 0)
(0.250413 0.0443611 0)
(0.239306 0.0804228 0)
(0.217734 0.113475 0)
(0.187877 0.14195 0)
(0.151808 0.164987 0)
(0.111298 0.182241 0)
(0.0677986 0.193745 0)
(0.0225994 0.19798 0)
(1.83622 0.86644 0)
(1.78251 0.849886 0)
(1.44097 0.675371 0)
(0.929585 0.311337 0)
(-0.533887 -0.440928 0)
(0.0207492 -0.08978 0)
(0.0287595 -0.139466 0)
(0.139101 -0.111107 0)
(0.215533 -0.0837008 0)
(0.261935 -0.0482172 0)
(0.284113 -0.001469 0)
(0.287213 0.0488354 0)
(0.274268 0.0967028 0)
(0.248595 0.138969 0)
(0.213505 0.174305 0)
(0.171676 0.202267 0)
(0.125385 0.222905 0)
(0.0762224 0.236563 0)
(0.02539 0.241486 0)
(1.79133 0.733827 0)
(1.93854 0.851987 0)
(1.91616 0.890326 0)
(1.66549 0.783146 0)
(1.20066 0.490002 0)
(0.286295 -0.0313857 0)
(0.120804 -0.167241 0)
(0.150028 -0.218252 0)
(0.223143 -0.159581 0)
(0.297583 -0.0868959 0)
(0.333762 -0.0148768 0)
(0.337286 0.0543921 0)
(0.319512 0.116912 0)
(0.287067 0.169842 0)
(0.244531 0.212515 0)
(0.195302 0.245423 0)
(0.141937 0.269314 0)
(0.0859922 0.28489 0)
(0.0285997 0.290422 0)
(1.65281 0.588077 0)
(1.84523 0.742653 0)
(2.00272 0.889923 0)
(1.99028 0.952597 0)
(1.77577 0.852499 0)
(1.3896 0.595274 0)
(0.712421 0.172006 0)
(0.349005 -0.16513 0)
(0.289831 -0.247014 0)
(0.347828 -0.153604 0)
(0.399975 -0.0347775 0)
(0.404089 0.0643216 0)
(0.377063 0.144416 0)
(0.333816 0.208608 0)
(0.281007 0.258521 0)
(0.222428 0.295949 0)
(0.160581 0.322538 0)
(0.0968674 0.339593 0)
(0.0321779 0.345528 0)
(1.59702 0.463498 0)
(1.68898 0.550621 0)
(1.92699 0.781213 0)
(2.06354 0.969218 0)
(2.00871 1.01981 0)
(1.79309 0.894052 0)
(1.46558 0.645817 0)
(0.966673 0.273862 0)
(0.57127 -0.128095 0)
(0.464208 -0.198058 0)
(0.488954 -0.0618589 0)
(0.489577 0.080849 0)
(0.448014 0.184099 0)
(0.388674 0.258901 0)
(0.322302 0.314606 0)
(0.252346 0.355239 0)
(0.180741 0.383502 0)
(0.108486 0.401433 0)
(0.0359929 0.407416 0)
(1.81826 0.563416 0)
(1.64805 0.42732 0)
(1.78638 0.544075 0)
(2.03608 0.898086 0)
(2.08495 1.08339 0)
(1.9651 1.0751 0)
(1.761 0.921903 0)
(1.40289 0.611328 0)
(1.03373 0.230302 0)
(0.723078 -0.0917552 0)
(0.622176 -0.0564555 0)
(0.592747 0.110132 0)
(0.530649 0.240054 0)
(0.449883 0.324528 0)
(0.366634 0.383084 0)
(0.283602 0.424611 0)
(0.201479 0.452969 0)
(0.120332 0.470775 0)
(0.039848 0.4763 0)
(2.00457 0.76384 0)
(1.8408 0.576092 0)
(1.66809 0.372238 0)
(1.96529 0.725097 0)
(2.09492 1.08554 0)
(2.03 1.18805 0)
(1.88713 1.10511 0)
(1.6732 0.908804 0)
(1.33893 0.543976 0)
(1.05033 0.160277 0)
(0.830649 0.0484599 0)
(0.718604 0.180106 0)
(0.620008 0.31972 0)
(0.513473 0.408715 0)
(0.411026 0.465748 0)
(0.314133 0.504863 0)
(0.221375 0.531212 0)
(0.131556 0.547597 0)
(0.043478 0.552059 0)
(1.91351 0.663903 0)
(2.04634 0.749326 0)
(1.75791 0.464876 0)
(1.89722 0.447032 0)
(2.0769 1.06216 0)
(2.03618 1.27513 0)
(1.91028 1.23989 0)
(1.75893 1.08828 0)
(1.50715 0.774189 0)
(1.26747 0.403839 0)
(1.03698 0.225496 0)
(0.84914 0.305671 0)
(0.704507 0.431425 0)
(0.571961 0.513542 0)
(0.451041 0.563033 0)
(0.341146 0.595851 0)
(0.238758 0.617768 0)
(0.141266 0.63136 0)
(0.0466043 0.634123 0)
(1.6846 0.340081 0)
(2.00352 0.67804 0)
(1.96396 0.648964 0)
(1.91377 0.276092 0)
(2.0488 1.01568 0)
(2.0054 1.35914 0)
(1.8871 1.3651 0)
(1.76087 1.23974 0)
(1.55052 0.948335 0)
(1.36388 0.601921 0)
(1.17889 0.418006 0)
(0.955997 0.471094 0)
(0.771542 0.57386 0)
(0.61734 0.637795 0)
(0.481825 0.673281 0)
(0.361711 0.696122 0)
(0.251896 0.711333 0)
(0.148562 0.720832 0)
(0.0489417 0.721291 0)
(1.61454 0.0694276 0)
(1.91195 0.46948 0)
(2.05559 0.652851 0)
(2.0259 0.346667 0)
(2.0312 0.975028 0)
(1.94221 1.44742 0)
(1.83268 1.48118 0)
(1.72385 1.36713 0)
(1.54749 1.09904 0)
(1.40892 0.759971 0)
(1.26362 0.606459 0)
(1.02061 0.66074 0)
(0.810684 0.739076 0)
(0.643388 0.776322 0)
(0.499385 0.792713 0)
(0.373388 0.802878 0)
(0.259317 0.809736 0)
(0.152657 0.814176 0)
(0.0502428 0.811874 0)
(1.67304 -0.167778 0)
(1.94428 0.244377 0)
(2.17103 0.519228 0)
(2.17233 0.452111 0)
(2.02103 1.01116 0)
(1.85396 1.55712 0)
(1.74921 1.59077 0)
(1.65428 1.46905 0)
(1.50771 1.18928 0)
(1.4328 0.883121 0)
(1.29688 0.791045 0)
(1.03332 0.865153 0)
(0.815735 0.915966 0)
(0.646457 0.9211 0)
(0.501405 0.916014 0)
(0.374727 0.912372 0)
(0.260141 0.910176 0)
(0.153082 0.909137 0)
(0.0503621 0.903866 0)
(1.64055 -0.438282 0)
(1.91882 -0.00553729 0)
(2.22391 0.355525 0)
(2.26766 0.594209 0)
(1.96212 1.21392 0)
(1.7471 1.69213 0)
(1.64212 1.69638 0)
(1.55698 1.55357 0)
(1.4337 1.22923 0)
(1.41061 0.980788 0)
(1.25137 0.984231 0)
(0.985453 1.07462 0)
(0.784825 1.08988 0)
(0.625899 1.06246 0)
(0.487634 1.03721 0)
(0.365556 1.02047 0)
(0.254253 1.00958 0)
(0.149775 1.00325 0)
(0.049282 0.995075 0)
(1.5203 -0.635637 0)
(1.75446 -0.257125 0)
(2.07971 0.124872 0)
(2.18344 0.705224 0)
(1.82594 1.49699 0)
(1.62952 1.84367 0)
(1.52235 1.80205 0)
(1.44221 1.62951 0)
(1.33854 1.25278 0)
(1.33642 1.09064 0)
(1.13432 1.18818 0)
(0.894668 1.27036 0)
(0.726414 1.24586 0)
(0.585782 1.19197 0)
(0.460241 1.15091 0)
(0.347042 1.12331 0)
(0.242304 1.10502 0)
(0.143069 1.09411 0)
(0.0471083 1.08335 0)
(1.39991 -0.799881 0)
(1.64702 -0.414348 0)
(1.92819 -0.0762433 0)
(1.9269 0.75731 0)
(1.65091 1.75843 0)
(1.50739 1.98162 0)
(1.40232 1.89941 0)
(1.33278 1.69197 0)
(1.27506 1.27562 0)
(1.23014 1.22926 0)
(0.979095 1.38913 0)
(0.78588 1.43672 0)
(0.651492 1.37632 0)
(0.532155 1.30499 0)
(0.422719 1.25331 0)
(0.321258 1.21785 0)
(0.225523 1.19404 0)
(0.133613 1.17967 0)
(0.0440461 1.16681 0)
(1.28096 -1.05906 0)
(1.69245 -0.68817 0)
(1.91758 -0.0969273 0)
(1.66449 0.964535 0)
(1.51084 1.91039 0)
(1.39278 2.09045 0)
(1.2997 1.98332 0)
(1.25778 1.70489 0)
(1.27158 1.32105 0)
(1.06856 1.41948 0)
(0.808339 1.57642 0)
(0.670849 1.56781 0)
(0.566995 1.48026 0)
(0.470382 1.39979 0)
(0.378716 1.34218 0)
(0.29065 1.30208 0)
(0.205446 1.27492 0)
(0.122247 1.25838 0)
(0.0403616 1.24401 0)
(1.14156 -1.33122 0)
(1.5074 -0.998742 0)
(1.70821 -0.695595 0)
(1.46864 1.2535 0)
(1.3916 2.00576 0)
(1.28633 2.16324 0)
(1.19762 2.02668 0)
(1.1832 1.64816 0)
(1.13033 1.48031 0)
(0.794444 1.65013 0)
(0.622178 1.7258 0)
(0.548494 1.65807 0)
(0.476879 1.55777 0)
(0.404914 1.47543 0)
(0.331744 1.41637 0)
(0.25776 1.37495 0)
(0.183723 1.34667 0)
(0.109884 1.32932 0)
(0.0363447 1.31405 0)
(0.909301 -1.48004 0)
(0.925489 -0.958549 0)
(0.922964 -0.114515 0)
(1.27421 1.33427 0)
(1.27495 2.07615 0)
(1.1352 2.19849 0)
(0.986161 2.00279 0)
(1.0069 1.72803 0)
(0.743111 1.7518 0)
(0.456657 1.84 0)
(0.433522 1.79626 0)
(0.423077 1.70189 0)
(0.387992 1.60783 0)
(0.340839 1.53133 0)
(0.285573 1.47578 0)
(0.225164 1.4364 0)
(0.161979 1.40913 0)
(0.0974077 1.39219 0)
(0.0322734 1.37658 0)
(0.663965 -1.65932 0)
(0.943579 -1.06359 0)
(1.17696 -1.11387 0)
(1.14659 1.29307 0)
(1.19991 2.24205 0)
(1.02167 2.33298 0)
(0.751271 2.02526 0)
(0.733636 1.93047 0)
(0.287926 2.04389 0)
(0.170542 1.89598 0)
(0.262225 1.77431 0)
(0.310305 1.70043 0)
(0.310309 1.63098 0)
(0.284289 1.56884 0)
(0.244122 1.5218 0)
(0.195272 1.4874 0)
(0.141646 1.46287 0)
(0.0855683 1.44729 0)
(0.0283792 1.43175 0)
(0.39827 -1.84323 0)
(0.785498 -1.27338 0)
(0.766594 -0.901463 0)
(0.950446 1.26182 0)
(1.13081 2.33353 0)
(0.98246 2.53998 0)
(0.610979 2.14163 0)
(0.357142 2.20133 0)
(-0.00149658 2.26616 0)
(-0.0126878 1.83252 0)
(0.128215 1.68069 0)
(0.226427 1.66023 0)
(0.253642 1.63225 0)
(0.241112 1.59241 0)
(0.210644 1.55758 0)
(0.16988 1.53003 0)
(0.123695 1.50917 0)
(0.0748418 1.49539 0)
(0.0248063 1.48011 0)
(0.150368 -1.94112 0)
(0.40716 -1.43853 0)
(-0.0808122 -0.694427 0)
(0.664442 0.930785 0)
(1.0721 2.30177 0)
(1.04754 2.78158 0)
(0.74395 2.56098 0)
(0.159157 2.43743 0)
(-0.0294124 2.40089 0)
(-0.032929 1.74562 0)
(0.06736 1.54536 0)
(0.187286 1.59455 0)
(0.225937 1.62225 0)
(0.214996 1.60959 0)
(0.186663 1.58798 0)
(0.149591 1.56718 0)
(0.108346 1.54972 0)
(0.0652954 1.53747 0)
(0.0215699 1.52231 0)
(-0.0346181 -1.99946 0)
(0.107207 -1.58592 0)
(0.317652 -0.778333 0)
(0.453114 -0.0654858 0)
(0.959555 2.09152 0)
(1.09539 2.86499 0)
(0.962082 2.9519 0)
(0.497206 2.78336 0)
(0.254324 2.56425 0)
(0.183307 1.77415 0)
(0.157688 1.43733 0)
(0.214942 1.53595 0)
(0.231385 1.61918 0)
(0.205762 1.63071 0)
(0.171004 1.61879 0)
(0.133309 1.60203 0)
(0.0948394 1.5862 0)
(0.0564864 1.57448 0)
(0.0185167 1.55895 0)
(-0.228065 -2.04969 0)
(-0.120459 -1.80475 0)
(0.332872 -0.862718 0)
(0.283901 -0.101317 0)
(0.766686 1.8225 0)
(1.07385 2.80224 0)
(1.09146 3.0832 0)
(0.93192 3.05197 0)
(0.688994 2.80468 0)
(0.609062 1.94405 0)
(0.43182 1.46319 0)
(0.316704 1.55171 0)
(0.261951 1.65084 0)
(0.20592 1.66722 0)
(0.158555 1.65513 0)
(0.1179 1.63686 0)
(0.0813975 1.61964 0)
(0.0474945 1.60692 0)
(0.0153487 1.59012 0)
(-0.438255 -2.05506 0)
(-0.407078 -1.99122 0)
(-0.00568634 -1.27842 0)
(0.106165 -0.126239 0)
(0.521626 1.28582 0)
(0.961338 2.61496 0)
(1.09907 3.06577 0)
(1.10287 3.09422 0)
(1.05377 2.91053 0)
(1.0168 2.11658 0)
(0.710265 1.6561 0)
(0.41963 1.69294 0)
(0.283539 1.73612 0)
(0.197533 1.72448 0)
(0.140124 1.69817 0)
(0.0986401 1.67162 0)
(0.0656727 1.64968 0)
(0.0371027 1.63457 0)
(0.0115837 1.6153 0)
(-0.659145 -1.97883 0)
(-0.744281 -2.0491 0)
(-0.578496 -1.58226 0)
(-0.232361 -0.473144 0)
(0.114221 0.842927 0)
(0.734476 2.33982 0)
(0.991503 2.95375 0)
(1.03303 3.0285 0)
(1.10846 2.82798 0)
(1.08767 2.2062 0)
(0.710002 1.95816 0)
(0.400132 1.91216 0)
(0.248349 1.85288 0)
(0.159886 1.79208 0)
(0.10639 1.742 0)
(0.0712104 1.70293 0)
(0.045954 1.67424 0)
(0.0240773 1.65636 0)
(0.0062965 1.63334 0)
(-0.865466 -1.81697 0)
(-1.07718 -1.97054 0)
(-1.16583 -1.73876 0)
(-0.990918 -0.803406 0)
(-0.49248 0.739489 0)
(0.209892 1.92358 0)
(0.706542 2.78564 0)
(0.801267 2.96013 0)
(0.835156 2.77134 0)
(0.727568 2.42765 0)
(0.414711 2.26689 0)
(0.23854 2.09733 0)
(0.143868 1.95003 0)
(0.0875378 1.84726 0)
(0.0548102 1.77548 0)
(0.034519 1.72499 0)
(0.0220361 1.69022 0)
(0.00812147 1.67187 0)
(-0.000911977 1.64169 0)
(-1.01073 -1.58501 0)
(-1.30836 -1.7428 0)
(-1.63223 -1.72716 0)
(-1.74178 -1.18772 0)
(-1.40372 0.0501685 0)
(-0.767446 1.51765 0)
(-0.0592582 2.50145 0)
(0.10846 2.82249 0)
(0.233406 2.78168 0)
(0.0743671 2.63606 0)
(0.0177851 2.42251 0)
(0.0104802 2.17273 0)
(0.000106743 1.99147 0)
(-0.0064665 1.8709 0)
(-0.0087035 1.78876 0)
(-0.00851245 1.7325 0)
(-0.00545641 1.69494 0)
(-0.0090248 1.6812 0)
(-0.00792202 1.63736 0)
(-1.08898 -1.3371 0)
(-1.39809 -1.42074 0)
(-1.82877 -1.43601 0)
(-2.24264 -1.15593 0)
(-2.32124 -0.271296 0)
(-1.8683 1.02958 0)
(-1.22207 2.08566 0)
(-0.86207 2.60535 0)
(-0.701377 2.72 0)
(-0.54611 2.62015 0)
(-0.334209 2.36892 0)
(-0.212832 2.13561 0)
(-0.145199 1.97078 0)
(-0.103424 1.85713 0)
(-0.0745654 1.77797 0)
(-0.052939 1.72308 0)
(-0.0341807 1.68718 0)
(-0.0255763 1.68109 0)
(-0.0135889 1.62217 0)
(-1.11003 -1.1045 0)
(-1.3913 -1.10731 0)
(-1.77897 -1.05395 0)
(-2.23912 -0.846795 0)
(-2.57484 -0.320628 0)
(-2.51748 0.568952 0)
(-2.11132 1.54565 0)
(-1.6321 2.20152 0)
(-1.25601 2.39729 0)
(-0.869421 2.34443 0)
(-0.564553 2.17649 0)
(-0.380976 2.02151 0)
(-0.264426 1.90098 0)
(-0.18774 1.81095 0)
(-0.133879 1.74494 0)
(-0.0937885 1.69757 0)
(-0.06117 1.66727 0)
(-0.0401732 1.6699 0)
(-0.0176867 1.59805 0)
(-1.08186 -0.897864 0)
(-1.32087 -0.842205 0)
(-1.6204 -0.724285 0)
(-1.96047 -0.488461 0)
(-2.25929 -0.0719845 0)
(-2.35423 0.525977 0)
(-2.15756 1.20484 0)
(-1.76582 1.74029 0)
(-1.34333 1.97519 0)
(-0.960969 2.00831 0)
(-0.675364 1.95017 0)
(-0.481165 1.87513 0)
(-0.346131 1.80338 0)
(-0.250761 1.74299 0)
(-0.180799 1.69516 0)
(-0.127334 1.65903 0)
(-0.0839551 1.63682 0)
(-0.0519802 1.64795 0)
(-0.0204025 1.5669 0)
(-1.02079 -0.722256 0)
(-1.21653 -0.631937 0)
(-1.44142 -0.484448 0)
(-1.67309 -0.248793 0)
(-1.86112 0.100991 0)
(-1.93148 0.556016 0)
(-1.82404 1.03271 0)
(-1.56072 1.42015 0)
(-1.24014 1.64122 0)
(-0.943913 1.73132 0)
(-0.706751 1.74598 0)
(-0.527235 1.72768 0)
(-0.392455 1.69661 0)
(-0.291019 1.66415 0)
(-0.213167 1.63511 0)
(-0.151702 1.61147 0)
(-0.10107 1.59824 0)
(-0.0605295 1.61689 0)
(-0.0219422 1.53076 0)
(-0.939449 -0.576473 0)
(-1.09595 -0.467371 0)
(-1.26301 -0.310832 0)
(-1.42181 -0.0900638 0)
(-1.53806 0.202038 0)
(-1.57184 0.551455 0)
(-1.49714 0.907132 0)
(-1.32394 1.20501 0)
(-1.10185 1.4058 0)
(-0.882926 1.52 0)
(-0.692016 1.57385 0)
(-0.535464 1.59236 0)
(-0.410244 1.59177 0)
(-0.310869 1.58255 0)
(-0.231372 1.57046 0)
(-0.166573 1.55883 0)
(-0.112037 1.55426 0)
(-0.0656991 1.579 0)
(-0.0224573 1.49165 0)
(-0.846905 -0.457633 0)
(-0.970375 -0.339968 0)
(-1.09445 -0.185004 0)
(-1.2047 0.0154218 0)
(-1.27946 0.261207 0)
(-1.29527 0.538083 0)
(-1.2398 0.815125 0)
(-1.12085 1.05561 0)
(-0.965042 1.23599 0)
(-0.801963 1.35727 0)
(-0.650162 1.43152 0)
(-0.517862 1.47341 0)
(-0.406395 1.49456 0)
(-0.313879 1.50344 0)
(-0.237083 1.50552 0)
(-0.17261 1.50445 0)
(-0.117091 1.50749 0)
(-0.0676658 1.53673 0)
(-0.0220898 1.45142 0)
(-0.749147 -0.361946 0)
(-0.845804 -0.241754 0)
(-0.938351 -0.0926021 0)
(-1.01626 0.0876888 0)
(-1.06593 0.297253 0)
(-1.07349 0.52454 0)
(-1.03248 0.749539 0)
(-0.948091 0.950195 0)
(-0.835673 1.11173 0)
(-0.712872 1.23181 0)
(-0.592908 1.31572 0)
(-0.48328 1.37174 0)
(-0.386865 1.40771 0)
(-0.303736 1.43003 0)
(-0.232452 1.44331 0)
(-0.170989 1.45099 0)
(-0.116877 1.46026 0)
(-0.0668005 1.49244 0)
(-0.0209923 1.41171 0)
(-0.649725 -0.285717 0)
(-0.724723 -0.166493 0)
(-0.794549 -0.0252007 0)
(-0.851151 0.138022 0)
(-0.884994 0.320162 0)
(-0.888611 0.512491 0)
(-0.858339 0.701818 0)
(-0.797408 0.874125 0)
(-0.714931 1.01957 0)
(-0.621908 1.13507 0)
(-0.527574 1.22256 0)
(-0.438036 1.28658 0)
(-0.356438 1.33222 0)
(-0.283773 1.36409 0)
(-0.219673 1.38584 0)
(-0.163079 1.40044 0)
(-0.112232 1.4145 0)
(-0.063562 1.44817 0)
(-0.0193139 1.37388 0)
(-0.550888 -0.22541 0)
(-0.609164 -0.108792 0)
(-0.661805 0.0243811 0)
(-0.703411 0.173859 0)
(-0.727673 0.335474 0)
(-0.729783 0.5028 0)
(-0.707698 0.666885 0)
(-0.663446 0.818467 0)
(-0.602589 0.950677 0)
(-0.532143 1.06052 0)
(-0.45851 1.14831 0)
(-0.386414 1.21643 0)
(-0.318724 1.26807 0)
(-0.256761 1.30647 0)
(-0.200736 1.33438 0)
(-0.150228 1.3542 0)
(-0.104031 1.37172 0)
(-0.0584205 1.40564 0)
(-0.0171871 1.33906 0)
(-0.453341 -0.178044 0)
(-0.498347 -0.0643157 0)
(-0.538378 0.0622358 0)
(-0.569604 0.200305 0)
(-0.587781 0.346471 0)
(-0.589733 0.495685 0)
(-0.574189 0.641589 0)
(-0.542395 0.777773 0)
(-0.497801 0.899273 0)
(-0.444946 1.00345 0)
(-0.388248 1.08988 0)
(-0.331248 1.15967 0)
(-0.276347 1.21478 0)
(-0.224878 1.25742 0)
(-0.177323 1.28961 0)
(-0.13365 1.31322 0)
(-0.0930916 1.33308 0)
(-0.0518149 1.3662 0)
(-0.0147262 1.30808 0)
(-0.357346 -0.141476 0)
(-0.391768 -0.030228 0)
(-0.422341 0.0909891 0)
(-0.446322 0.220447 0)
(-0.460735 0.355194 0)
(-0.463375 0.491253 0)
(-0.453344 0.623939 0)
(-0.431351 0.748618 0)
(-0.399534 0.861578 0)
(-0.360831 0.96058 0)
(-0.318265 1.04487 0)
(-0.274423 1.11488 0)
(-0.23121 1.17174 0)
(-0.18982 1.21694 0)
(-0.150821 1.25196 0)
(-0.114402 1.27819 0)
(-0.0801571 1.29949 0)
(-0.0441426 1.33094 0)
(-0.012027 1.28163 0)
(-0.262566 -0.114197 0)
(-0.288203 -0.00447252 0)
(-0.31163 0.11301 0)
(-0.33055 0.236266 0)
(-0.342773 0.362769 0)
(-0.346665 0.489348 0)
(-0.341504 0.612427 0)
(-0.327624 0.728514 0)
(-0.3063 0.834745 0)
(-0.279397 0.929236 0)
(-0.248937 1.01115 0)
(-0.216754 1.08051 0)
(-0.184293 1.13799 0)
(-0.152545 1.18455 0)
(-0.122065 1.22128 0)
(-0.0931426 1.2492 0)
(-0.0656929 1.27126 0)
(-0.0356962 1.30031 0)
(-0.00919476 1.25993 0)
(-0.168545 -0.0941465 0)
(-0.187448 0.0155731 0)
(-0.206048 0.130953 0)
(-0.222158 0.250093 0)
(-0.233887 0.370961 0)
(-0.239933 0.490984 0)
(-0.23963 0.607315 0)
(-0.233015 0.717199 0)
(-0.220764 0.818337 0)
(-0.203995 0.909134 0)
(-0.184011 0.988762 0)
(-0.162074 1.05707 0)
(-0.139247 1.11442 0)
(-0.116329 1.16149 0)
(-0.0938248 1.19907 0)
(-0.0720731 1.22794 0)
(-0.0513267 1.25031 0)
(-0.0273487 1.2768 0)
(-0.00641062 1.24413 0)
(-0.0637039 -0.0794547 0)
(-0.0732625 0.0314999 0)
(-0.0837647 0.146267 0)
(-0.0941125 0.262947 0)
(-0.102922 0.379959 0)
(-0.10933 0.495158 0)
(-0.112744 0.606211 0)
(-0.112903 0.710913 0)
(-0.10989 0.807439 0)
(-0.104067 0.894506 0)
(-0.0959732 0.971413 0)
(-0.0862122 1.03797 0)
(-0.0753574 1.09441 0)
(-0.0638942 1.14119 0)
(-0.0521791 1.17892 0)
(-0.0404541 1.20819 0)
(-0.0292185 1.23029 0)
(-0.0153634 1.25295 0)
(-0.00322878 1.22989 0)
)
;

boundaryField
{
    leftWall
    {
        type            noSlip;
    }
    rightWall
    {
        type            noSlip;
    }
    lowerWall
    {
        type            noSlip;
    }
    atmosphere
    {
        type            pressureInletOutletVelocity;
        value           nonuniform List<vector> 
46
(
(0 -0.820604 0)
(0 -0.822443 0)
(0 -0.82077 0)
(0 -0.817997 0)
(0 -0.814027 0)
(0 -0.808837 0)
(0 -0.802355 0)
(0 -0.794478 0)
(0 -0.785067 0)
(0 -0.773951 0)
(0 -0.760921 0)
(0 -0.745734 0)
(0 -0.728108 0)
(0 -0.707728 0)
(0 -0.684231 0)
(0 -0.657208 0)
(0 -0.626182 0)
(0 -0.59061 0)
(0 -0.549868 0)
(0 -0.503305 0)
(0 -0.450357 0)
(0 -0.390742 0)
(0 -0.323799 0)
(0 -0.268953 0)
(0 -0.231695 0)
(0 -0.192599 0)
(0 -0.151594 0)
(0 -0.0794547 0)
(-0.0732625 0.0314999 0)
(-0.0837647 0.146267 0)
(-0.0941125 0.262947 0)
(-0.102922 0.379959 0)
(-0.10933 0.495158 0)
(-0.112744 0.606211 0)
(-0.112903 0.710913 0)
(-0.10989 0.807439 0)
(-0.104067 0.894506 0)
(-0.0959732 0.971413 0)
(-0.0862122 1.03797 0)
(-0.0753574 1.09441 0)
(-0.0638942 1.14119 0)
(-0.0521791 1.17892 0)
(-0.0404541 1.20819 0)
(-0.0292185 1.23029 0)
(-0.0153634 1.25295 0)
(-0.00322878 1.22989 0)
)
;
    }
    defaultFaces
    {
        type            empty;
    }
}


// ************************************************************************* //
