/*--------------------------------*- C++ -*----------------------------------*\
  =========                 |
  \\      /  F ield         | OpenFOAM: The Open Source CFD Toolbox
   \\    /   O peration     | Website:  https://openfoam.org
    \\  /    A nd           | Version:  13
     \\/     M anipulation  |
\*---------------------------------------------------------------------------*/
FoamFile
{
    format      ascii;
    class       surfaceScalarField;
    location    "0.35";
    object      phi;
}
// * * * * * * * * * * * * * * * * * * * * * * * * * * * * * * * * * * * * * //

dimensions      [0 3 -1 0 0 0 0];

internalField   nonuniform List<scalar> 
4432
(
-2.23926e-06
2.23926e-06
1.28241e-07
-2.36751e-06
5.6101e-06
-5.48186e-06
1.22601e-05
-6.64997e-06
1.85827e-05
-6.3226e-06
2.39247e-05
-5.34199e-06
2.82029e-05
-4.2782e-06
3.15925e-05
-3.38962e-06
3.43218e-05
-2.72931e-06
3.65702e-05
-2.24846e-06
3.84286e-05
-1.85838e-06
3.9897e-05
-1.46835e-06
4.08742e-05
-9.77226e-07
4.11415e-05
-2.67277e-07
4.02141e-05
9.27373e-07
3.72318e-05
2.98235e-06
3.12011e-05
6.03072e-06
2.1152e-05
1.0049e-05
7.58509e-06
1.35669e-05
-6.69783e-06
1.42829e-05
-1.62678e-05
9.56993e-06
-1.71049e-05
8.37165e-07
-1.71049e-05
-2.21374e-06
4.453e-06
3.00437e-07
-4.88168e-06
5.85438e-06
-1.10358e-05
1.24894e-05
-1.3285e-05
1.87652e-05
-1.25984e-05
2.40593e-05
-1.06361e-05
2.83101e-05
-8.529e-06
3.17037e-05
-6.78319e-06
3.44687e-05
-5.49432e-06
3.67769e-05
-4.55664e-06
3.87104e-05
-3.79186e-06
4.02598e-05
-3.01782e-06
4.13607e-05
-2.07803e-06
4.19472e-05
-8.53853e-07
4.2037e-05
8.3764e-07
4.17625e-05
3.25681e-06
4.07103e-05
7.0829e-06
3.73467e-05
1.34127e-05
2.88723e-05
2.20413e-05
1.39736e-05
2.91816e-05
-3.83824e-06
2.73818e-05
-8.76883e-06
5.76777e-06
-2.58738e-05
-1.99304e-06
6.44604e-06
6.12814e-07
-7.48753e-06
6.22716e-06
-1.66501e-05
1.27868e-05
-1.98446e-05
1.89144e-05
-1.8726e-05
2.40558e-05
-1.57776e-05
2.81971e-05
-1.26703e-05
3.15457e-05
-1.01318e-05
3.43284e-05
-8.27695e-06
3.67011e-05
-6.92935e-06
3.87274e-05
-5.81817e-06
4.03885e-05
-4.67894e-06
4.16047e-05
-3.29416e-06
4.22383e-05
-1.4875e-06
4.21752e-05
9.0077e-07
4.13485e-05
4.08347e-06
4.0037e-05
8.39443e-06
3.88391e-05
1.46106e-05
3.68701e-05
2.40103e-05
3.08265e-05
3.52252e-05
1.89044e-05
3.93039e-05
6.76174e-06
1.79104e-05
-1.9112e-05
-1.69895e-06
8.14499e-06
1.08067e-06
-1.02672e-05
6.73898e-06
-2.23085e-05
1.31749e-05
-2.62805e-05
1.90878e-05
-2.46389e-05
2.40204e-05
-2.07102e-05
2.80251e-05
-1.6675e-05
3.13328e-05
-1.34395e-05
3.41608e-05
-1.1105e-05
3.66398e-05
-9.40828e-06
3.88065e-05
-7.9849e-06
4.06232e-05
-6.49563e-06
4.20006e-05
-4.67156e-06
4.28209e-05
-2.30779e-06
4.29467e-05
7.7491e-07
4.22693e-05
4.76094e-06
4.07814e-05
9.88229e-06
3.90154e-05
1.63766e-05
3.81718e-05
2.4854e-05
3.74089e-05
3.59881e-05
3.19055e-05
4.48073e-05
1.8114e-05
3.17019e-05
-9.97987e-07
-1.3086e-06
9.45359e-06
1.68231e-06
-1.32581e-05
7.35442e-06
-2.79806e-05
1.36107e-05
-3.25367e-05
1.92482e-05
-3.02764e-05
2.39304e-05
-2.53925e-05
2.77873e-05
-2.05318e-05
3.10696e-05
-1.67219e-05
3.39748e-05
-1.40101e-05
3.65977e-05
-1.20312e-05
3.89421e-05
-1.03294e-05
4.09485e-05
-8.50199e-06
4.25196e-05
-6.2427e-06
4.35412e-05
-3.32933e-06
4.39023e-05
4.13791e-07
4.35182e-05
5.145e-06
4.23549e-05
1.10456e-05
4.0494e-05
1.82375e-05
3.87787e-05
2.65693e-05
3.83771e-05
3.63896e-05
3.59694e-05
4.72149e-05
2.33605e-05
4.43108e-05
2.23625e-05
-8.21382e-07
1.0275e-05
2.40112e-06
-1.64806e-05
8.05748e-06
-3.36369e-05
1.40829e-05
-3.85621e-05
1.93977e-05
-3.55913e-05
2.38072e-05
-2.9802e-05
2.75233e-05
-2.42479e-05
3.08076e-05
-2.00062e-05
3.38248e-05
-1.70273e-05
3.66254e-05
-1.48318e-05
3.91759e-05
-1.28798e-05
4.13941e-05
-1.07202e-05
4.31757e-05
-8.0243e-06
4.4412e-05
-4.56558e-06
4.5005e-05
-1.79291e-07
4.48915e-05
5.25854e-06
4.4051e-05
1.18861e-05
4.2497e-05
1.97916e-05
4.03006e-05
2.87657e-05
3.8485e-05
3.82053e-05
3.61087e-05
4.95911e-05
2.52005e-05
5.52191e-05
4.7563e-05
-2.74705e-07
1.05497e-05
3.20904e-06
-1.99643e-05
8.8227e-06
-3.92506e-05
1.45784e-05
-4.43178e-05
1.95489e-05
-4.05618e-05
2.3692e-05
-3.39451e-05
2.72979e-05
-2.78537e-05
3.06258e-05
-2.33341e-05
3.37954e-05
-2.01969e-05
3.68064e-05
-1.78428e-05
3.95875e-05
-1.5661e-05
4.20364e-05
-1.31691e-05
4.40427e-05
-1.00306e-05
4.55005e-05
-6.02331e-06
4.63189e-05
-9.97752e-07
4.64484e-05
5.12905e-06
4.58572e-05
1.24774e-05
4.45792e-05
2.10695e-05
4.24616e-05
3.08833e-05
3.96279e-05
4.1039e-05
3.6065e-05
5.31541e-05
2.6808e-05
6.44761e-05
7.4371e-05
3.45279e-07
1.02044e-05
4.06204e-06
-2.36811e-05
9.58647e-06
-4.4775e-05
1.50402e-05
-4.97715e-05
1.96782e-05
-4.51997e-05
2.3598e-05
-3.78649e-05
2.71485e-05
-3.14042e-05
3.05693e-05
-2.6755e-05
3.39258e-05
-2.35534e-05
3.71665e-05
-2.10834e-05
4.01886e-05
-1.86831e-05
4.28789e-05
-1.58595e-05
4.51281e-05
-1.22798e-05
4.68288e-05
-7.72396e-06
4.78984e-05
-2.06735e-06
4.82848e-05
4.74264e-06
4.79219e-05
1.28403e-05
4.68313e-05
2.21601e-05
4.49377e-05
3.27769e-05
4.18811e-05
4.40956e-05
3.71407e-05
5.78945e-05
2.76331e-05
7.39836e-05
0.000102004
5.22292e-06
-5.22292e-06
-5.21944e-07
5.74498e-06
-1.38858e-05
1.33639e-05
-1.98332e-05
5.94734e-06
-2.84443e-05
8.61113e-06
-3.47285e-05
6.28423e-06
-3.93303e-05
4.60173e-06
-4.25094e-05
3.17921e-06
-4.40494e-05
1.54013e-06
-4.41334e-05
8.40377e-08
-4.28076e-05
-1.32589e-06
-4.03676e-05
-2.43999e-06
-3.69364e-05
-3.4313e-06
-3.2588e-05
-4.34837e-06
-2.73508e-05
-5.23721e-06
-2.13449e-05
-6.00585e-06
-1.46658e-05
-6.67916e-06
-7.40946e-06
-7.25625e-06
-7.40939e-06
8.25308e-06
-1.3476e-05
3.44494e-06
1.05532e-05
-1.15434e-05
2.83523e-05
-1.88501e-05
1.3254e-05
-2.85105e-05
1.82715e-05
-3.50064e-05
1.27803e-05
-3.91532e-05
8.74858e-06
-4.18021e-05
5.82816e-06
-4.30109e-05
2.749e-06
-4.27038e-05
-2.2306e-07
-4.0966e-05
-3.06393e-06
-3.79013e-05
-5.50462e-06
-3.37134e-05
-7.61927e-06
-2.87277e-05
-9.33398e-06
-2.32661e-05
-1.06988e-05
-1.75596e-05
-1.17123e-05
-1.17416e-05
-1.2497e-05
-5.82984e-06
-1.3168e-05
-1.32392e-05
7.14599e-06
-2.0622e-05
4.32414e-06
1.3375e-05
-1.2415e-05
4.50915e-05
-1.90312e-05
1.98702e-05
-2.8533e-05
2.77732e-05
-3.49827e-05
1.92301e-05
-3.93334e-05
1.30993e-05
-4.22193e-05
8.71398e-06
-4.35591e-05
4.08874e-06
-4.32797e-05
-5.02382e-07
-4.15542e-05
-4.78957e-06
-3.85554e-05
-8.50337e-06
-3.4444e-05
-1.17307e-05
-2.94489e-05
-1.43291e-05
-2.38862e-05
-1.62616e-05
-1.79894e-05
-1.7609e-05
-1.19848e-05
-1.85015e-05
-5.93256e-06
-1.92201e-05
-1.91717e-05
2.59844e-06
-2.32205e-05
1.65726e-06
1.43162e-05
-1.61052e-05
6.2854e-05
-2.02484e-05
2.40133e-05
-2.94536e-05
3.69784e-05
-3.61516e-05
2.59281e-05
-4.01863e-05
1.7134e-05
-4.31314e-05
1.16589e-05
-4.44272e-05
5.38449e-06
-4.40548e-05
-8.74678e-07
-4.22858e-05
-6.55869e-06
-3.92342e-05
-1.1555e-05
-3.51062e-05
-1.58588e-05
-3.01177e-05
-1.93176e-05
-2.45558e-05
-2.18235e-05
-1.85891e-05
-2.35755e-05
-1.24563e-05
-2.46342e-05
-6.18841e-06
-2.54878e-05
-2.53601e-05
-1.82531e-06
-2.13951e-05
-2.81351e-06
1.53043e-05
-2.34514e-05
8.34919e-05
-2.238e-05
2.29419e-05
-3.06081e-05
4.52065e-05
-3.7634e-05
3.2954e-05
-4.13768e-05
2.08769e-05
-4.42947e-05
1.45767e-05
-4.5574e-05
6.66378e-06
-4.51542e-05
-1.29439e-06
-4.32366e-05
-8.47632e-06
-4.00543e-05
-1.47374e-05
-3.57883e-05
-2.01249e-05
-3.07021e-05
-2.44038e-05
-2.50142e-05
-2.75113e-05
-1.89799e-05
-2.96097e-05
-1.27352e-05
-3.08786e-05
-6.34175e-06
-3.18813e-05
-3.17019e-05
-7.85752e-06
-1.35376e-05
-8.13241e-06
1.55792e-05
-3.32476e-05
0.000108607
-2.61753e-05
1.58696e-05
-3.19238e-05
5.09549e-05
-3.98524e-05
4.08824e-05
-4.28966e-05
2.3921e-05
-4.5614e-05
1.7294e-05
-4.70907e-05
8.14054e-06
-4.65608e-05
-1.82427e-06
-4.44485e-05
-1.05885e-05
-4.10866e-05
-1.80995e-05
-3.66172e-05
-2.45943e-05
-3.13293e-05
-2.96917e-05
-2.54555e-05
-3.33849e-05
-1.9288e-05
-3.57769e-05
-1.29296e-05
-3.72369e-05
-6.4384e-06
-3.83725e-05
-3.81404e-05
-3.63181e-05
2.27805e-05
-3.14113e-05
1.06723e-05
-5.32017e-05
0.000130398
-2.93636e-05
-7.96841e-06
-3.13945e-05
5.29859e-05
-4.23144e-05
5.18022e-05
-4.45557e-05
2.61623e-05
-4.69958e-05
1.97341e-05
-4.87235e-05
9.86826e-06
-4.81199e-05
-2.42781e-06
-4.58605e-05
-1.28478e-05
-4.2341e-05
-2.16191e-05
-3.76305e-05
-2.9305e-05
-3.20848e-05
-3.52374e-05
-2.59809e-05
-3.94886e-05
-1.96232e-05
-4.21344e-05
-1.31114e-05
-4.37487e-05
-6.52167e-06
-4.49624e-05
-4.46622e-05
-7.45251e-05
9.73056e-05
-5.5067e-05
-8.7857e-06
-7.22663e-05
0.000147597
-3.39318e-05
-4.63029e-05
-3.05514e-05
4.96055e-05
-4.60765e-05
6.73273e-05
-4.64149e-05
2.65007e-05
-4.81133e-05
2.14326e-05
-5.05867e-05
1.23418e-05
-4.95183e-05
-3.49621e-06
-4.71155e-05
-1.52505e-05
-4.36647e-05
-2.50701e-05
-3.8816e-05
-3.41537e-05
-3.29714e-05
-4.10818e-05
-2.65677e-05
-4.58922e-05
-1.99854e-05
-4.87167e-05
-1.33384e-05
-5.03959e-05
-6.62905e-06
-5.1672e-05
-5.12913e-05
2.99563e-06
7.20877e-06
1.1685e-05
-3.23704e-05
2.28508e-05
-5.59409e-05
3.3252e-05
-6.01728e-05
4.20248e-05
-5.39725e-05
4.98015e-05
-4.56416e-05
5.73664e-05
-3.89691e-05
6.50464e-05
-3.4435e-05
7.27722e-05
-3.12793e-05
8.02981e-05
-2.86093e-05
8.73555e-05
-2.57405e-05
9.3724e-05
-2.22279e-05
9.92342e-05
-1.779e-05
0.00010369
-1.21799e-05
0.000106872
-5.24949e-06
0.000108852
2.76315e-06
0.000109189
1.25033e-05
0.000107845
2.35037e-05
0.000104818
3.58034e-05
9.97809e-05
4.91332e-05
9.29412e-05
6.47341e-05
8.60923e-05
8.08325e-05
0.000110673
7.74235e-05
6.89529e-06
3.13479e-07
1.71972e-05
-4.26723e-05
2.67827e-05
-6.55264e-05
3.47872e-05
-6.81772e-05
4.19287e-05
-6.1114e-05
4.91737e-05
-5.28866e-05
5.69754e-05
-4.67708e-05
6.52468e-05
-4.27064e-05
7.36467e-05
-3.96792e-05
8.18078e-05
-3.67704e-05
8.94367e-05
-3.33694e-05
9.63495e-05
-2.91408e-05
0.0001025
-2.39403e-05
0.000108024
-1.77039e-05
0.000112958
-1.01834e-05
0.000115765
-4.40643e-08
0.000117944
1.03239e-05
0.000118627
2.28207e-05
0.000117975
3.64559e-05
0.000116435
5.06728e-05
0.000115291
6.58788e-05
0.000115204
8.09197e-05
0.000104745
0.000121132
1.31374e-05
-1.28239e-05
2.74322e-05
-5.69671e-05
3.43401e-05
-7.24343e-05
3.78112e-05
-7.16484e-05
4.25466e-05
-6.58494e-05
4.96101e-05
-5.99501e-05
5.82277e-05
-5.53884e-05
6.7513e-05
-5.19916e-05
7.68778e-05
-4.90439e-05
8.59457e-05
-4.58383e-05
9.44502e-05
-4.1874e-05
0.000102178
-3.68685e-05
0.000108859
-3.06218e-05
0.000114189
-2.30337e-05
0.000118175
-1.41694e-05
0.000122598
-4.46716e-06
0.000125308
7.61473e-06
0.000126462
2.16658e-05
0.000127126
3.57923e-05
0.000127953
4.98461e-05
0.000129626
6.42055e-05
0.000131638
7.89077e-05
9.48767e-05
0.000141506
2.3251e-05
-3.60749e-05
4.4302e-05
-7.80181e-05
4.66595e-05
-7.47918e-05
4.32175e-05
-6.82064e-05
4.49228e-05
-6.75547e-05
5.21994e-05
-6.72267e-05
6.19622e-05
-6.51512e-05
7.23595e-05
-6.23889e-05
8.27563e-05
-5.94408e-05
9.30028e-05
-5.60848e-05
0.000103123
-5.19942e-05
0.000113163
-4.69085e-05
0.000123082
-4.05405e-05
0.000132831
-3.27832e-05
0.000142058
-2.33965e-05
0.000149632
-1.20405e-05
0.00015299
4.25647e-06
0.000152501
2.21551e-05
0.000149885
3.84074e-05
0.000147079
5.26528e-05
0.000145254
6.603e-05
0.000145217
7.89452e-05
8.98425e-05
0.000150251
3.3084e-05
-6.91589e-05
5.73839e-05
-0.000102318
5.4306e-05
-7.17139e-05
4.51296e-05
-5.903e-05
4.28544e-05
-6.52795e-05
4.80001e-05
-7.23725e-05
5.52009e-05
-7.2352e-05
6.24024e-05
-6.95904e-05
6.90326e-05
-6.6071e-05
7.48507e-05
-6.19029e-05
7.89898e-05
-5.61332e-05
7.81583e-05
-4.60771e-05
8.01812e-05
-4.25634e-05
8.96196e-05
-4.22216e-05
0.000105722
-3.94984e-05
0.000132861
-3.91799e-05
0.000164895
-2.77772e-05
0.000178702
8.34747e-06
0.00017929
3.78198e-05
0.000176084
5.58592e-05
0.000171938
7.01753e-05
0.000167534
8.33496e-05
9.09584e-05
0.000166418
3.68768e-05
-0.000106036
3.10608e-05
-9.6502e-05
2.83941e-05
-6.90471e-05
2.33525e-05
-5.39884e-05
1.81595e-05
-6.00865e-05
1.37424e-05
-6.79555e-05
1.06527e-05
-6.92623e-05
7.98694e-06
-6.69247e-05
6.19323e-06
-6.42774e-05
6.91599e-06
-6.26258e-05
1.24998e-05
-6.17171e-05
2.59797e-05
-5.95571e-05
3.95914e-05
-5.61751e-05
4.67996e-05
-4.94298e-05
5.0893e-05
-4.35918e-05
5.92441e-05
-4.7531e-05
8.81018e-05
-5.66349e-05
0.000136593
-4.01436e-05
0.000173157
1.25514e-06
0.000188516
4.05002e-05
0.000182726
7.59656e-05
0.000174582
9.14939e-05
8.9332e-05
0.000176208
-1.92571e-05
-8.67786e-05
-2.13781e-05
-9.43809e-05
-1.65428e-05
-7.38824e-05
-2.64197e-06
-6.78893e-05
3.32369e-06
-6.60523e-05
2.96257e-06
-6.75945e-05
1.07989e-06
-6.73797e-05
-1.01136e-07
-6.57438e-05
5.16811e-07
-6.48954e-05
4.04463e-06
-6.61537e-05
1.11078e-05
-6.87803e-05
2.14905e-05
-6.99399e-05
3.16403e-05
-6.63248e-05
3.62829e-05
-5.40724e-05
3.73047e-05
-4.46136e-05
5.4078e-05
-6.43043e-05
8.66359e-05
-8.91928e-05
0.000130064
-8.35714e-05
0.000182238
-5.09194e-05
0.000220734
2.00419e-06
0.000231324
6.53761e-05
0.000219298
0.00010352
0.000110692
0.000197937
-2.14186e-05
-6.53599e-05
-2.0328e-05
-9.54715e-05
-1.07052e-05
-8.35051e-05
-4.247e-06
-7.43476e-05
-2.98472e-07
-7.00009e-05
1.24247e-06
-6.91356e-05
1.70544e-06
-6.78428e-05
2.21532e-06
-6.62537e-05
3.46167e-06
-6.61418e-05
5.83652e-06
-6.85286e-05
9.4831e-06
-7.24269e-05
1.43091e-05
-7.47659e-05
1.94434e-05
-7.14591e-05
2.25844e-05
-5.72134e-05
2.78665e-05
-4.98957e-05
4.94889e-05
-8.59267e-05
7.25928e-05
-0.000112297
9.82526e-05
-0.000109231
0.000132139
-8.48053e-05
0.000168344
-3.42014e-05
0.000199722
3.3998e-05
0.000214039
8.92028e-05
0.000112871
0.000211861
-7.45381e-06
-5.7906e-05
-6.54127e-06
-9.63841e-05
-4.4104e-06
-8.56361e-05
-1.99184e-06
-7.67662e-05
8.8008e-07
-7.28729e-05
2.96662e-06
-7.12222e-05
4.4776e-06
-6.93538e-05
5.60616e-06
-6.73823e-05
6.3738e-06
-6.69095e-05
6.78641e-06
-6.89412e-05
7.03703e-06
-7.26775e-05
7.74646e-06
-7.54754e-05
1.01195e-05
-7.38322e-05
1.64754e-05
-6.35694e-05
2.84977e-05
-6.1918e-05
3.2142e-05
-8.9571e-05
3.04426e-05
-0.000110597
3.36137e-05
-0.000112402
4.0274e-05
-9.14657e-05
6.11616e-05
-5.50891e-05
9.40519e-05
1.10772e-06
0.000133286
4.99681e-05
8.50245e-05
0.000161132
-1.62153e-06
-5.62845e-05
-2.5341e-06
-9.54715e-05
-1.67347e-06
-8.64968e-05
2.52424e-07
-7.86922e-05
2.67588e-06
-7.52965e-05
4.93626e-06
-7.34827e-05
6.98175e-06
-7.13994e-05
8.73654e-06
-6.91371e-05
9.85443e-06
-6.80273e-05
1.00264e-05
-6.91131e-05
9.31351e-06
-7.19646e-05
8.59116e-06
-7.47531e-05
9.75178e-06
-7.49929e-05
1.68385e-05
-7.0656e-05
2.52768e-05
-7.03563e-05
2.02147e-05
-8.45088e-05
1.16823e-05
-0.000102065
4.55943e-06
-0.000105279
8.90232e-07
-8.77965e-05
-9.97664e-08
-5.40991e-05
1.46956e-05
-1.36876e-05
3.78852e-05
2.67786e-05
5.40113e-05
6.88985e-05
6.31139e-07
-5.69156e-05
1.60631e-07
-9.5001e-05
8.06711e-07
-8.71429e-05
2.41094e-06
-8.02966e-05
4.64437e-06
-7.753e-05
7.01314e-06
-7.58515e-05
9.52264e-06
-7.39089e-05
1.21103e-05
-7.17246e-05
1.43284e-05
-7.02454e-05
1.56238e-05
-7.04084e-05
1.58447e-05
-7.21856e-05
1.56146e-05
-7.4523e-05
1.64653e-05
-7.58436e-05
2.13779e-05
-7.55686e-05
2.73644e-05
-7.63428e-05
2.54224e-05
-8.25667e-05
1.39386e-05
-9.05809e-05
1.85033e-06
-9.31911e-05
6.17676e-07
-8.65639e-05
8.19852e-06
-6.168e-05
2.02834e-05
-2.57726e-05
4.35325e-05
3.52936e-06
2.12949e-05
7.6249e-05
1.73559e-06
-5.86513e-05
1.94316e-06
-9.52086e-05
2.67581e-06
-8.78756e-05
4.29428e-06
-8.19151e-05
6.46434e-06
-7.97001e-05
8.9223e-06
-7.83095e-05
1.17237e-05
-7.67103e-05
1.48961e-05
-7.48969e-05
1.80903e-05
-7.34396e-05
2.07262e-05
-7.30443e-05
2.24676e-05
-7.3927e-05
2.34978e-05
-7.55534e-05
2.46462e-05
-7.69921e-05
2.70087e-05
-7.79312e-05
2.95702e-05
-7.89042e-05
2.79823e-05
-8.09787e-05
2.01463e-05
-8.27448e-05
7.87649e-06
-8.09212e-05
-3.09604e-06
-7.55914e-05
-1.89723e-06
-6.28789e-05
7.81144e-06
-3.54813e-05
2.1229e-05
-9.88836e-06
5.70568e-06
3.68181e-05
2.29996e-06
-6.09512e-05
3.0385e-06
-9.59471e-05
4.06171e-06
-8.88988e-05
5.79948e-06
-8.36529e-05
7.98706e-06
-8.18878e-05
1.04705e-05
-8.0793e-05
1.33178e-05
-7.95576e-05
1.66131e-05
-7.81921e-05
2.01676e-05
-7.69941e-05
2.35216e-05
-7.63983e-05
2.62387e-05
-7.66442e-05
2.81771e-05
-7.74919e-05
2.95832e-05
-7.83983e-05
3.06398e-05
-7.89877e-05
3.09438e-05
-7.92082e-05
2.91077e-05
-7.91426e-05
2.44232e-05
-7.80603e-05
1.78971e-05
-7.43952e-05
9.59651e-06
-6.72908e-05
2.55952e-06
-5.58419e-05
5.73359e-06
-3.86554e-05
1.71392e-05
-2.12941e-05
-8.25126e-06
3.1096e-05
2.58256e-06
-6.35338e-05
3.7464e-06
-9.71109e-05
5.08302e-06
-9.02355e-05
6.97414e-06
-8.55441e-05
9.21809e-06
-8.41318e-05
1.17074e-05
-8.32823e-05
1.44745e-05
-8.23248e-05
1.75871e-05
-8.13046e-05
2.097e-05
-8.03771e-05
2.43268e-05
-7.97552e-05
2.7263e-05
-7.95806e-05
2.95216e-05
-7.97506e-05
3.10721e-05
-7.99489e-05
3.19426e-05
-7.98582e-05
3.20377e-05
-7.93033e-05
3.10336e-05
-7.81385e-05
2.88345e-05
-7.58612e-05
2.60842e-05
-7.16449e-05
2.3633e-05
-6.48395e-05
2.30166e-05
-5.52255e-05
2.73575e-05
-4.29964e-05
3.63229e-05
-3.02595e-05
-1.91916e-05
4.72634e-05
2.68306e-06
-6.62168e-05
4.2264e-06
-9.86542e-05
5.84941e-06
-9.18585e-05
7.89425e-06
-8.7589e-05
1.02092e-05
-8.64468e-05
1.27143e-05
-8.57874e-05
1.54064e-05
-8.50168e-05
1.83051e-05
-8.42033e-05
2.13749e-05
-8.3447e-05
2.445e-05
-8.28304e-05
2.72678e-05
-8.23985e-05
2.96105e-05
-8.20934e-05
3.14007e-05
-8.17391e-05
3.26517e-05
-8.11091e-05
3.33534e-05
-8.0005e-05
3.34361e-05
-7.82212e-05
3.30079e-05
-7.54329e-05
3.25354e-05
-7.11724e-05
3.27722e-05
-6.50763e-05
3.46884e-05
-5.71417e-05
3.94681e-05
-4.77762e-05
4.71444e-05
-3.79359e-05
-2.86482e-05
5.66009e-05
2.72164e-06
-6.89384e-05
4.57182e-06
-0.000100504
6.4313e-06
-9.3718e-05
8.6147e-06
-8.97725e-05
1.10075e-05
-8.88396e-05
1.35482e-05
-8.83281e-05
1.62216e-05
-8.76902e-05
1.90158e-05
-8.69976e-05
2.18956e-05
-8.63268e-05
2.47714e-05
-8.57063e-05
2.75044e-05
-8.51316e-05
2.99639e-05
-8.45529e-05
3.20852e-05
-8.38604e-05
3.38708e-05
-8.28946e-05
3.53478e-05
-8.14821e-05
3.65573e-05
-7.94307e-05
3.76369e-05
-7.65126e-05
3.894e-05
-7.24754e-05
4.10129e-05
-6.71491e-05
4.44548e-05
-6.05836e-05
4.97888e-05
-5.31102e-05
5.71066e-05
-4.52537e-05
-3.75031e-05
6.59615e-05
2.74991e-06
-7.16882e-05
4.83116e-06
-0.000102586
6.87829e-06
-9.57651e-05
9.18395e-06
-9.20781e-05
1.16554e-05
-9.1311e-05
1.42436e-05
-9.09164e-05
1.69388e-05
-9.03854e-05
1.97235e-05
-8.97823e-05
2.25632e-05
-8.91666e-05
2.54051e-05
-8.85483e-05
2.81814e-05
-8.7908e-05
3.08256e-05
-8.7197e-05
3.3297e-05
-8.63318e-05
3.55993e-05
-8.5197e-05
3.77741e-05
-8.3657e-05
3.9905e-05
-8.15615e-05
4.21422e-05
-7.87498e-05
4.47414e-05
-7.50746e-05
4.80576e-05
-7.04653e-05
5.24656e-05
-6.49916e-05
5.82511e-05
-5.88957e-05
6.54897e-05
-5.24923e-05
-4.59913e-05
7.3978e-05
2.78488e-06
-7.44731e-05
5.03324e-06
-0.000104834
7.22515e-06
-9.7957e-05
9.63614e-06
-9.44891e-05
1.21827e-05
-9.38576e-05
1.48234e-05
-9.3557e-05
1.75564e-05
-9.31184e-05
2.03728e-05
-9.25988e-05
2.32486e-05
-9.20425e-05
2.61508e-05
-9.14504e-05
2.90427e-05
-9.07999e-05
3.18929e-05
-9.00472e-05
3.46872e-05
-8.91261e-05
3.74404e-05
-8.79502e-05
4.02011e-05
-8.64177e-05
4.30568e-05
-8.44172e-05
4.61454e-05
-8.18384e-05
4.9666e-05
-7.85952e-05
5.38637e-05
-7.46631e-05
5.89807e-05
-7.01085e-05
6.51915e-05
-6.51065e-05
7.25475e-05
-5.98483e-05
-5.43838e-05
8.094e-05
2.83125e-06
-7.73043e-05
5.19402e-06
-0.000107197
7.49491e-06
-0.000100258
9.99441e-06
-9.69886e-05
1.26101e-05
-9.64733e-05
1.5305e-05
-9.6252e-05
1.80831e-05
-9.58965e-05
2.09445e-05
-9.54602e-05
2.38789e-05
-9.49768e-05
2.68688e-05
-9.44403e-05
2.98966e-05
-9.38277e-05
3.29518e-05
-9.31024e-05
3.60387e-05
-9.22129e-05
3.91831e-05
-9.10946e-05
4.24377e-05
-8.96723e-05
4.58869e-05
-8.78664e-05
4.96509e-05
-8.56025e-05
5.38847e-05
-8.28289e-05
5.87613e-05
-7.95397e-05
6.44418e-05
-7.5789e-05
7.10392e-05
-7.17039e-05
7.85867e-05
-6.73957e-05
-6.28218e-05
8.70247e-05
2.88663e-06
-8.01909e-05
5.32153e-06
-0.000109631
7.70204e-06
-0.000102638
1.0274e-05
-9.95605e-05
1.29504e-05
-9.91497e-05
1.56982e-05
-9.89998e-05
1.85254e-05
-9.87237e-05
2.1439e-05
-9.83738e-05
2.44389e-05
-9.79767e-05
2.75218e-05
-9.75232e-05
3.06854e-05
-9.69913e-05
3.39336e-05
-9.63507e-05
3.72824e-05
-9.55617e-05
4.07644e-05
-9.45767e-05
4.44336e-05
-9.33415e-05
4.83677e-05
-9.18004e-05
5.26681e-05
-8.9903e-05
5.74556e-05
-8.76164e-05
6.28562e-05
-8.49403e-05
6.89839e-05
-8.19167e-05
7.59206e-05
-7.86405e-05
8.36916e-05
-7.51668e-05
-7.13957e-05
9.22654e-05
2.94635e-06
-8.31372e-05
5.41888e-06
-0.000112104
7.85459e-06
-0.000105074
1.04835e-05
-0.000102189
1.32103e-05
-0.000101876
1.60054e-05
-0.000101795
1.8881e-05
-0.000101599
2.18491e-05
-0.000101342
2.49169e-05
-0.000101045
2.80912e-05
-0.000100697
3.13808e-05
-0.000100281
3.48003e-05
-9.97702e-05
3.83733e-05
-9.91348e-05
4.21366e-05
-9.83399e-05
4.61426e-05
-9.73475e-05
5.04617e-05
-9.61195e-05
5.51803e-05
-9.46216e-05
6.03959e-05
-9.2832e-05
6.62065e-05
-9.07508e-05
7.27002e-05
-8.84103e-05
7.99423e-05
-8.58827e-05
8.79565e-05
-8.3181e-05
-8.01703e-05
9.67311e-05
3.00496e-06
-8.61422e-05
5.48585e-06
-0.000114585
7.95645e-06
-0.000107545
1.06272e-05
-0.00010486
1.33923e-05
-0.000104642
1.62254e-05
-0.000104628
1.91426e-05
-0.000104517
2.21601e-05
-0.000104359
2.52905e-05
-0.000104175
2.85471e-05
-0.000103954
3.19461e-05
-0.00010368
3.5509e-05
-0.000103333
3.9265e-05
-0.000102891
4.32526e-05
-0.000102327
4.75232e-05
-0.000101618
5.21407e-05
-0.000100737
5.71808e-05
-9.96617e-05
6.27259e-05
-9.8377e-05
6.88576e-05
-9.68824e-05
7.56501e-05
-9.52028e-05
8.31619e-05
-9.33946e-05
9.14206e-05
-9.14397e-05
-8.91846e-05
0.000100435
3.05656e-06
-8.91987e-05
5.52115e-06
-0.000117049
8.00972e-06
-0.000110033
1.07069e-05
-0.000107557
1.34967e-05
-0.000107431
1.63554e-05
-0.000107487
1.93028e-05
-0.000107464
2.23584e-05
-0.000107415
2.55387e-05
-0.000107355
2.88614e-05
-0.000107277
3.23475e-05
-0.000107166
3.6023e-05
-0.000107009
3.99198e-05
-0.000106787
4.40779e-05
-0.000106486
4.85469e-05
-0.000106087
5.33865e-05
-0.000105576
5.86649e-05
-0.00010494
6.44554e-05
-0.000104167
7.08307e-05
-0.000103258
7.78595e-05
-0.000102232
8.56003e-05
-0.000101135
9.409e-05
-9.99294e-05
-9.84552e-05
0.000103361
3.09533e-06
-9.22939e-05
5.52487e-06
-0.000119479
8.01696e-06
-0.000112525
1.07249e-05
-0.000110265
1.35237e-05
-0.00011023
1.63933e-05
-0.000110357
1.93563e-05
-0.000110427
2.24343e-05
-0.000110493
2.56466e-05
-0.000110568
2.90141e-05
-0.000110644
3.25609e-05
-0.000110713
3.63152e-05
-0.000110763
4.03108e-05
-0.000110783
4.45879e-05
-0.000110763
4.91945e-05
-0.000110693
5.41869e-05
-0.000110569
5.96287e-05
-0.000110382
6.5588e-05
-0.000110127
7.2134e-05
-0.000109804
7.9335e-05
-0.000109433
8.72544e-05
-0.000109055
9.59442e-05
-0.000108619
-0.000107972
0.000105461
3.117e-06
-9.54108e-05
5.5001e-06
-0.000121861
7.98281e-06
-0.000115008
1.06846e-05
-0.000112967
1.34753e-05
-0.000113021
1.63387e-05
-0.00011322
1.92998e-05
-0.000113388
2.23813e-05
-0.000113574
2.56044e-05
-0.000113791
2.89918e-05
-0.000114032
3.25696e-05
-0.000114291
3.63672e-05
-0.00011456
4.0419e-05
-0.000114835
4.47651e-05
-0.000115108
4.94518e-05
-0.00011538
5.45325e-05
-0.000115649
6.00675e-05
-0.000115916
6.61223e-05
-0.000116182
7.27658e-05
-0.000116447
8.00689e-05
-0.000116736
8.81029e-05
-0.000117089
9.69399e-05
-0.000117456
-0.000117694
0.000106662
3.12068e-06
-9.85314e-05
5.45271e-06
-0.000124193
7.91343e-06
-0.000117468
1.05912e-05
-0.000115645
1.33551e-05
-0.000115785
1.6194e-05
-0.000116059
1.91337e-05
-0.000116328
2.21974e-05
-0.000116638
2.54073e-05
-0.000117
2.87872e-05
-0.000117411
3.2364e-05
-0.000117867
3.61678e-05
-0.000118364
4.0233e-05
-0.0001189
4.45987e-05
-0.000119474
4.93097e-05
-0.000120091
5.44167e-05
-0.000120756
5.9977e-05
-0.000121477
6.60545e-05
-0.000122259
7.27186e-05
-0.000123111
8.00433e-05
-0.00012406
8.81093e-05
-0.000125155
9.70113e-05
-0.000126358
-0.000127538
0.000106856
3.10973e-06
-0.000101641
5.38908e-06
-0.000126473
7.8138e-06
-0.000119893
1.04487e-05
-0.00011828
1.31674e-05
-0.000118503
1.59629e-05
-0.000118854
1.88608e-05
-0.000119226
2.18843e-05
-0.000119662
2.50558e-05
-0.000120172
2.83996e-05
-0.000120755
3.19427e-05
-0.00012141
3.57152e-05
-0.000122136
3.97508e-05
-0.000122935
4.40875e-05
-0.000123811
4.8768e-05
-0.000124771
5.38403e-05
-0.000125828
5.93587e-05
-0.000126995
6.53847e-05
-0.000128285
7.19873e-05
-0.000129714
7.92425e-05
-0.000131316
8.72379e-05
-0.00013315
9.60884e-05
-0.000135209
-0.000137373
0.000105923
3.09065e-06
-0.000104732
5.31262e-06
-0.000128695
7.68449e-06
-0.000122265
1.02582e-05
-0.000120853
1.29139e-05
-0.000121159
1.56476e-05
-0.000121588
1.84839e-05
-0.000122062
2.14454e-05
-0.000122623
2.45541e-05
-0.000123281
2.78342e-05
-0.000124035
3.13122e-05
-0.000124888
3.50174e-05
-0.000125842
3.89824e-05
-0.0001269
4.32435e-05
-0.000128072
4.78412e-05
-0.000129369
5.28203e-05
-0.000130807
5.8231e-05
-0.000132406
6.41313e-05
-0.000134185
7.05874e-05
-0.00013617
7.76741e-05
-0.000138402
8.54808e-05
-0.000140957
9.41344e-05
-0.000143862
-0.000147019
0.00010378
3.06977e-06
-0.000107801
5.22081e-06
-0.000130846
7.52031e-06
-0.000124564
1.00159e-05
-0.000123349
1.25922e-05
-0.000123735
1.52471e-05
-0.000124243
1.80038e-05
-0.000124818
2.08837e-05
-0.000125503
2.3908e-05
-0.000126305
2.71001e-05
-0.000127227
3.04853e-05
-0.000128273
3.40917e-05
-0.000129448
3.79502e-05
-0.000130759
4.20949e-05
-0.000132217
4.65633e-05
-0.000133837
5.13963e-05
-0.00013564
5.66396e-05
-0.000137649
6.23454e-05
-0.000139891
6.85744e-05
-0.000142399
7.53959e-05
-0.000145224
8.28936e-05
-0.000148454
9.11935e-05
-0.000152162
-0.00015627
0.000100445
3.05005e-06
-0.000110851
5.1049e-06
-0.0001329
7.31177e-06
-0.000126771
9.71407e-06
-0.000125751
1.21959e-05
-0.000126217
1.47564e-05
-0.000126803
1.74173e-05
-0.000127479
2.01988e-05
-0.000128284
2.31208e-05
-0.000129227
2.62052e-05
-0.000130312
2.94759e-05
-0.000131544
3.2959e-05
-0.000132931
3.6683e-05
-0.000134483
4.06794e-05
-0.000136213
4.4982e-05
-0.00013814
4.96275e-05
-0.000140286
5.46557e-05
-0.000142677
6.0112e-05
-0.000145347
6.60487e-05
-0.000148336
7.25249e-05
-0.0001517
7.96107e-05
-0.00015554
8.74149e-05
-0.000159966
-0.000164932
9.60762e-05
3.03033e-06
-0.000113882
4.95287e-06
-0.000134823
7.04785e-06
-0.000128866
9.34265e-06
-0.000128046
1.1715e-05
-0.00012859
1.41656e-05
-0.000129254
1.67153e-05
-0.000130029
1.93828e-05
-0.000130952
2.21869e-05
-0.000132031
2.51476e-05
-0.000133272
2.82867e-05
-0.000134683
3.1628e-05
-0.000136272
3.51975e-05
-0.000138052
3.90231e-05
-0.000140038
4.31351e-05
-0.000142252
4.75651e-05
-0.000144716
5.23473e-05
-0.000147459
5.75191e-05
-0.000150519
6.31227e-05
-0.000153939
6.92038e-05
-0.000157781
7.58125e-05
-0.000162149
8.30245e-05
-0.000167178
-0.000172858
9.09511e-05
3.00728e-06
-0.000116889
4.75297e-06
-0.000136569
6.71738e-06
-0.000130831
8.88952e-06
-0.000130218
1.11356e-05
-0.000130836
1.34586e-05
-0.000131577
1.58794e-05
-0.00013245
1.84154e-05
-0.000133488
2.10838e-05
-0.000134699
2.3903e-05
-0.000136091
2.68929e-05
-0.000137673
3.00746e-05
-0.000139454
3.34715e-05
-0.000141449
3.71082e-05
-0.000143675
4.10111e-05
-0.000146155
4.52075e-05
-0.000148912
4.97261e-05
-0.000151978
5.45969e-05
-0.00015539
5.98517e-05
-0.000159194
6.55225e-05
-0.000163452
7.16366e-05
-0.000168263
7.82267e-05
-0.000173768
-0.000179992
8.53609e-05
2.97706e-06
-0.000119866
4.49538e-06
-0.000138087
6.30912e-06
-0.000132644
8.3403e-06
-0.000132249
1.04389e-05
-0.000132934
1.26124e-05
-0.00013375
1.4881e-05
-0.000134718
1.72612e-05
-0.000135868
1.97691e-05
-0.000137207
2.24215e-05
-0.000138744
2.52362e-05
-0.000140488
2.82325e-05
-0.00014245
3.14309e-05
-0.000144647
3.48536e-05
-0.000147098
3.85239e-05
-0.000149825
4.24658e-05
-0.000152854
4.67035e-05
-0.000156216
5.12611e-05
-0.000159947
5.61624e-05
-0.000164095
6.14279e-05
-0.000168717
6.70652e-05
-0.0001739
7.30678e-05
-0.000179771
-0.000186377
7.94525e-05
2.93446e-06
-0.000122801
4.17269e-06
-0.000139325
5.81365e-06
-0.000134285
7.68067e-06
-0.000134116
9.60534e-06
-0.000134859
1.16012e-05
-0.000135746
1.36877e-05
-0.000136805
1.58802e-05
-0.00013806
1.81934e-05
-0.00013952
2.06429e-05
-0.000141193
2.32444e-05
-0.000143089
2.60156e-05
-0.000145221
2.8975e-05
-0.000147607
3.2143e-05
-0.000150266
3.55408e-05
-0.000153223
3.919e-05
-0.000156503
4.31121e-05
-0.000160138
4.73276e-05
-0.000164163
5.18554e-05
-0.000168623
5.67096e-05
-0.000173571
6.18874e-05
-0.000179078
6.73591e-05
-0.000185243
-0.000192121
7.31033e-05
2.87016e-06
-0.000125671
3.78196e-06
-0.000140237
5.22908e-06
-0.000135732
6.90448e-06
-0.000135792
8.62587e-06
-0.00013658
1.0413e-05
-0.000137533
1.2284e-05
-0.000138676
1.42524e-05
-0.000140029
1.63315e-05
-0.000141599
1.8535e-05
-0.000143397
2.08771e-05
-0.000145431
2.33737e-05
-0.000147718
2.6042e-05
-0.000150275
2.89006e-05
-0.000153125
3.19692e-05
-0.000156291
3.5268e-05
-0.000159802
3.88166e-05
-0.000163686
4.26334e-05
-0.00016798
4.67353e-05
-0.000172725
5.11336e-05
-0.00017797
5.5826e-05
-0.00018377
6.07804e-05
-0.000190197
-0.000197306
6.59647e-05
2.76827e-06
-0.000128439
3.32857e-06
-0.000140798
4.56772e-06
-0.000136972
6.02453e-06
-0.000137248
7.51683e-06
-0.000138072
9.06782e-06
-0.000139084
1.06936e-05
-0.000140302
1.24052e-05
-0.00014174
1.4214e-05
-0.000143408
1.61317e-05
-0.000145314
1.81713e-05
-0.000147471
2.03468e-05
-0.000149894
2.26736e-05
-0.000152602
2.51685e-05
-0.00015562
2.78496e-05
-0.000158972
3.07354e-05
-0.000162688
3.38435e-05
-0.000166795
3.71905e-05
-0.000171327
4.07912e-05
-0.000176326
4.46559e-05
-0.000181834
4.87861e-05
-0.0001879
5.31611e-05
-0.000194572
-0.000201905
5.77607e-05
2.60707e-06
-0.000131046
2.82827e-06
-0.000141019
3.85681e-06
-0.000138
5.07575e-06
-0.000138467
6.32328e-06
-0.00013932
7.62123e-06
-0.000140382
8.98271e-06
-0.000141663
1.04165e-05
-0.000143174
1.19316e-05
-0.000144923
1.3538e-05
-0.000146921
1.5247e-05
-0.00014918
1.70712e-05
-0.000151718
1.90237e-05
-0.000154555
2.11191e-05
-0.000157715
2.33731e-05
-0.000161227
2.58014e-05
-0.000165116
2.84185e-05
-0.000169412
3.12384e-05
-0.000174147
3.42732e-05
-0.00017936
3.75315e-05
-0.000185093
4.10155e-05
-0.000191384
4.47154e-05
-0.000198272
-0.000205812
4.86223e-05
2.3618e-06
-0.000133408
2.30298e-06
-0.00014096
3.12878e-06
-0.000138826
4.10186e-06
-0.000139441
5.10036e-06
-0.000140319
6.14057e-06
-0.000141422
7.23234e-06
-0.000142755
8.38205e-06
-0.000144324
9.59645e-06
-0.000146138
1.08841e-05
-0.000148208
1.22551e-05
-0.000150551
1.37203e-05
-0.000153183
1.52902e-05
-0.000156125
1.69767e-05
-0.000159402
1.87923e-05
-0.000163042
2.0749e-05
-0.000167073
2.28578e-05
-0.000171521
2.51291e-05
-0.000176418
2.75715e-05
-0.000181803
3.0191e-05
-0.000187712
3.2988e-05
-0.000194181
3.59582e-05
-0.000201242
-0.000208943
3.90894e-05
2.00766e-06
-0.000135416
1.77276e-06
-0.000140725
2.4062e-06
-0.00013946
3.13467e-06
-0.000140169
3.88809e-06
-0.000141072
4.67488e-06
-0.000142209
5.50137e-06
-0.000143582
6.37185e-06
-0.000145194
7.29136e-06
-0.000147057
8.26729e-06
-0.000149184
9.30842e-06
-0.000151593
1.04233e-05
-0.000154298
1.16199e-05
-0.000157322
1.29071e-05
-0.000160689
1.42939e-05
-0.000164429
1.57888e-05
-0.000168568
1.73997e-05
-0.000173132
1.91339e-05
-0.000178152
2.09964e-05
-0.000183665
2.29897e-05
-0.000189705
2.51125e-05
-0.000196304
2.73627e-05
-0.000203492
-0.000211309
2.97283e-05
1.53977e-06
-0.000136956
1.25418e-06
-0.00014044
1.69933e-06
-0.000139905
2.19302e-06
-0.000140663
2.71181e-06
-0.000141591
3.25572e-06
-0.000142753
3.82751e-06
-0.000144153
4.43063e-06
-0.000145797
5.06939e-06
-0.000147696
5.74915e-06
-0.000149864
6.47577e-06
-0.000152319
7.25536e-06
-0.000155078
8.09425e-06
-0.000158161
8.99858e-06
-0.000161593
9.97401e-06
-0.000165404
1.1026e-05
-0.00016962
1.21604e-05
-0.000174266
1.3382e-05
-0.000179374
1.46935e-05
-0.000184977
1.60948e-05
-0.000191107
1.75828e-05
-0.000197792
1.91525e-05
-0.000205062
-0.000212951
2.07945e-05
1.00136e-06
-0.000137957
7.56062e-07
-0.000140194
1.01791e-06
-0.000140167
1.29718e-06
-0.000140942
1.59943e-06
-0.000141893
1.91809e-06
-0.000143072
2.25301e-06
-0.000144488
2.60703e-06
-0.000146151
2.98358e-06
-0.000148073
3.38547e-06
-0.000150266
3.81533e-06
-0.000152749
4.27692e-06
-0.00015554
4.77488e-06
-0.000158659
5.31304e-06
-0.000162132
5.89408e-06
-0.000165985
6.52106e-06
-0.000170247
7.19779e-06
-0.000174943
7.92685e-06
-0.000180103
8.7085e-06
-0.000185758
9.54188e-06
-0.00019194
1.04248e-05
-0.000198675
1.13513e-05
-0.000205988
-0.000213902
1.23026e-05
4.0928e-07
2.5804e-07
3.4842e-07
4.42235e-07
5.44408e-07
6.52989e-07
7.66993e-07
8.8709e-07
1.0146e-06
1.1506e-06
1.29588e-06
1.45167e-06
1.61973e-06
1.80137e-06
1.99709e-06
2.20734e-06
2.43327e-06
2.67615e-06
2.93588e-06
3.21117e-06
3.49994e-06
3.8e-06
4.10382e-06
2.28979e-05
5.45256e-05
-2.57445e-05
4.86424e-05
-6.43822e-05
3.86377e-05
3.86203e-05
-0.000103003
0.000115054
6.06031e-05
9.96829e-05
6.40139e-05
7.61063e-05
6.22143e-05
6.12563e-05
5.34702e-05
0.000150938
5.11711e-05
0.000159268
5.56835e-05
0.000162445
5.9038e-05
6.12023e-05
0.000162499
0.000156265
4.51567e-05
0.000164645
4.73034e-05
0.000174275
4.94084e-05
5.1336e-05
0.000184141
0.00016748
4.40948e-05
0.000169944
4.48397e-05
0.000174126
4.52262e-05
4.55099e-05
0.000179952
0.000176675
4.36278e-05
0.000177291
4.42233e-05
0.000178747
4.37706e-05
4.33054e-05
0.000180952
0.000191196
5.03686e-05
0.000186328
4.90921e-05
0.000182189
4.79092e-05
4.7667e-05
0.000177827
0.000206389
5.58413e-05
0.000199901
5.55801e-05
0.000193648
5.41622e-05
5.18646e-05
0.000189451
0.000168634
4.83397e-05
0.000173355
5.08588e-05
0.000175725
5.17922e-05
5.19057e-05
0.000175684
8.5102e-05
3.21362e-05
0.000100596
3.53647e-05
0.000114859
3.75291e-05
3.88614e-05
0.000127903
9.17589e-05
1.66263e-05
0.000106995
2.01285e-05
0.000122066
2.24585e-05
2.34508e-05
0.000137476
4.62903e-05
7.15403e-06
5.65507e-05
9.86812e-06
6.67997e-05
1.22095e-05
1.38502e-05
7.64004e-05
3.84897e-05
-2.39796e-07
4.61932e-05
2.1645e-06
5.39609e-05
4.44178e-06
6.32583e-06
6.14852e-05
5.26052e-05
-5.58155e-06
5.82741e-05
-3.50438e-06
6.42867e-05
-1.57074e-06
2.03907e-07
7.04086e-05
6.15841e-05
-1.05648e-05
6.68527e-05
-8.77295e-06
7.23505e-05
-7.06857e-06
-5.44599e-06
7.80003e-05
7.05912e-05
-1.51945e-05
7.54393e-05
-1.36211e-05
8.04565e-05
-1.20859e-05
-1.0595e-05
8.56054e-05
7.83598e-05
-1.95763e-05
8.29424e-05
-1.82038e-05
8.76914e-05
-1.68351e-05
-1.54886e-05
9.2585e-05
8.5232e-05
-2.38685e-05
8.97037e-05
-2.26755e-05
9.43303e-05
-2.14616e-05
-2.02536e-05
9.90953e-05
9.12998e-05
-2.81436e-05
9.57393e-05
-2.7115e-05
0.000100326
-2.60482e-05
-2.4975e-05
0.000105047
9.65834e-05
-3.24615e-05
0.000101057
-3.15885e-05
0.000105673
-3.06645e-05
-2.97205e-05
0.000110419
0.000101135
-3.68651e-05
0.00010569
-3.61436e-05
0.000110386
-3.5361e-05
-3.45416e-05
0.000115207
0.000104955
-4.13848e-05
0.000109629
-4.08181e-05
0.00011445
-4.01814e-05
-3.9488e-05
0.000119396
0.000108014
-4.60383e-05
0.000112832
-4.56363e-05
0.000117808
-4.51571e-05
-4.46031e-05
0.000122923
0.000110251
-5.0828e-05
0.000115222
-5.06069e-05
0.000120368
-5.0303e-05
-4.99177e-05
0.000125682
0.000111573
-5.5739e-05
0.000116687
-5.57208e-05
0.000122004
-5.56206e-05
-5.54512e-05
0.000127538
0.000111851
-6.0734e-05
0.000117076
-6.09457e-05
0.000122543
-6.1088e-05
-6.1196e-05
0.000128288
0.000110936
-6.57472e-05
0.000116206
-6.62154e-05
0.000121761
-6.66434e-05
-6.70933e-05
0.000127659
0.000108715
-7.06823e-05
0.000113925
-7.14253e-05
0.000119456
-7.21746e-05
-7.3017e-05
0.00012538
0.000105186
-7.54229e-05
0.000110205
-7.64447e-05
0.00011556
-7.75299e-05
-7.87852e-05
0.000121329
0.000100508
-7.98548e-05
0.000105206
-8.11424e-05
0.000110226
-8.25499e-05
-8.41979e-05
0.000115638
9.49856e-05
-8.38894e-05
9.92541e-05
-8.54108e-05
0.000103801
-8.70967e-05
-8.90728e-05
0.000108676
8.89547e-05
-8.74832e-05
9.27293e-05
-8.91854e-05
9.6705e-05
-9.10724e-05
-9.32656e-05
0.000100898
8.26232e-05
-9.06539e-05
8.5909e-05
-9.24712e-05
8.92997e-05
-9.44632e-05
-9.67361e-05
9.27703e-05
7.59183e-05
-9.3469e-05
7.87934e-05
-9.53463e-05
8.16952e-05
-9.73651e-05
-9.96104e-05
8.45695e-05
6.84869e-05
-9.59912e-05
7.10412e-05
-9.79006e-05
7.35904e-05
-9.99143e-05
-0.000102094
7.60744e-05
5.99993e-05
-9.82298e-05
6.22626e-05
-0.000100164
6.45254e-05
-0.000102177
-0.00010431
6.67409e-05
5.0534e-05
-0.000100141
5.2467e-05
-0.000102097
5.441e-05
-0.00010412
-0.000106236
5.63361e-05
4.06194e-05
-0.000101671
4.21627e-05
-0.00010364
4.37153e-05
-0.000105673
-0.000107784
4.52632e-05
3.0863e-05
-0.000102806
3.20016e-05
-0.000104779
3.31407e-05
-0.000106812
-0.000108913
3.42701e-05
2.15747e-05
-0.000103586
2.23541e-05
-0.000105558
2.31286e-05
-0.000107586
-0.000109675
2.389e-05
1.277e-05
-0.000104054
1.32308e-05
-0.000106019
1.36874e-05
-0.000108043
-0.000110126
1.41391e-05
4.25214e-06
4.3972e-06
4.54036e-06
4.68073e-06
-9.70352e-05
9.13383e-05
-7.97854e-05
-2.60354e-05
-0.000136185
0.000203996
-9.39239e-05
-8.85637e-05
-8.00983e-05
3.578e-05
-0.000130522
0.000117751
-0.000121484
1.74628e-05
-0.000115911
1.58606e-05
-0.000119679
1.61095e-05
-0.000115356
-7.81939e-06
-0.000107061
-2.35457e-05
-9.80576e-05
-3.40733e-05
-8.65796e-05
-4.56317e-05
-7.31329e-05
-5.45284e-05
-5.83611e-05
-6.0664e-05
-4.35678e-05
-6.35101e-05
-2.88969e-05
-6.50669e-05
-1.43132e-05
-6.62559e-05
-6.56045e-05
1.57684e-05
0.00012904
-9.94524e-05
8.91853e-05
-5.94934e-05
0.000164037
-0.000212674
6.46166e-05
-0.00017202
-4.87391e-06
-0.000137384
8.31142e-05
-0.000141574
2.16536e-05
-0.000151355
2.56414e-05
-0.000160248
2.50032e-05
-0.000145288
-2.27805e-05
-0.000132144
-3.66898e-05
-0.000113844
-5.23723e-05
-9.46737e-05
-6.48025e-05
-7.80568e-05
-7.11452e-05
-6.15383e-05
-7.71826e-05
-4.53651e-05
-7.96834e-05
-2.99354e-05
-8.04966e-05
-1.48447e-05
-8.13467e-05
-8.04493e-05
0.000148691
0.000142848
0.000102894
0.000134982
0.000118432
0.000148499
6.77679e-05
0.000115281
-2.86448e-05
9.15388e-05
-5.90394e-05
0.000113509
-0.000119818
8.24319e-05
-0.000141559
4.73824e-05
-0.00012291
6.35473e-06
-0.000139889
-5.80157e-06
-0.000156506
-2.0073e-05
-0.000147154
-6.17237e-05
-0.000117097
-9.48596e-05
-8.52612e-05
-0.000102981
-6.37341e-05
-9.87096e-05
-4.71101e-05
-9.63073e-05
-3.08875e-05
-9.67191e-05
-1.51777e-05
-9.70568e-05
-9.56271e-05
0.000199334
0.000127655
0.000203069
0.000131248
0.000218017
0.000133551
0.000207604
0.000125694
0.0001826
0.000116542
0.000176901
0.000119208
0.0001518
0.000107533
0.000107601
9.15812e-05
2.51942e-05
8.87613e-05
-6.10889e-05
8.04816e-05
-0.000113952
3.27901e-05
-0.000141347
-3.43289e-05
-0.000147665
-8.85412e-05
-0.000106229
-0.000144418
-6.5671e-05
-0.000139268
-4.66561e-05
-0.000115322
-3.15426e-05
-0.000111833
-1.55553e-05
-0.000113044
-0.000111183
0.000196995
0.000110611
0.000215416
0.000112827
0.000233231
0.000115735
0.000244203
0.000114723
0.000250371
0.000110374
0.000257802
0.000111777
0.000252345
0.00011299
0.000231753
0.000112173
0.000208303
0.000112212
0.000184636
0.000104149
0.000131764
8.56615e-05
2.88264e-05
6.8609e-05
-5.70215e-05
-2.69333e-06
-0.000108221
-9.32178e-05
-7.98175e-05
-0.000167671
-4.66602e-05
-0.00014848
-3.10684e-05
-0.000127425
-1.57418e-05
-0.000128371
-0.000126924
0.000190456
0.000101107
0.000202127
0.000101156
0.000214772
0.00010309
0.000227904
0.000101591
0.000242954
9.53244e-05
0.000259138
9.5593e-05
0.000269663
0.000102465
0.000270958
0.000110877
0.000269657
0.000113513
0.000260192
0.000113614
0.000232347
0.000113506
0.000194934
0.000106021
0.000110359
8.18825e-05
-1.20737e-05
2.92146e-05
-8.0405e-05
-9.93396e-05
-6.4393e-05
-0.000164492
-3.4251e-05
-0.000157567
-1.57714e-05
-0.000146851
-0.000142696
0.000180333
9.86017e-05
0.000190689
9.08004e-05
0.000200511
9.32674e-05
0.00021077
9.13324e-05
0.000224707
8.13869e-05
0.000241687
7.86131e-05
0.000255808
8.83445e-05
0.000263394
0.000103291
0.000271908
0.000105
0.00027561
0.000109912
0.000265853
0.000123263
0.000245238
0.000126637
0.000207604
0.000119516
0.000139549
9.72703e-05
-1.05848e-06
4.12676e-05
-7.70732e-05
-8.84771e-05
-5.4416e-05
-0.000180224
-1.68978e-05
-0.000184369
-0.000159594
0.000177245
0.000110807
0.000169919
9.81272e-05
0.000169841
9.33448e-05
0.000171321
8.9853e-05
0.000178685
7.40228e-05
0.000200183
5.71146e-05
0.000226552
6.19762e-05
0.000243669
8.61737e-05
0.000262357
8.6312e-05
0.00027305
9.92191e-05
0.000264711
0.000131601
0.000255891
0.000135457
0.000240271
0.000135136
0.000206748
0.000130793
0.000141446
0.000106569
1.715e-05
3.58186e-05
-7.23203e-05
-9.07538e-05
-2.51265e-05
-0.000231563
-0.00018472
0.000168765
0.000117727
0.000166139
0.000100753
0.000176913
8.25709e-05
0.000204783
6.19832e-05
0.00024606
3.27454e-05
0.000283571
1.96034e-05
0.00030391
4.16372e-05
0.000305204
8.488e-05
0.000282237
0.000109279
0.000261433
0.000120023
0.00024016
0.000152875
0.000231603
0.000144014
0.000234868
0.000131872
0.000230835
0.000134826
0.000203492
0.000133912
0.000141202
9.81084e-05
3.38405e-05
1.66079e-05
-2.75143e-05
-0.000170208
-0.000212234
0.000160947
8.46825e-05
0.00019885
6.28506e-05
0.000229766
5.16549e-05
0.000248939
4.28105e-05
0.00025142
3.02646e-05
0.000239091
3.19319e-05
0.000232617
4.81117e-05
0.000236825
8.06723e-05
0.000230141
0.000115962
0.000204129
0.000146035
0.000196429
0.000160574
0.000177472
0.00016297
0.000178643
0.000130701
0.000216642
9.68273e-05
0.00021786
0.000132694
0.000190163
0.000125806
0.000125279
8.14922e-05
4.93166e-06
-4.98609e-05
-0.000207303
0.000169214
5.29452e-05
0.000181001
5.10638e-05
0.000175149
5.75067e-05
0.000162029
5.59308e-05
0.000144908
4.73851e-05
0.0001344
4.24401e-05
0.000139056
4.34557e-05
0.000160863
5.88651e-05
0.000183471
9.33543e-05
0.000186212
0.000143294
0.000163426
0.00018336
0.000137729
0.000188668
0.000114453
0.000153976
0.000174244
3.70369e-05
0.000202919
0.000104019
0.000196656
0.000132068
0.000169775
0.000108374
5.84432e-05
6.14705e-05
-0.00014886
9.30833e-05
3.62624e-05
0.000101341
4.28064e-05
0.000109684
4.91638e-05
0.00011669
4.89241e-05
0.000119492
4.45837e-05
0.00012071
4.12222e-05
0.000122895
4.1271e-05
0.000133039
4.87207e-05
0.000155284
7.11094e-05
0.000183347
0.000115231
0.000195878
0.000170828
0.000175043
0.000209503
0.000145566
0.000183453
0.00012927
5.33331e-05
0.000176855
5.64337e-05
0.000183414
0.000125509
0.000173099
0.000118689
0.000129184
0.000105385
-1.96756e-05
7.68833e-05
2.08643e-05
9.16778e-05
2.80118e-05
0.000106552
3.42897e-05
0.000118577
3.68994e-05
0.000126964
3.61965e-05
0.000133462
3.47243e-05
0.000139099
3.5634e-05
0.000145345
4.24744e-05
0.000157253
5.92019e-05
0.000181004
9.14793e-05
0.000210772
0.00014106
0.000224799
0.000195476
0.000201436
0.000206816
0.00013897
0.000115799
0.000149736
4.56678e-05
0.000160534
0.00011471
0.00015794
0.000121283
0.000133302
0.000130023
0.000113627
8.47121e-05
6.56077e-06
9.85223e-05
1.42015e-05
0.000111618
2.11935e-05
0.000122695
2.58233e-05
0.000132174
2.67175e-05
0.00014175
2.51479e-05
0.000152169
2.52157e-05
0.000162883
3.17597e-05
0.000174266
4.78197e-05
0.00018973
7.60151e-05
0.000212004
0.000118786
0.000232942
0.000174538
0.000223387
0.000216371
0.000159942
0.000179244
0.000128458
7.71516e-05
0.000137992
0.000105177
0.000136997
0.000122278
0.000117126
0.000149894
0.000230753
9.13028e-05
-6.74173e-06
0.000104295
1.20926e-06
0.00011661
8.87878e-06
0.000127998
1.44355e-05
0.000139315
1.54e-05
0.000151721
1.27424e-05
0.000165223
1.17134e-05
0.000178499
1.84834e-05
0.00019053
3.57892e-05
0.000202207
6.43385e-05
0.000215357
0.000105635
0.000229425
0.00016047
0.000227944
0.000217851
0.000179949
0.000227239
0.000122191
0.00013491
0.000123987
0.000103381
0.000119196
0.000127069
9.92019e-05
0.000169888
0.000329955
9.80062e-05
-1.91426e-05
0.000110404
-1.1189e-05
0.000122487
-3.2037e-06
0.000134497
2.42561e-06
0.000147312
2.58488e-06
0.000161639
-1.5848e-06
0.000176767
-3.4148e-06
0.000190832
4.41941e-06
0.000202118
2.45031e-05
0.000210956
5.55001e-05
0.000219049
9.75427e-05
0.000227345
0.000152175
0.000228472
0.000216724
0.000196316
0.000259395
0.000125239
0.000205988
0.000115429
0.000113191
0.000109628
0.000132869
8.74226e-05
0.000192093
0.000417377
0.000104443
-3.10008e-05
0.000116522
-2.32675e-05
0.000128696
-1.53777e-05
0.000141367
-1.02456e-05
0.000155432
-1.14808e-05
0.000171097
-1.72487e-05
0.000186817
-1.91352e-05
0.000200332
-9.09574e-06
0.000210358
1.44775e-05
0.000217293
4.85646e-05
0.000222652
9.21836e-05
0.00022717
0.000147657
0.000228037
0.000215856
0.000203981
0.000283452
0.000134569
0.000275399
0.000111778
0.000135982
0.00010797
0.000136678
8.4903e-05
0.00021516
0.00050228
0.000110665
-4.25709e-05
0.000122628
-3.52295e-05
0.000135001
-2.77511e-05
0.000148233
-2.34778e-05
0.000163137
-2.63851e-05
0.000179497
-3.3608e-05
0.000195031
-3.4669e-05
0.000207291
-2.13558e-05
0.000216061
5.70771e-06
0.000222458
4.21671e-05
0.000227181
8.74606e-05
0.000229613
0.000145225
0.000227742
0.000217728
0.000206682
0.000304512
0.000152896
0.000329185
0.000121361
0.000167517
0.000118349
0.00013969
9.49832e-05
0.000238526
0.000597264
0.000116523
-5.40464e-05
0.000128533
-4.72398e-05
0.000141204
-4.04225e-05
0.000154893
-3.7166e-05
0.000170175
-4.16678e-05
0.000186475
-4.99074e-05
0.000201015
-4.92095e-05
0.000211376
-3.17164e-05
0.000218647
-1.56401e-06
0.000225328
3.54862e-05
0.000230814
8.19752e-05
0.000232182
0.000143857
0.000225974
0.000223935
0.000205481
0.000325005
0.000177265
0.000357401
0.000152734
0.000192048
0.000146296
0.000146128
0.000118241
0.000266581
0.000715504
0.000121953
-6.55806e-05
0.000134166
-5.94525e-05
0.000147221
-5.34784e-05
0.000161246
-5.11908e-05
0.000176498
-5.69195e-05
0.000192114
-6.55229e-05
0.000204962
-6.20583e-05
0.000212686
-3.94401e-05
0.000217857
-6.73488e-06
0.000224202
2.91413e-05
0.000230021
7.61557e-05
0.000230515
0.000143363
0.000221253
0.000233198
0.000208208
0.000338049
0.000219333
0.000346277
0.000207191
0.00020419
0.000196523
0.000156796
0.000152049
0.000311055
0.000867553
0.000126951
-7.7324e-05
0.000139546
-7.2048e-05
0.00015304
-6.69723e-05
0.000167337
-6.54881e-05
0.000182445
-7.20269e-05
0.000197141
-8.02195e-05
0.00020781
-7.27274e-05
0.000212181
-4.38109e-05
0.000213917
-8.47055e-06
0.00021828
2.47775e-05
0.000222536
7.19002e-05
0.000220984
0.000144916
0.000213352
0.000240829
0.000223771
0.000327631
0.000274299
0.000295749
0.000275449
0.00020304
0.000273118
0.000159126
0.000202437
0.000381736
0.00106999
0.000131527
-8.94546e-05
0.000144688
-8.52091e-05
0.000158692
-8.09763e-05
0.000173422
-8.02183e-05
0.000188629
-8.72339e-05
0.000202393
-9.39838e-05
0.000210507
-8.0842e-05
0.000210749
-4.40521e-05
0.0002073
-5.02227e-06
0.000206193
2.58849e-05
0.000204933
7.31604e-05
0.00020071
0.000149138
0.000208101
0.000233437
0.000261119
0.000274613
0.000336378
0.000220489
0.000338344
0.000201074
0.000382129
0.000115341
0.000248823
0.000515042
0.00131881
0.000135606
-0.000102137
0.000149483
-9.90861e-05
0.000164247
-9.57412e-05
0.000179777
-9.57479e-05
0.000195436
-0.000102893
0.000208554
-0.000107102
0.000214443
-8.67308e-05
0.000210423
-4.00318e-05
0.000200845
4.55528e-06
0.000192407
3.43232e-05
0.00018432
8.1247e-05
0.000184194
0.000149265
0.000224114
0.000193517
0.000313031
0.000185697
0.000346475
0.000187045
0.000364121
0.000183428
0.000454174
2.52884e-05
0.000159169
0.000810047
0.00147798
0.000139025
-0.00011548
0.000153782
-0.000113843
0.000169752
-0.000111712
0.000186568
-0.000112564
0.000203436
-0.00011976
0.000217042
-0.000120709
0.000222428
-9.21169e-05
0.000216518
-3.41212e-05
0.000204504
1.65684e-05
0.000192629
4.61991e-05
0.00018685
8.70251e-05
0.00021073
0.000125385
0.000281406
0.000122841
0.000317004
0.000150099
0.000315202
0.000188847
0.000367827
0.000130803
0.000241671
0.000151445
-0.000172418
0.00122414
0.00130556
0.000141618
-0.00012956
0.000157476
-0.0001297
0.000174981
-0.000129217
0.000193637
-0.00013122
0.000213278
-0.000139401
0.000229687
-0.000137118
0.000237772
-0.000100203
0.000235449
-3.17977e-05
0.000228481
2.35368e-05
0.00022816
4.652e-05
0.000246188
6.89967e-05
0.000293363
7.82103e-05
0.000324644
9.15603e-05
0.000287269
0.000187475
0.000272078
0.000204038
0.000270787
0.000132094
-0.000110149
0.00053238
-0.000354346
0.00146833
0.000951219
0.000143156
-0.000144429
0.00016031
-0.000146854
0.000179433
-0.00014834
0.000200617
-0.000152404
0.000224542
-0.000163326
0.000245524
-0.0001581
0.00025994
-0.000114618
0.000267049
-3.89063e-05
0.000275001
1.55846e-05
0.000304527
1.69939e-05
0.000362253
1.12712e-05
0.000383471
5.69913e-05
0.000298635
0.000176397
0.000260891
0.000225219
0.000243558
0.000221371
0.000171767
0.000203885
-0.000156359
0.000860506
-0.000285586
0.00159756
0.000665633
0.00014324
-0.00016001
0.000161587
-0.000165201
0.000182355
-0.000169108
0.000206803
-0.000176853
0.000235466
-0.000191989
0.000261229
-0.000183863
0.000285183
-0.000138573
0.000308269
-6.1992e-05
0.000347823
-2.39697e-05
0.000411147
-4.6329e-05
0.000409091
1.33266e-05
0.000313783
0.0001523
0.000262945
0.000227235
0.000245965
0.000242199
0.000236139
0.000231197
0.000153614
0.000286409
-2.96588e-05
0.00104378
-0.000142143
0.00171004
0.00052349
0.000141317
-0.000175947
0.000160243
-0.000184127
0.000182603
-0.000191469
0.00021064
-0.000204889
0.000244126
-0.000225475
0.000276191
-0.000215928
0.000313747
-0.000176129
0.000356243
-0.000104488
0.000408318
-7.60448e-05
0.00039042
-2.84307e-05
0.000283673
0.000120074
0.000235884
0.000200089
0.000227455
0.000235663
0.000233142
0.000236512
0.000234689
0.00022965
0.000149131
0.000371967
4.11464e-05
0.00115176
-4.2007e-05
0.0017932
0.000481483
0.00013693
-0.000191548
0.000155353
-0.00020255
0.000178359
-0.000214474
0.00020862
-0.00023515
0.00024734
-0.000264195
0.000291659
-0.000260247
0.00034477
-0.000229239
0.000378104
-0.000137822
0.000364995
-6.29355e-05
0.000243753
9.28117e-05
0.000192439
0.000171387
0.000187975
0.000204552
0.000204501
0.000219138
0.000217009
0.000224004
0.000211529
0.000235129
0.000127444
0.000456053
3.7331e-05
0.00124188
-9.39304e-06
0.00183992
0.00047209
0.000130099
-0.000206009
0.000146848
-0.000219298
0.000168242
-0.000235869
0.00019644
-0.000263348
0.000237731
-0.000305485
0.000293029
-0.000315545
0.000330626
-0.000266836
0.000330446
-0.000137643
0.000227544
3.99662e-05
0.000157435
0.000162921
0.000149938
0.000178885
0.000175154
0.000179335
0.000207237
0.000187056
0.000223925
0.000207315
0.000203174
0.00025588
0.000123584
0.000535643
2.32096e-05
0.00134225
-9.39912e-06
0.00187253
0.000462691
0.000121371
-0.000218704
0.000135734
-0.000233661
0.000153816
-0.000253951
0.000175827
-0.000285359
0.000208572
-0.00033823
0.000244444
-0.000351417
0.000269493
-0.000291886
0.000209374
-7.7523e-05
0.000124861
0.000124479
0.000108079
0.000179703
0.000138704
0.00014826
0.000187504
0.000130535
0.000239588
0.000134972
0.00025895
0.000187953
0.000220177
0.000294653
0.000111162
0.000644659
4.25371e-06
0.00144916
-1.48094e-05
0.00189159
0.000447881
0.000111377
-0.000229184
0.000122939
-0.000245223
0.000137292
-0.000268305
0.000154226
-0.000302293
0.000178765
-0.000362769
0.000185551
-0.000358203
0.000119997
-0.000226332
0.000136992
-9.45187e-05
0.00015533
0.000106141
0.000162353
0.00017268
0.000221622
8.89911e-05
0.000292791
5.93664e-05
0.000317081
0.000110682
0.00029387
0.000211165
0.000230645
0.000357878
8.00565e-05
0.000795247
-3.42956e-05
0.00156351
-2.37319e-05
0.00188103
0.000424149
0.000100881
-0.000237294
0.000109201
-0.000253543
0.000118064
-0.000277168
0.00012838
-0.000312609
0.000149946
-0.000384335
0.000187471
-0.000395728
0.000235452
-0.000274313
0.000278836
-0.000137903
0.000251181
0.000133797
0.000207078
0.000216783
0.000216361
7.97081e-05
0.000262702
1.30247e-05
0.00027537
9.80142e-05
0.000260726
0.000225809
0.000192866
0.000425738
2.45286e-05
0.000963584
-7.86396e-05
0.00166668
-3.52728e-05
0.00183766
0.000388877
9.08324e-05
-0.000243557
9.63903e-05
-0.000259101
9.93779e-05
-0.000280156
9.98024e-05
-0.000313033
9.93104e-05
-0.000383843
0.000115819
-0.000412237
0.000190103
-0.000348597
0.000183992
-0.000131792
0.00015295
0.000164839
9.96563e-05
0.000270076
0.00011857
6.07939e-05
0.000166794
-3.51992e-05
0.000180602
8.42068e-05
0.000178129
0.000228281
0.000103311
0.000500556
-4.26014e-05
0.0011095
-0.000107354
0.00173143
-4.35699e-05
0.00177388
0.000345307
8.14054e-05
-0.000248888
8.56545e-05
-0.00026335
8.64358e-05
-0.000280937
8.19865e-05
-0.000308584
6.18025e-05
-0.000363659
4.62001e-05
-0.000396635
4.56963e-05
-0.000348093
0.000117434
-0.00020353
0.000111384
0.000170889
8.01263e-05
0.000301334
5.1657e-05
8.92633e-05
7.32875e-05
-5.68298e-05
7.96433e-05
7.78511e-05
6.6802e-05
0.000241122
-6.35052e-06
0.000573709
-9.85019e-05
0.00120165
-0.000114671
0.0017476
-3.60502e-05
0.00169526
0.000309256
7.16868e-05
-0.000253834
7.57902e-05
-0.000267453
7.76509e-05
-0.000282798
7.36279e-05
-0.000304561
5.49594e-05
-0.000344991
5.8156e-05
-0.000399832
7.2171e-05
-0.000362108
9.32386e-05
-0.000224597
0.000126503
0.000137624
0.000112596
0.000315241
7.71408e-07
0.000201088
-2.02193e-05
-3.58391e-05
-1.88478e-05
7.64794e-05
-4.07956e-05
0.00026307
-0.000101005
0.000633919
-0.000137346
0.00123799
-0.000105303
0.00171556
-7.05574e-06
0.00159701
0.000302201
6.08057e-05
-0.000258303
6.49073e-05
-0.000271555
6.8202e-05
-0.000286092
6.70797e-05
-0.000303439
5.38044e-05
-0.000331716
3.78645e-05
-0.000383892
5.165e-05
-0.000375894
4.27657e-05
-0.000215713
0.000124188
5.62024e-05
0.000116652
0.000322777
-2.29933e-05
0.000340734
-8.19526e-05
2.31201e-05
-9.55854e-05
9.01121e-05
-0.000132332
0.000299817
-0.000168024
0.000669612
-0.000155091
0.00122506
-8.26527e-05
0.00164312
2.5986e-05
0.00148837
0.000328187
4.88922e-05
-0.000261932
5.238e-05
-0.000275043
5.56784e-05
-0.000289391
5.7139e-05
-0.0003049
5.10139e-05
-0.000325591
4.11412e-05
-0.000374019
7.0401e-05
-0.000405154
0.000113681
-0.000258993
0.000137725
3.21577e-05
0.000122999
0.000337503
5.69711e-05
0.000406762
-7.86741e-05
0.000158765
-0.000134595
0.000146034
-0.000185482
0.000350703
-0.000202078
0.000686208
-0.000152753
0.00117573
-5.18691e-05
0.00154224
5.62532e-05
0.00138025
0.00038444
3.6912e-05
-0.000264574
3.93531e-05
-0.000277484
4.12968e-05
-0.000291335
4.19693e-05
-0.000305572
3.78404e-05
-0.000321462
2.32883e-05
-0.000359467
1.60765e-05
-0.000397942
0.000104069
-0.000346985
0.000121698
1.45281e-05
0.000123754
0.000335447
8.35261e-05
0.00044699
-7.72914e-05
0.000319583
-0.00014886
0.000217602
-0.000199877
0.000401721
-0.000204752
0.000691082
-0.000135685
0.00110666
-2.07463e-05
0.0014273
7.58611e-05
0.00128364
0.000460301
2.56493e-05
-0.000266333
2.72042e-05
-0.000279039
2.82162e-05
-0.000292346
2.82447e-05
-0.000305601
2.46253e-05
-0.000317843
-2.99508e-06
-0.000331847
-5.69536e-05
-0.000343984
-6.02955e-05
-0.000343643
0.000111397
-0.000157164
0.000130396
0.000316448
0.000100831
0.000476555
-3.40579e-05
0.000454471
-0.00013291
0.000316455
-0.000179566
0.000448376
-0.000182212
0.000693728
-0.000109426
0.00103388
6.15909e-06
0.00131171
8.4009e-05
0.00120579
0.00054431
1.51257e-05
-0.00026732
1.5986e-05
-0.000279899
1.66372e-05
-0.000292998
1.72988e-05
-0.000306262
1.82217e-05
-0.000318766
1.47367e-05
-0.000328362
6.65099e-07
-0.000329912
2.66082e-06
-0.000345639
0.000110469
-0.000264973
0.00013492
0.000291997
0.000117521
0.000493954
4.64269e-05
0.000525566
-9.5325e-05
0.000458207
-0.000137476
0.000490528
-0.000151985
0.000708237
-8.61882e-05
0.00096808
2.3595e-05
0.00120193
8.76689e-05
0.00114172
0.000631979
4.98083e-06
5.22541e-06
5.40534e-06
5.62328e-06
6.55774e-06
1.06588e-05
2.15541e-05
3.4749e-05
9.98765e-05
0.000125079
0.000127174
0.000103165
3.66042e-06
-4.97911e-05
-7.0741e-05
-4.03837e-05
3.0262e-05
6.93174e-05
)
;

boundaryField
{
    leftWall
    {
        type            calculated;
        value           uniform 0;
    }
    rightWall
    {
        type            calculated;
        value           uniform 0;
    }
    lowerWall
    {
        type            calculated;
        value           uniform 0;
    }
    atmosphere
    {
        type            calculated;
        value           nonuniform List<scalar> 
46
(
-0.000138366
-0.000140043
-0.000140257
-0.000141036
-0.000141995
-0.00014318
-0.000144602
-0.000146272
-0.0001482
-0.000150402
-0.000152894
-0.000155695
-0.000158827
-0.000162313
-0.000166181
-0.000170457
-0.000175169
-0.000180346
-0.000186018
-0.000192215
-0.000198964
-0.000206288
-0.000214206
-0.000104202
-0.000106164
-0.000108186
-0.000110267
-0.000267621
-0.000280144
-0.000293178
-0.00030648
-0.0003197
-0.000332463
-0.000340808
-0.000358834
-0.0003301
0.000266794
0.000491859
0.000549575
0.000557711
0.00054398
0.000729187
0.000937722
0.00113128
0.00110266
0.000701296
)
;
    }
    defaultFaces
    {
        type            empty;
    }
}


// ************************************************************************* //
