/*--------------------------------*- C++ -*----------------------------------*\
  =========                 |
  \\      /  F ield         | OpenFOAM: The Open Source CFD Toolbox
   \\    /   O peration     | Website:  https://openfoam.org
    \\  /    A nd           | Version:  13
     \\/     M anipulation  |
\*---------------------------------------------------------------------------*/
FoamFile
{
    format      ascii;
    class       volVectorField;
    location    "0.35";
    object      U;
}
// * * * * * * * * * * * * * * * * * * * * * * * * * * * * * * * * * * * * * //

dimensions      [0 1 -1 0 0 0 0];

internalField   nonuniform List<vector> 
2268
(
(-0.028059 0.00609203 0)
(-0.0236274 -0.00628823 0)
(0.0280393 -0.0147107 0)
(0.101138 -0.0178996 0)
(0.176116 -0.0170314 0)
(0.243939 -0.0143716 0)
(0.299535 -0.0114752 0)
(0.343114 -0.00904922 0)
(0.377484 -0.00724228 0)
(0.405451 -0.00592644 0)
(0.428703 -0.00486268 0)
(0.447705 -0.00380895 0)
(0.461957 -0.00247858 0)
(0.469714 -0.000549572 0)
(0.468384 0.00346101 0)
(0.449048 0.0108631 0)
(0.402223 0.0220916 0)
(0.315845 0.0363243 0)
(0.178495 0.0469596 0)
(0.00514144 0.0383328 0)
(-0.157952 0.00742398 0)
(-0.2473 -0.00258864 0)
(-0.100238 -0.06231 0)
(-0.0294832 0.0180637 0)
(-0.0217233 -0.0196038 0)
(0.0306504 -0.0446241 0)
(0.104071 -0.0539401 0)
(0.178806 -0.0512816 0)
(0.245939 -0.0433459 0)
(0.300929 -0.0347416 0)
(0.344299 -0.0275581 0)
(0.378899 -0.022221 0)
(0.407438 -0.0183318 0)
(0.431481 -0.0151778 0)
(0.451442 -0.0120206 0)
(0.466758 -0.00815991 0)
(0.476616 -0.00283027 0)
(0.47966 0.00520615 0)
(0.479045 0.018117 0)
(0.474649 0.0381079 0)
(0.458166 0.0674136 0)
(0.404272 0.102783 0)
(0.265615 0.124275 0)
(0.0639785 0.0981369 0)
(-0.170908 0.00536058 0)
(0.0035342 -0.139926 0)
(-0.0278277 0.0294686 0)
(-0.0183089 -0.033371 0)
(0.0349984 -0.0747645 0)
(0.108192 -0.0896071 0)
(0.181696 -0.0848447 0)
(0.246914 -0.0715833 0)
(0.300193 -0.0574165 0)
(0.342594 -0.0457266 0)
(0.377055 -0.0371233 0)
(0.406115 -0.0308683 0)
(0.43111 -0.0257546 0)
(0.45225 -0.0205662 0)
(0.468931 -0.0142845 0)
(0.479887 -0.00602407 0)
(0.483643 0.00464395 0)
(0.478824 0.0190804 0)
(0.46598 0.0405171 0)
(0.450449 0.0745656 0)
(0.442246 0.126247 0)
(0.407374 0.180303 0)
(0.303176 0.18892 0)
(0.0951084 0.0653846 0)
(0.0862831 -0.136216 0)
(-0.0262913 0.0394794 0)
(-0.0131673 -0.04787 0)
(0.0411365 -0.105228 0)
(0.113663 -0.124779 0)
(0.185206 -0.117459 0)
(0.247768 -0.098864 0)
(0.298849 -0.0794375 0)
(0.34016 -0.063672 0)
(0.374685 -0.0522109 0)
(0.404688 -0.0438915 0)
(0.431162 -0.0369972 0)
(0.45404 -0.0298839 0)
(0.472546 -0.0212167 0)
(0.485473 -0.00998319 0)
(0.491407 0.00489538 0)
(0.488944 0.024312 0)
(0.477132 0.0497369 0)
(0.456225 0.0836441 0)
(0.438236 0.132005 0)
(0.436414 0.196041 0)
(0.421013 0.236726 0)
(0.28256 0.141474 0)
(0.168155 -0.0601794 0)
(-0.0242285 0.0477048 0)
(-0.00650264 -0.063414 0)
(0.0487179 -0.1358 0)
(0.12003 -0.159048 0)
(0.188854 -0.148658 0)
(0.248139 -0.124836 0)
(0.29673 -0.100654 0)
(0.337002 -0.0814262 0)
(0.37189 -0.0676298 0)
(0.403257 -0.0575977 0)
(0.431651 -0.0491101 0)
(0.456677 -0.0401426 0)
(0.477387 -0.0291198 0)
(0.49255 -0.0148665 0)
(0.500904 0.00355726 0)
(0.501315 0.0271625 0)
(0.49309 0.0570646 0)
(0.475779 0.0940757 0)
(0.451319 0.138578 0)
(0.433652 0.195163 0)
(0.443876 0.251543 0)
(0.359828 0.209403 0)
(0.214705 0.052637 0)
(-0.0213772 0.0536312 0)
(0.0015091 -0.0802098 0)
(0.0575486 -0.16632 0)
(0.127134 -0.192108 0)
(0.192578 -0.178122 0)
(0.248153 -0.149291 0)
(0.294188 -0.121037 0)
(0.333659 -0.0991236 0)
(0.369301 -0.0836131 0)
(0.402441 -0.0722532 0)
(0.433116 -0.0623527 0)
(0.460576 -0.0515872 0)
(0.483706 -0.0382214 0)
(0.501271 -0.0210264 0)
(0.512114 0.000936135 0)
(0.515288 0.0284708 0)
(0.510252 0.0624002 0)
(0.496739 0.103289 0)
(0.475395 0.149635 0)
(0.443283 0.199903 0)
(0.435503 0.25976 0)
(0.377233 0.269317 0)
(0.236622 0.192254 0)
(-0.0176913 0.0567212 0)
(0.0105459 -0.0983278 0)
(0.0672926 -0.19668 0)
(0.13471 -0.223885 0)
(0.196373 -0.205841 0)
(0.248133 -0.172258 0)
(0.29185 -0.140623 0)
(0.330976 -0.116784 0)
(0.36787 -0.100145 0)
(0.403213 -0.0877934 0)
(0.436492 -0.0766073 0)
(0.466625 -0.0640466 0)
(0.49236 -0.0483033 0)
(0.512458 -0.0281761 0)
(0.525803 -0.00288216 0)
(0.531559 0.0282515 0)
(0.52932 0.0660142 0)
(0.51844 0.110639 0)
(0.500714 0.161565 0)
(0.467735 0.213619 0)
(0.436949 0.27581 0)
(0.380074 0.322808 0)
(0.265442 0.324073 0)
(-0.0133624 0.056875 0)
(0.0200427 -0.117261 0)
(0.0773116 -0.226983 0)
(0.141995 -0.254652 0)
(0.199752 -0.232204 0)
(0.248051 -0.194221 0)
(0.290057 -0.159917 0)
(0.329469 -0.134841 0)
(0.368111 -0.117557 0)
(0.405956 -0.104479 0)
(0.441983 -0.0921085 0)
(0.47488 -0.0777601 0)
(0.503367 -0.0595824 0)
(0.526239 -0.0363461 0)
(0.542408 -0.00732611 0)
(0.551018 0.0274048 0)
(0.551524 0.0687433 0)
(0.543136 0.116572 0)
(0.526999 0.171356 0)
(0.49903 0.229045 0)
(0.456617 0.297692 0)
(0.395299 0.376546 0)
(0.256118 0.481018 0)
(0.0509148 -0.00484409 0)
(0.0683317 0.0154478 0)
(-0.0823009 0.0313442 0)
(-0.207822 0.0136862 0)
(-0.270003 0.0205566 0)
(-0.36659 0.0151872 0)
(-0.42643 0.0114794 0)
(-0.469957 0.00809279 0)
(-0.496944 0.00411322 0)
(-0.504971 0.000765296 0)
(-0.496134 -0.00249332 0)
(-0.47386 -0.00486106 0)
(-0.439923 -0.00710261 0)
(-0.395495 -0.00970513 0)
(-0.340884 -0.0125404 0)
(-0.276834 -0.0150289 0)
(-0.204693 -0.0175109 0)
(-0.125431 -0.0196432 0)
(-0.0422506 -0.0200179 0)
(0.0723189 -0.0431481 0)
(0.114857 0.0419648 0)
(-0.0483687 0.101321 0)
(-0.190996 0.0464048 0)
(-0.264328 0.0648444 0)
(-0.371788 0.0462745 0)
(-0.427989 0.0325759 0)
(-0.465874 0.021974 0)
(-0.486477 0.0104676 0)
(-0.490325 -0.000150481 0)
(-0.478142 -0.0104195 0)
(-0.450001 -0.0189032 0)
(-0.407515 -0.0263169 0)
(-0.354295 -0.0327501 0)
(-0.294176 -0.0385041 0)
(-0.230259 -0.0431469 0)
(-0.164893 -0.0471966 0)
(-0.0986151 -0.0506158 0)
(-0.0329698 -0.0514847 0)
(0.0281343 -0.0923195 0)
(0.132664 0.0548169 0)
(-0.0474688 0.176525 0)
(-0.205969 0.0800296 0)
(-0.259146 0.111392 0)
(-0.373916 0.0780636 0)
(-0.429095 0.0533529 0)
(-0.468893 0.035427 0)
(-0.492358 0.0167923 0)
(-0.49709 -0.00158985 0)
(-0.484674 -0.0189625 0)
(-0.456841 -0.0340847 0)
(-0.415529 -0.0472143 0)
(-0.36304 -0.0576109 0)
(-0.302225 -0.0654545 0)
(-0.236377 -0.0711291 0)
(-0.168644 -0.0751397 0)
(-0.100398 -0.07845 0)
(-0.0335303 -0.0785793 0)
(-0.0438505 -0.111107 0)
(0.107504 0.0691045 0)
(-0.0822998 0.264282 0)
(-0.240488 0.108755 0)
(-0.261935 0.156969 0)
(-0.389231 0.110083 0)
(-0.440136 0.0738555 0)
(-0.478768 0.0496654 0)
(-0.50252 0.023251 0)
(-0.506866 -0.00305005 0)
(-0.49349 -0.0272144 0)
(-0.464723 -0.0484011 0)
(-0.423005 -0.0667602 0)
(-0.370568 -0.0815719 0)
(-0.30996 -0.0924008 0)
(-0.243906 -0.0999375 0)
(-0.175056 -0.104664 0)
(-0.104705 -0.108434 0)
(-0.0350526 -0.107997 0)
(-0.109977 -0.0860892 0)
(0.0770333 0.0782956 0)
(-0.160746 0.364228 0)
(-0.304264 0.12933 0)
(-0.262176 0.199626 0)
(-0.410389 0.143488 0)
(-0.45576 0.0931249 0)
(-0.491853 0.0640737 0)
(-0.516357 0.0293924 0)
(-0.519924 -0.00472418 0)
(-0.505085 -0.0359765 0)
(-0.474758 -0.0634388 0)
(-0.431463 -0.0870606 0)
(-0.377434 -0.105931 0)
(-0.315581 -0.119652 0)
(-0.248612 -0.129076 0)
(-0.178818 -0.134786 0)
(-0.107263 -0.13929 0)
(-0.0359664 -0.138519 0)
(-0.175432 -0.0666454 0)
(0.0169351 0.0679152 0)
(-0.243727 0.456211 0)
(-0.411234 0.0758015 0)
(-0.2623 0.233675 0)
(-0.436971 0.179268 0)
(-0.476467 0.110575 0)
(-0.507861 0.0781195 0)
(-0.533735 0.0361585 0)
(-0.536483 -0.00688883 0)
(-0.519951 -0.0457624 0)
(-0.487483 -0.0792822 0)
(-0.441947 -0.108201 0)
(-0.38556 -0.131059 0)
(-0.321524 -0.147664 0)
(-0.252751 -0.158656 0)
(-0.181577 -0.165396 0)
(-0.108913 -0.170739 0)
(-0.0365169 -0.169629 0)
(-0.35029 -0.138191 0)
(-0.364979 0.0456912 0)
(-0.484377 0.616055 0)
(-0.552125 0.110381 0)
(-0.222517 0.254213 0)
(-0.46146 0.225728 0)
(-0.499781 0.122479 0)
(-0.522292 0.091808 0)
(-0.551552 0.0450114 0)
(-0.554954 -0.0117595 0)
(-0.536937 -0.0577264 0)
(-0.502741 -0.0963318 0)
(-0.454812 -0.130431 0)
(-0.395455 -0.157326 0)
(-0.32857 -0.17668 0)
(-0.25742 -0.188991 0)
(-0.184484 -0.196519 0)
(-0.110445 -0.202352 0)
(-0.0369594 -0.200952 0)
(-0.622932 0.527587 0)
(-0.814562 0.0877669 0)
(-0.718247 0.709179 0)
(-0.673287 -0.149271 0)
(-0.211359 0.236014 0)
(-0.491723 0.283735 0)
(-0.536591 0.129106 0)
(-0.534473 0.089418 0)
(-0.570927 0.0441031 0)
(-0.573521 -0.0154691 0)
(-0.551411 -0.0665287 0)
(-0.517555 -0.112544 0)
(-0.469513 -0.153666 0)
(-0.407198 -0.184828 0)
(-0.336695 -0.207043 0)
(-0.262627 -0.220758 0)
(-0.187601 -0.228903 0)
(-0.11206 -0.235137 0)
(-0.0374668 -0.233594 0)
(-0.00605854 0.0496874 0)
(0.0363801 -0.15045 0)
(0.09379 -0.273487 0)
(0.151917 -0.299192 0)
(0.202911 -0.26969 0)
(0.246749 -0.226523 0)
(0.287407 -0.190267 0)
(0.328135 -0.164986 0)
(0.369631 -0.147658 0)
(0.410866 -0.133832 0)
(0.450307 -0.119758 0)
(0.486579 -0.102826 0)
(0.518646 -0.0813483 0)
(0.545657 -0.0540159 0)
(0.56655 -0.0193056 0)
(0.580772 0.0244506 0)
(0.587356 0.0744687 0)
(0.585208 0.13088 0)
(0.573166 0.193548 0)
(0.55492 0.260923 0)
(0.518491 0.341858 0)
(0.500537 0.43122 0)
(0.445656 0.638833 0)
(0.0056827 0.0263353 0)
(0.0649252 -0.201519 0)
(0.122635 -0.331686 0)
(0.166488 -0.350611 0)
(0.205415 -0.312651 0)
(0.243744 -0.265717 0)
(0.284075 -0.229916 0)
(0.327409 -0.20623 0)
(0.372537 -0.18942 0)
(0.417371 -0.1743 0)
(0.460046 -0.157264 0)
(0.499273 -0.136212 0)
(0.534434 -0.110151 0)
(0.565662 -0.0788181 0)
(0.59353 -0.0422563 0)
(0.61501 -9.65572e-05 0)
(0.629196 0.0524243 0)
(0.637368 0.114084 0)
(0.636666 0.183504 0)
(0.632474 0.258754 0)
(0.618495 0.345884 0)
(0.619548 0.434663 0)
(0.620515 0.595993 0)
(0.0202186 -0.02369 0)
(0.115578 -0.262635 0)
(0.178009 -0.373666 0)
(0.193573 -0.382478 0)
(0.21156 -0.344591 0)
(0.244692 -0.30292 0)
(0.288142 -0.272708 0)
(0.336895 -0.252537 0)
(0.387406 -0.236663 0)
(0.437208 -0.220228 0)
(0.484596 -0.200098 0)
(0.528329 -0.174471 0)
(0.567311 -0.142189 0)
(0.600129 -0.10233 0)
(0.625539 -0.053985 0)
(0.647104 0.00356294 0)
(0.665148 0.0729046 0)
(0.676558 0.148501 0)
(0.682006 0.226624 0)
(0.685214 0.303204 0)
(0.689606 0.378557 0)
(0.698489 0.450875 0)
(0.723458 0.53537 0)
(0.0434171 -0.120492 0)
(0.199067 -0.348524 0)
(0.267585 -0.404588 0)
(0.238801 -0.395734 0)
(0.226567 -0.374555 0)
(0.255728 -0.353742 0)
(0.305003 -0.335763 0)
(0.360183 -0.320848 0)
(0.416248 -0.307082 0)
(0.471655 -0.291715 0)
(0.526217 -0.272492 0)
(0.580335 -0.248016 0)
(0.633633 -0.216901 0)
(0.687028 -0.177795 0)
(0.738404 -0.129907 0)
(0.785018 -0.0729763 0)
(0.816584 -0.0137946 0)
(0.823733 0.0516992 0)
(0.81413 0.1254 0)
(0.798232 0.206874 0)
(0.783757 0.297101 0)
(0.774879 0.392781 0)
(0.787158 0.479693 0)
(0.0820078 -0.25704 0)
(0.257949 -0.493924 0)
(0.33765 -0.434944 0)
(0.266725 -0.362718 0)
(0.220041 -0.371352 0)
(0.238207 -0.38952 0)
(0.276496 -0.387326 0)
(0.316188 -0.373567 0)
(0.353489 -0.355968 0)
(0.386866 -0.335449 0)
(0.415488 -0.310467 0)
(0.433926 -0.277108 0)
(0.390095 -0.233964 0)
(0.455104 -0.200704 0)
(0.532738 -0.151264 0)
(0.579696 -0.088807 0)
(0.852072 0.0400396 0)
(0.950336 0.139865 0)
(0.969274 0.226426 0)
(0.95643 0.294459 0)
(0.933363 0.350533 0)
(0.909642 0.400386 0)
(0.894989 0.442247 0)
(0.0802502 -0.472319 0)
(0.185405 -0.663782 0)
(0.245379 -0.399796 0)
(0.150238 -0.261555 0)
(0.0982467 -0.309618 0)
(0.0833098 -0.367766 0)
(0.0668674 -0.371942 0)
(0.0511363 -0.353904 0)
(0.0383248 -0.331109 0)
(0.0331907 -0.306415 0)
(0.0485827 -0.275301 0)
(0.0997667 -0.222728 0)
(0.1751 -0.211336 0)
(0.234179 -0.206916 0)
(0.262521 -0.20809 0)
(0.287609 -0.245627 0)
(0.373725 -0.258373 0)
(0.595918 -0.00690756 0)
(0.858062 0.232462 0)
(0.994431 0.352877 0)
(1.00173 0.421319 0)
(0.957848 0.46188 0)
(0.948496 0.489369 0)
(-0.0502732 -0.620486 0)
(-0.135933 -0.371458 0)
(-0.115914 -0.263231 0)
(-0.0413589 -0.314648 0)
(0.0100822 -0.339327 0)
(0.0194997 -0.357205 0)
(0.0103714 -0.357679 0)
(0.00101377 -0.347642 0)
(-0.00142741 -0.340183 0)
(0.00902196 -0.343538 0)
(0.0379703 -0.355723 0)
(0.0858693 -0.361791 0)
(0.141687 -0.34981 0)
(0.186601 -0.300913 0)
(0.196139 -0.252806 0)
(0.221948 -0.29183 0)
(0.368258 -0.403157 0)
(0.572697 -0.388627 0)
(0.827697 -0.202379 0)
(1.10514 0.13837 0)
(1.25385 0.434874 0)
(1.22548 0.579981 0)
(1.11396 0.546819 0)
(-0.0863977 -0.379431 0)
(-0.126139 -0.514131 0)
(-0.0895075 -0.480667 0)
(-0.0324297 -0.39541 0)
(-0.0107307 -0.369755 0)
(0.00540242 -0.367745 0)
(0.0084302 -0.36454 0)
(0.00979475 -0.358135 0)
(0.0146106 -0.358746 0)
(0.0245362 -0.37228 0)
(0.041007 -0.392472 0)
(0.0636709 -0.40239 0)
(0.0860356 -0.38186 0)
(0.117204 -0.303748 0)
(0.121001 -0.253592 0)
(0.200224 -0.430956 0)
(0.331408 -0.587505 0)
(0.439857 -0.566232 0)
(0.593766 -0.420013 0)
(0.81856 -0.141911 0)
(0.996772 0.23697 0)
(1.14157 0.55125 0)
(1.15961 0.633603 0)
(-0.0422867 -0.327534 0)
(-0.0353379 -0.533583 0)
(-0.0312547 -0.457755 0)
(-0.0176871 -0.412006 0)
(-0.00317919 -0.387562 0)
(0.011263 -0.378978 0)
(0.0207216 -0.369992 0)
(0.0277029 -0.360714 0)
(0.033326 -0.359911 0)
(0.0366943 -0.372699 0)
(0.0385512 -0.39414 0)
(0.0397044 -0.408489 0)
(0.0409375 -0.394257 0)
(0.0713767 -0.323061 0)
(0.112574 -0.305219 0)
(0.186317 -0.516052 0)
(0.162385 -0.629511 0)
(0.156791 -0.603017 0)
(0.195127 -0.468182 0)
(0.224819 -0.240203 0)
(0.407884 0.0761736 0)
(0.634951 0.365533 0)
(0.806457 0.536273 0)
(-0.00542253 -0.303904 0)
(-0.0105668 -0.512637 0)
(-0.0146873 -0.463913 0)
(-0.00411334 -0.419177 0)
(0.00743415 -0.400018 0)
(0.0205844 -0.390483 0)
(0.0323646 -0.379359 0)
(0.0430965 -0.36756 0)
(0.051552 -0.363279 0)
(0.0554603 -0.372176 0)
(0.0540764 -0.390651 0)
(0.0480217 -0.406213 0)
(0.0436561 -0.402052 0)
(0.0666549 -0.362836 0)
(0.125447 -0.358141 0)
(0.12804 -0.448393 0)
(0.0850272 -0.567577 0)
(0.0352556 -0.591121 0)
(0.00950335 -0.476727 0)
(0.00960765 -0.284028 0)
(-0.0103166 -0.0413827 0)
(0.13798 0.243681 0)
(0.293361 0.441784 0)
(0.00579546 -0.302717 0)
(0.00260288 -0.514126 0)
(4.82377e-05 -0.468603 0)
(0.00752083 -0.42929 0)
(0.0186959 -0.412689 0)
(0.0310972 -0.40298 0)
(0.0442852 -0.391704 0)
(0.0585095 -0.379191 0)
(0.0722279 -0.371606 0)
(0.0824063 -0.374427 0)
(0.0865165 -0.386516 0)
(0.0848548 -0.400311 0)
(0.0841575 -0.405243 0)
(0.0977312 -0.396341 0)
(0.132977 -0.393743 0)
(0.152937 -0.444983 0)
(0.11427 -0.509428 0)
(0.0272011 -0.52939 0)
(-0.0208942 -0.482969 0)
(0.0389127 -0.332274 0)
(0.0640374 -0.136757 0)
(0.129507 0.0163975 0)
(0.332382 0.10375 0)
(0.00910373 -0.311056 0)
(0.011223 -0.512637 0)
(0.0105136 -0.471823 0)
(0.0177784 -0.437568 0)
(0.0286241 -0.424318 0)
(0.0409857 -0.415979 0)
(0.0550274 -0.406234 0)
(0.0713411 -0.395079 0)
(0.0891306 -0.386494 0)
(0.105568 -0.385052 0)
(0.117506 -0.391637 0)
(0.124391 -0.402335 0)
(0.129253 -0.410912 0)
(0.137377 -0.415208 0)
(0.152192 -0.422223 0)
(0.159661 -0.441523 0)
(0.135843 -0.463445 0)
(0.0795695 -0.463788 0)
(-0.00866568 -0.430979 0)
(-0.0234052 -0.339339 0)
(0.00802094 -0.156051 0)
(0.0648527 0.0156938 0)
(0.143411 0.109884 0)
(0.0100072 -0.322512 0)
(0.0157153 -0.515181 0)
(0.017772 -0.476547 0)
(0.0257318 -0.446546 0)
(0.0367719 -0.435946 0)
(0.0492611 -0.429297 0)
(0.0634206 -0.421705 0)
(0.0799603 -0.413118 0)
(0.0987953 -0.405686 0)
(0.117992 -0.402477 0)
(0.134713 -0.405004 0)
(0.14726 -0.411489 0)
(0.1558 -0.418201 0)
(0.162088 -0.42302 0)
(0.165643 -0.426593 0)
(0.162839 -0.430746 0)
(0.145949 -0.430099 0)
(0.113927 -0.413252 0)
(0.0738271 -0.37892 0)
(0.0267828 -0.313267 0)
(0.0119174 -0.201906 0)
(0.0533191 -0.10201 0)
(0.125636 -0.0330456 0)
(0.00980299 -0.336039 0)
(0.0180355 -0.520429 0)
(0.0228721 -0.482958 0)
(0.0317947 -0.456333 0)
(0.0432643 -0.447873 0)
(0.0559656 -0.442699 0)
(0.0699693 -0.436908 0)
(0.0857194 -0.430637 0)
(0.103361 -0.424942 0)
(0.121896 -0.421452 0)
(0.139251 -0.421271 0)
(0.153395 -0.423656 0)
(0.163496 -0.426408 0)
(0.169653 -0.427593 0)
(0.172 -0.426593 0)
(0.169479 -0.42294 0)
(0.161015 -0.413204 0)
(0.146988 -0.392104 0)
(0.131601 -0.355143 0)
(0.122569 -0.299369 0)
(0.131282 -0.222966 0)
(0.166067 -0.143088 0)
(0.221117 -0.0729605 0)
(0.00928699 -0.350333 0)
(0.0193313 -0.527803 0)
(0.0265063 -0.491003 0)
(0.0364647 -0.466967 0)
(0.0484292 -0.460151 0)
(0.0613873 -0.456131 0)
(0.0753008 -0.45155 0)
(0.0902898 -0.446735 0)
(0.106385 -0.442304 0)
(0.123116 -0.438923 0)
(0.13924 -0.437032 0)
(0.153262 -0.436281 0)
(0.164269 -0.435476 0)
(0.172187 -0.433212 0)
(0.177232 -0.42847 0)
(0.179209 -0.420257 0)
(0.178054 -0.406344 0)
(0.175151 -0.383276 0)
(0.173791 -0.348611 0)
(0.178858 -0.301683 0)
(0.196285 -0.244319 0)
(0.229359 -0.184754 0)
(0.276182 -0.130874 0)
(0.00885412 -0.364855 0)
(0.0201698 -0.537056 0)
(0.0291627 -0.500465 0)
(0.0400655 -0.478394 0)
(0.0525309 -0.472843 0)
(0.0657946 -0.469714 0)
(0.0797851 -0.465939 0)
(0.0944743 -0.46192 0)
(0.109738 -0.458117 0)
(0.125278 -0.454751 0)
(0.140467 -0.451865 0)
(0.154489 -0.449197 0)
(0.166733 -0.446073 0)
(0.17707 -0.441524 0)
(0.185654 -0.434542 0)
(0.192707 -0.423978 0)
(0.198651 -0.40837 0)
(0.204683 -0.38598 0)
(0.213276 -0.355486 0)
(0.227621 -0.316958 0)
(0.250901 -0.272376 0)
(0.284668 -0.225603 0)
(0.328527 -0.180227 0)
(0.00859517 -0.379555 0)
(0.0208078 -0.547743 0)
(0.0311407 -0.511061 0)
(0.0428658 -0.490523 0)
(0.0558161 -0.485967 0)
(0.0694093 -0.48354 0)
(0.0835856 -0.48039 0)
(0.0983112 -0.476888 0)
(0.113429 -0.4734 0)
(0.128704 -0.470009 0)
(0.143819 -0.466627 0)
(0.158387 -0.462985 0)
(0.172085 -0.458598 0)
(0.184798 -0.452766 0)
(0.196675 -0.444669 0)
(0.208069 -0.433388 0)
(0.219609 -0.417874 0)
(0.232346 -0.397092 0)
(0.247933 -0.370459 0)
(0.268345 -0.338281 0)
(0.295536 -0.30204 0)
(0.330368 -0.263963 0)
(0.372832 -0.225807 0)
(0.00850019 -0.394431 0)
(0.0213646 -0.559489 0)
(0.0326417 -0.522545 0)
(0.0450565 -0.503269 0)
(0.0584584 -0.499513 0)
(0.0723851 -0.497646 0)
(0.0867944 -0.49503 0)
(0.10169 -0.491986 0)
(0.116977 -0.48879 0)
(0.132488 -0.485473 0)
(0.148036 -0.481916 0)
(0.163434 -0.477866 0)
(0.178544 -0.472927 0)
(0.193355 -0.466575 0)
(0.20804 -0.458189 0)
(0.222973 -0.447063 0)
(0.238766 -0.432472 0)
(0.256307 -0.413807 0)
(0.276824 -0.390842 0)
(0.301602 -0.363965 0)
(0.331908 -0.334291 0)
(0.368223 -0.303147 0)
(0.410634 -0.271124 0)
(0.00853704 -0.409541 0)
(0.0218838 -0.571984 0)
(0.0337924 -0.534705 0)
(0.046769 -0.516538 0)
(0.0605753 -0.513451 0)
(0.0748264 -0.512045 0)
(0.0894947 -0.509899 0)
(0.104617 -0.507308 0)
(0.120165 -0.504475 0)
(0.136056 -0.501386 0)
(0.152189 -0.497916 0)
(0.168485 -0.493851 0)
(0.184923 -0.48888 0)
(0.201575 -0.482605 0)
(0.21865 -0.474557 0)
(0.236518 -0.464228 0)
(0.25574 -0.451132 0)
(0.277047 -0.434914 0)
(0.301361 -0.415509 0)
(0.329528 -0.39324 0)
(0.362428 -0.368895 0)
(0.400303 -0.343258 0)
(0.443283 -0.316298 0)
(0.00866591 -0.424942 0)
(0.0223665 -0.584969 0)
(0.034666 -0.547366 0)
(0.0480909 -0.530239 0)
(0.0622432 -0.527743 0)
(0.0767929 -0.526738 0)
(0.0917298 -0.525028 0)
(0.107115 -0.522895 0)
(0.122967 -0.520498 0)
(0.13927 -0.517793 0)
(0.156006 -0.514658 0)
(0.173178 -0.510914 0)
(0.190833 -0.506323 0)
(0.209096 -0.500587 0)
(0.228198 -0.493364 0)
(0.248497 -0.484296 0)
(0.270484 -0.473053 0)
(0.294747 -0.459415 0)
(0.321987 -0.443367 0)
(0.352786 -0.425167 0)
(0.387821 -0.405401 0)
(0.427198 -0.3845 0)
(0.471115 -0.362049 0)
(0.00885508 -0.440665 0)
(0.0227969 -0.598244 0)
(0.0352986 -0.560386 0)
(0.0490724 -0.544289 0)
(0.0635043 -0.542336 0)
(0.0783095 -0.541709 0)
(0.0934996 -0.540428 0)
(0.109156 -0.538777 0)
(0.125329 -0.536886 0)
(0.142051 -0.534701 0)
(0.159364 -0.532109 0)
(0.177329 -0.528962 0)
(0.196044 -0.525076 0)
(0.215665 -0.520232 0)
(0.236433 -0.514187 0)
(0.258683 -0.506691 0)
(0.282843 -0.497521 0)
(0.309395 -0.486532 0)
(0.338901 -0.473726 0)
(0.371793 -0.459298 0)
(0.408646 -0.443688 0)
(0.449474 -0.427064 0)
(0.49458 -0.408772 0)
(0.00907588 -0.456717 0)
(0.0231515 -0.611639 0)
(0.0357046 -0.573643 0)
(0.0497387 -0.558607 0)
(0.0643789 -0.557172 0)
(0.0793816 -0.556913 0)
(0.0947834 -0.556077 0)
(0.110682 -0.554947 0)
(0.12715 -0.553634 0)
(0.144258 -0.552083 0)
(0.162082 -0.550197 0)
(0.180723 -0.547857 0)
(0.200312 -0.544921 0)
(0.221027 -0.54123 0)
(0.243114 -0.536617 0)
(0.266885 -0.530913 0)
(0.292719 -0.523966 0)
(0.321028 -0.51568 0)
(0.352287 -0.50605 0)
(0.386845 -0.495226 0)
(0.425234 -0.483543 0)
(0.467407 -0.470977 0)
(0.513824 -0.456731 0)
(0.00929685 -0.473075 0)
(0.0234044 -0.625006 0)
(0.0358917 -0.58704 0)
(0.050102 -0.573109 0)
(0.0648741 -0.572179 0)
(0.0800047 -0.572291 0)
(0.0955564 -0.571922 0)
(0.111636 -0.571358 0)
(0.128338 -0.57069 0)
(0.145754 -0.569869 0)
(0.163989 -0.568817 0)
(0.183166 -0.567439 0)
(0.203433 -0.565632 0)
(0.224986 -0.563284 0)
(0.248069 -0.560283 0)
(0.272976 -0.556524 0)
(0.30005 -0.551908 0)
(0.329662 -0.546367 0)
(0.362235 -0.539892 0)
(0.398081 -0.532602 0)
(0.437718 -0.524765 0)
(0.481083 -0.516211 0)
(0.528827 -0.506081 0)
(0.0094848 -0.489687 0)
(0.0235355 -0.638228 0)
(0.0358746 -0.600494 0)
(0.0501765 -0.587712 0)
(0.0649953 -0.58728 0)
(0.0801744 -0.58777 0)
(0.0957978 -0.587894 0)
(0.111978 -0.587934 0)
(0.128825 -0.587969 0)
(0.146448 -0.587957 0)
(0.164967 -0.587837 0)
(0.184517 -0.587539 0)
(0.205262 -0.58699 0)
(0.227402 -0.586116 0)
(0.251179 -0.584853 0)
(0.276871 -0.583142 0)
(0.304796 -0.580929 0)
(0.3353 -0.578169 0)
(0.368782 -0.574856 0)
(0.405548 -0.571094 0)
(0.446119 -0.56711 0)
(0.49045 -0.562644 0)
(0.539418 -0.556841 0)
(0.00961144 -0.506469 0)
(0.0235406 -0.65122 0)
(0.0356814 -0.613931 0)
(0.0499852 -0.602331 0)
(0.064757 -0.602385 0)
(0.0798961 -0.603262 0)
(0.0954984 -0.603903 0)
(0.111683 -0.604582 0)
(0.128568 -0.605365 0)
(0.146275 -0.60622 0)
(0.164931 -0.607103 0)
(0.184681 -0.607967 0)
(0.205694 -0.608763 0)
(0.228174 -0.609452 0)
(0.252357 -0.610007 0)
(0.278506 -0.61041 0)
(0.30692 -0.610643 0)
(0.337931 -0.61069 0)
(0.371929 -0.610554 0)
(0.40923 -0.610346 0)
(0.450369 -0.610281 0)
(0.495349 -0.610068 0)
(0.545296 -0.608897 0)
(0.00966383 -0.523317 0)
(0.0234366 -0.663941 0)
(0.0353489 -0.627283 0)
(0.0495578 -0.616868 0)
(0.0641829 -0.617395 0)
(0.0791869 -0.61867 0)
(0.0946654 -0.619849 0)
(0.110745 -0.621191 0)
(0.127549 -0.622753 0)
(0.145202 -0.624515 0)
(0.163837 -0.626448 0)
(0.183601 -0.628523 0)
(0.204669 -0.630717 0)
(0.227243 -0.633018 0)
(0.25155 -0.635432 0)
(0.27784 -0.637976 0)
(0.306393 -0.640668 0)
(0.337538 -0.643526 0)
(0.371652 -0.646576 0)
(0.409069 -0.649946 0)
(0.450334 -0.653875 0)
(0.495531 -0.658114 0)
(0.546019 -0.661913 0)
(0.00965517 -0.540135 0)
(0.0232558 -0.676377 0)
(0.0349057 -0.640478 0)
(0.0489187 -0.631221 0)
(0.063296 -0.632207 0)
(0.0780672 -0.633892 0)
(0.0933157 -0.635621 0)
(0.109177 -0.637639 0)
(0.125772 -0.639999 0)
(0.143229 -0.642689 0)
(0.161678 -0.645695 0)
(0.181269 -0.649006 0)
(0.202177 -0.65262 0)
(0.224599 -0.656551 0)
(0.248753 -0.660831 0)
(0.274872 -0.665508 0)
(0.303225 -0.670638 0)
(0.334127 -0.676275 0)
(0.367941 -0.682481 0)
(0.405015 -0.689419 0)
(0.44589 -0.697377 0)
(0.490737 -0.706223 0)
(0.541097 -0.715281 0)
(0.00962557 -0.556866 0)
(0.0230304 -0.688528 0)
(0.0343526 -0.653441 0)
(0.0480737 -0.645294 0)
(0.0621025 -0.646727 0)
(0.0765463 -0.64883 0)
(0.0914627 -0.651114 0)
(0.106995 -0.653811 0)
(0.12326 -0.65697 0)
(0.140379 -0.66059 0)
(0.158484 -0.664672 0)
(0.177722 -0.66922 0)
(0.198264 -0.674251 0)
(0.220301 -0.679799 0)
(0.244036 -0.685921 0)
(0.269689 -0.692692 0)
(0.29751 -0.7002 0)
(0.327799 -0.708539 0)
(0.36089 -0.717819 0)
(0.397133 -0.728244 0)
(0.437046 -0.740178 0)
(0.480864 -0.75367 0)
(0.530211 -0.76813 0)
(0.00962466 -0.573492 0)
(0.022773 -0.700357 0)
(0.0336534 -0.666079 0)
(0.0470019 -0.658998 0)
(0.0605851 -0.660868 0)
(0.0746139 -0.663394 0)
(0.0891054 -0.66623 0)
(0.104209 -0.669598 0)
(0.120032 -0.673545 0)
(0.136692 -0.678082 0)
(0.154314 -0.683221 0)
(0.17304 -0.688983 0)
(0.193038 -0.695401 0)
(0.214483 -0.702527 0)
(0.237566 -0.710437 0)
(0.262486 -0.719229 0)
(0.289478 -0.729017 0)
(0.318812 -0.739935 0)
(0.350784 -0.752142 0)
(0.385728 -0.765888 0)
(0.424109 -0.781625 0)
(0.466186 -0.799621 0)
(0.513525 -0.819398 0)
(0.00968655 -0.590001 0)
(0.0224669 -0.711747 0)
(0.0327445 -0.678264 0)
(0.0456595 -0.672231 0)
(0.0587054 -0.674532 0)
(0.0722384 -0.677483 0)
(0.0862208 -0.680865 0)
(0.100807 -0.68489 0)
(0.116096 -0.689606 0)
(0.132196 -0.695035 0)
(0.149224 -0.701199 0)
(0.167317 -0.708132 0)
(0.186629 -0.715882 0)
(0.207323 -0.724518 0)
(0.229569 -0.734132 0)
(0.253549 -0.744838 0)
(0.279475 -0.756772 0)
(0.307581 -0.770102 0)
(0.338114 -0.785027 0)
(0.371375 -0.801845 0)
(0.407746 -0.821078 0)
(0.447459 -0.843229 0)
(0.491866 -0.867962 0)
(0.00981967 -0.606375 0)
(0.0220747 -0.722506 0)
(0.0315539 -0.689866 0)
(0.043991 -0.684892 0)
(0.0564098 -0.68762 0)
(0.0693666 -0.690995 0)
(0.0827574 -0.694915 0)
(0.0967428 -0.699583 0)
(0.111414 -0.705046 0)
(0.126868 -0.711334 0)
(0.143215 -0.718482 0)
(0.160579 -0.726531 0)
(0.179103 -0.735544 0)
(0.198932 -0.745603 0)
(0.220213 -0.756812 0)
(0.243112 -0.7693 0)
(0.267815 -0.783216 0)
(0.294515 -0.798752 0)
(0.32341 -0.816139 0)
(0.354749 -0.835704 0)
(0.388811 -0.858014 0)
(0.425758 -0.883759 0)
(0.466579 -0.912785 0)
(0.0100179 -0.622635 0)
(0.0215543 -0.732438 0)
(0.0300132 -0.700811 0)
(0.0419358 -0.696933 0)
(0.0536291 -0.700073 0)
(0.0659188 -0.703867 0)
(0.0786233 -0.708318 0)
(0.0919116 -0.713614 0)
(0.105868 -0.719801 0)
(0.120582 -0.726916 0)
(0.136153 -0.735002 0)
(0.152695 -0.744111 0)
(0.170335 -0.754315 0)
(0.189198 -0.765705 0)
(0.209415 -0.778398 0)
(0.231136 -0.792527 0)
(0.254517 -0.808252 0)
(0.279718 -0.825775 0)
(0.306886 -0.845346 0)
(0.336219 -0.867302 0)
(0.36789 -0.892206 0)
(0.401958 -0.920838 0)
(0.438965 -0.95325 0)
(0.0102728 -0.638827 0)
(0.0208678 -0.741351 0)
(0.0280601 -0.711068 0)
(0.0394292 -0.708335 0)
(0.0502753 -0.711859 0)
(0.0617839 -0.716062 0)
(0.0736796 -0.721033 0)
(0.0861423 -0.72694 0)
(0.0992536 -0.733829 0)
(0.113091 -0.74174 0)
(0.127749 -0.750722 0)
(0.143328 -0.760837 0)
(0.159942 -0.772164 0)
(0.177702 -0.784805 0)
(0.196725 -0.798878 0)
(0.217146 -0.814521 0)
(0.2391 -0.8319 0)
(0.262717 -0.851219 0)
(0.288108 -0.87273 0)
(0.315427 -0.896759 0)
(0.344762 -0.923815 0)
(0.376073 -0.954645 0)
(0.409488 -0.989466 0)
(0.0105649 -0.654878 0)
(0.0199795 -0.748933 0)
(0.0256491 -0.720497 0)
(0.0364112 -0.718962 0)
(0.0462589 -0.722825 0)
(0.0568405 -0.727424 0)
(0.0677719 -0.7329 0)
(0.0792424 -0.739396 0)
(0.0913309 -0.746957 0)
(0.104105 -0.755628 0)
(0.117648 -0.765461 0)
(0.132055 -0.776527 0)
(0.147427 -0.78891 0)
(0.163864 -0.802719 0)
(0.181475 -0.818078 0)
(0.200384 -0.835127 0)
(0.220713 -0.854033 0)
(0.242568 -0.874994 0)
(0.266043 -0.898258 0)
(0.291269 -0.924124 0)
(0.318277 -0.953013 0)
(0.346981 -0.985548 0)
(0.377258 -1.02201 0)
(0.0108341 -0.670516 0)
(0.0188513 -0.754726 0)
(0.0227831 -0.728791 0)
(0.0328552 -0.728497 0)
(0.0415413 -0.732641 0)
(0.05103 -0.737614 0)
(0.0608267 -0.743566 0)
(0.0711194 -0.750614 0)
(0.0819816 -0.758802 0)
(0.0934695 -0.76818 0)
(0.105658 -0.778803 0)
(0.118635 -0.790745 0)
(0.13249 -0.8041 0)
(0.147317 -0.818983 0)
(0.163216 -0.835525 0)
(0.180305 -0.853869 0)
(0.198693 -0.874179 0)
(0.218476 -0.896646 0)
(0.239738 -0.921507 0)
(0.262603 -0.949032 0)
(0.287069 -0.979557 0)
(0.313086 -1.01354 0)
(0.34047 -1.05127 0)
(0.0109518 -0.685525 0)
(0.0174415 -0.758457 0)
(0.0195509 -0.735786 0)
(0.0288088 -0.736724 0)
(0.0362054 -0.741085 0)
(0.0444505 -0.746393 0)
(0.0529627 -0.752772 0)
(0.061911 -0.760314 0)
(0.0713605 -0.769064 0)
(0.0813574 -0.77907 0)
(0.0919691 -0.790393 0)
(0.103275 -0.803113 0)
(0.115354 -0.817333 0)
(0.128289 -0.833177 0)
(0.142173 -0.85078 0)
(0.157116 -0.870291 0)
(0.173216 -0.891865 0)
(0.190552 -0.91569 0)
(0.209209 -0.941991 0)
(0.229297 -0.971011 0)
(0.250798 -1.00303 0)
(0.273734 -1.03834 0)
(0.297957 -1.07726 0)
(0.0107276 -0.700121 0)
(0.0157078 -0.760535 0)
(0.0161367 -0.741906 0)
(0.0244116 -0.743975 0)
(0.0304713 -0.748499 0)
(0.0373726 -0.754098 0)
(0.0445046 -0.76085 0)
(0.0520013 -0.76882 0)
(0.0599178 -0.778052 0)
(0.0682922 -0.788599 0)
(0.0771838 -0.800525 0)
(0.0866627 -0.813922 0)
(0.0967969 -0.828897 0)
(0.107655 -0.845583 0)
(0.119321 -0.864121 0)
(0.131894 -0.884659 0)
(0.14545 -0.90735 0)
(0.160052 -0.932374 0)
(0.175777 -0.959948 0)
(0.192711 -0.990293 0)
(0.210836 -1.02364 0)
(0.230211 -1.06021 0)
(0.250711 -1.10029 0)
(0.00996268 -0.714556 0)
(0.0136105 -0.761795 0)
(0.0127657 -0.747819 0)
(0.0198436 -0.750812 0)
(0.0246037 -0.755481 0)
(0.0301246 -0.761337 0)
(0.0358481 -0.768412 0)
(0.0418634 -0.776746 0)
(0.0482111 -0.786386 0)
(0.054923 -0.797392 0)
(0.0620536 -0.809842 0)
(0.0696651 -0.823826 0)
(0.0778113 -0.839456 0)
(0.0865453 -0.856867 0)
(0.0959398 -0.87621 0)
(0.106074 -0.897631 0)
(0.117001 -0.921276 0)
(0.128764 -0.94732 0)
(0.141429 -0.97597 0)
(0.155049 -1.00743 0)
(0.16961 -1.04191 0)
(0.185165 -1.07957 0)
(0.201594 -1.12069 0)
(0.00852755 -0.726841 0)
(0.0111169 -0.761209 0)
(0.00960194 -0.752089 0)
(0.0152369 -0.755728 0)
(0.018788 -0.760538 0)
(0.0229473 -0.766599 0)
(0.0272837 -0.773919 0)
(0.0318418 -0.782526 0)
(0.0366473 -0.792472 0)
(0.0417303 -0.803829 0)
(0.047141 -0.816681 0)
(0.0529306 -0.831117 0)
(0.0591365 -0.847245 0)
(0.0657979 -0.865208 0)
(0.0729725 -0.88516 0)
(0.0807174 -0.907241 0)
(0.0890663 -0.931593 0)
(0.0980509 -0.958388 0)
(0.107718 -0.987821 0)
(0.118095 -1.02008 0)
(0.129167 -1.05535 0)
(0.140954 -1.0938 0)
(0.153364 -1.13566 0)
(0.00647466 -0.732585 0)
(0.00826646 -0.755539 0)
(0.00669661 -0.750913 0)
(0.0106852 -0.754899 0)
(0.0131355 -0.759828 0)
(0.0159976 -0.766013 0)
(0.0189983 -0.773467 0)
(0.0221541 -0.782222 0)
(0.0254867 -0.792335 0)
(0.0290238 -0.803886 0)
(0.0327999 -0.816963 0)
(0.0368463 -0.831657 0)
(0.0411911 -0.848078 0)
(0.0458674 -0.866367 0)
(0.0509143 -0.886677 0)
(0.0563648 -0.909149 0)
(0.0622407 -0.933924 0)
(0.0685698 -0.961174 0)
(0.0753803 -0.991083 0)
(0.0826844 -1.02383 0)
(0.0904623 -1.05959 0)
(0.0987016 -1.09852 0)
(0.107311 -1.14082 0)
(0.00408919 -0.73538 0)
(0.00521763 -0.749526 0)
(0.00401188 -0.748496 0)
(0.00632006 -0.752626 0)
(0.00777053 -0.757675 0)
(0.00944121 -0.763955 0)
(0.0111976 -0.771508 0)
(0.0130464 -0.780374 0)
(0.0150072 -0.790613 0)
(0.0170992 -0.80231 0)
(0.0193353 -0.815558 0)
(0.0217298 -0.830452 0)
(0.0243054 -0.847105 0)
(0.0270882 -0.865653 0)
(0.0300965 -0.886246 0)
(0.0333431 -0.909031 0)
(0.0368454 -0.934153 0)
(0.0406248 -0.961779 0)
(0.0446892 -0.992089 0)
(0.0490334 -1.02525 0)
(0.0536485 -1.06143 0)
(0.0585184 -1.10075 0)
(0.0635483 -1.14338 0)
(0.00154795 -0.747741 0)
(0.00195855 -0.756914 0)
(0.00138738 -0.75803 0)
(0.00214765 -0.762245 0)
(0.00264671 -0.767433 0)
(0.0032146 -0.773844 0)
(0.00381232 -0.781536 0)
(0.00444092 -0.790566 0)
(0.00510614 -0.800998 0)
(0.00581407 -0.81291 0)
(0.00656921 -0.82639 0)
(0.00737748 -0.841539 0)
(0.00824776 -0.858472 0)
(0.00918812 -0.877326 0)
(0.0102024 -0.898241 0)
(0.0112928 -0.921359 0)
(0.0124652 -0.946829 0)
(0.0137256 -0.974811 0)
(0.0150764 -1.00547 0)
(0.0165146 -1.03895 0)
(0.0180319 -1.07541 0)
(0.0196165 -1.11497 0)
(0.0212373 -1.15772 0)
(0.329814 0.562637 0)
(-0.0207819 0.372486 0)
(-0.266965 0.16607 0)
(-0.480494 0.159158 0)
(0.66337 0.732747 0)
(0.585414 0.751937 0)
(0.460869 0.684407 0)
(0.34188 0.644444 0)
(0.780914 0.627825 0)
(0.835453 0.698062 0)
(0.869214 0.740065 0)
(0.873824 0.760922 0)
(0.816918 0.538466 0)
(0.857804 0.577094 0)
(0.909841 0.614153 0)
(0.962395 0.646156 0)
(0.894152 0.467394 0)
(0.903096 0.481467 0)
(0.921643 0.494738 0)
(0.94767 0.508665 0)
(0.947568 0.50137 0)
(0.949183 0.504991 0)
(0.954698 0.5027 0)
(0.96343 0.496827 0)
(1.04342 0.523426 0)
(1.00847 0.520103 0)
(0.990342 0.5166 0)
(0.958915 0.512218 0)
(1.12834 0.637179 0)
(1.09085 0.619259 0)
(1.05545 0.593496 0)
(1.0262 0.574085 0)
(0.892735 0.608259 0)
(0.922137 0.623511 0)
(0.938014 0.619603 0)
(0.947248 0.603853 0)
(0.416164 0.538064 0)
(0.499387 0.574641 0)
(0.580036 0.59487 0)
(0.654952 0.607744 0)
(0.454988 0.171487 0)
(0.532149 0.212858 0)
(0.613946 0.243971 0)
(0.695777 0.262796 0)
(0.222838 0.176762 0)
(0.277755 0.212027 0)
(0.332182 0.23643 0)
(0.385897 0.245619 0)
(0.186128 0.015909 0)
(0.22698 0.0461692 0)
(0.268624 0.0744178 0)
(0.311038 0.0989386 0)
(0.267412 -0.0273219 0)
(0.297639 -0.00173319 0)
(0.328872 0.0207439 0)
(0.361607 0.0405163 0)
(0.316629 -0.0947973 0)
(0.344442 -0.0733129 0)
(0.373384 -0.0528885 0)
(0.403521 -0.033549 0)
(0.366019 -0.148699 0)
(0.391653 -0.129356 0)
(0.418185 -0.110667 0)
(0.445644 -0.0926857 0)
(0.408464 -0.199039 0)
(0.432649 -0.182284 0)
(0.45771 -0.165742 0)
(0.483739 -0.149557 0)
(0.445641 -0.248373 0)
(0.469249 -0.233772 0)
(0.493672 -0.219033 0)
(0.519019 -0.204431 0)
(0.478286 -0.296978 0)
(0.501744 -0.284312 0)
(0.525958 -0.271296 0)
(0.551076 -0.258276 0)
(0.506542 -0.345869 0)
(0.5302 -0.335022 0)
(0.554569 -0.323658 0)
(0.579845 -0.312151 0)
(0.530734 -0.395533 0)
(0.554847 -0.386417 0)
(0.579638 -0.376652 0)
(0.605353 -0.366574 0)
(0.550901 -0.446403 0)
(0.575652 -0.439016 0)
(0.601105 -0.430876 0)
(0.627497 -0.4222 0)
(0.56693 -0.498754 0)
(0.59242 -0.493172 0)
(0.618712 -0.486743 0)
(0.645913 -0.479542 0)
(0.578532 -0.552702 0)
(0.60478 -0.549075 0)
(0.632014 -0.544519 0)
(0.66003 -0.53902 0)
(0.585259 -0.608208 0)
(0.612192 -0.60676 0)
(0.640354 -0.604338 0)
(0.669174 -0.600985 0)
(0.586486 -0.664989 0)
(0.613927 -0.666021 0)
(0.642835 -0.666141 0)
(0.672409 -0.665603 0)
(0.581498 -0.722437 0)
(0.609114 -0.726279 0)
(0.638354 -0.729452 0)
(0.668513 -0.732507 0)
(0.56978 -0.779588 0)
(0.597045 -0.786507 0)
(0.625976 -0.793202 0)
(0.656291 -0.80053 0)
(0.551381 -0.83519 0)
(0.577627 -0.845312 0)
(0.605488 -0.855822 0)
(0.635177 -0.867831 0)
(0.527161 -0.887879 0)
(0.551708 -0.901166 0)
(0.577774 -0.915519 0)
(0.60581 -0.932252 0)
(0.498674 -0.936381 0)
(0.520988 -0.952592 0)
(0.544663 -0.970491 0)
(0.57005 -0.991517 0)
(0.467597 -0.979825 0)
(0.487399 -0.998449 0)
(0.50828 -1.01916 0)
(0.530285 -1.04342 0)
(0.434858 -1.01815 0)
(0.452223 -1.03843 0)
(0.470276 -1.06085 0)
(0.488751 -1.08673 0)
(0.3999 -1.05204 0)
(0.415222 -1.07324 0)
(0.43088 -1.09626 0)
(0.446444 -1.12222 0)
(0.36083 -1.08224 0)
(0.374517 -1.10388 0)
(0.388336 -1.12691 0)
(0.40191 -1.15215 0)
(0.316037 -1.10904 0)
(0.328192 -1.13097 0)
(0.340409 -1.1539 0)
(0.352461 -1.17842 0)
(0.26611 -1.1328 0)
(0.276495 -1.15498 0)
(0.286942 -1.17797 0)
(0.297309 -1.20212 0)
(0.213945 -1.15378 0)
(0.222217 -1.17616 0)
(0.230557 -1.19928 0)
(0.238864 -1.22334 0)
(0.162658 -1.16918 0)
(0.168767 -1.19165 0)
(0.174876 -1.21481 0)
(0.180984 -1.2388 0)
(0.113734 -1.17461 0)
(0.11794 -1.19711 0)
(0.122103 -1.22026 0)
(0.126263 -1.24413 0)
(0.0673036 -1.17731 0)
(0.069802 -1.19981 0)
(0.0722665 -1.22297 0)
(0.0747284 -1.24683 0)
(0.0224312 -1.19164 0)
(0.0232176 -1.21405 0)
(0.0239906 -1.23713 0)
(0.0247568 -1.26089 0)
(-0.665548 0.0983338 0)
(-0.327827 -0.352489 0)
(-0.714787 0.992821 0)
(-0.535479 -0.630609 0)
(-0.400142 0.291549 0)
(-0.610679 0.459941 0)
(-0.705182 0.174606 0)
(-0.619506 0.172088 0)
(-0.638928 0.108345 0)
(-0.637653 -0.00412225 0)
(-0.595392 -0.0715133 0)
(-0.546626 -0.133531 0)
(-0.492403 -0.190724 0)
(-0.425471 -0.231381 0)
(-0.349138 -0.257467 0)
(-0.269572 -0.272248 0)
(-0.191053 -0.280711 0)
(-0.113606 -0.287246 0)
(-0.0379276 -0.285282 0)
(0.228231 0.489483 0)
(-0.0417053 0.180879 0)
(-0.731663 0.84251 0)
(-0.140461 0.0430888 0)
(-1.78305 -0.178063 0)
(-0.466652 0.486559 0)
(-0.849773 -0.0111986 0)
(-0.749981 -0.0146928 0)
(-0.859834 0.0613111 0)
(-0.832362 -0.0592344 0)
(-0.749499 -0.145752 0)
(-0.655281 -0.179131 0)
(-0.547465 -0.239758 0)
(-0.456198 -0.298029 0)
(-0.370319 -0.333984 0)
(-0.282732 -0.34754 0)
(-0.198269 -0.354174 0)
(-0.117141 -0.360437 0)
(-0.0390695 -0.356269 0)
(0.876922 0.725921 0)
(0.698156 0.613893 0)
(0.49821 0.657773 0)
(0.660872 0.430831 0)
(0.140375 0.270935 0)
(-0.416831 0.518081 0)
(-0.264558 0.267638 0)
(-0.927008 0.208688 0)
(-0.690271 -0.046544 0)
(-0.680397 -0.251728 0)
(-0.826741 -0.210243 0)
(-0.843822 -0.316797 0)
(-0.707233 -0.378996 0)
(-0.521396 -0.383609 0)
(-0.388491 -0.419044 0)
(-0.292018 -0.429581 0)
(-0.205288 -0.432148 0)
(-0.120264 -0.43564 0)
(-0.0393095 -0.42977 0)
(1.04827 0.679962 0)
(1.07992 0.695476 0)
(1.13126 0.698077 0)
(1.16019 0.638224 0)
(1.08219 0.547527 0)
(0.930121 0.51122 0)
(0.922578 0.413986 0)
(0.737858 0.282488 0)
(0.444089 0.286376 0)
(-0.118834 0.270998 0)
(-0.619101 0.0441829 0)
(-0.620456 -0.39988 0)
(-0.85402 -0.618901 0)
(-0.691383 -0.648737 0)
(-0.437006 -0.53902 0)
(-0.285582 -0.508968 0)
(-0.20584 -0.511011 0)
(-0.121977 -0.512729 0)
(-0.0397813 -0.505421 0)
(1.00997 0.540243 0)
(1.10279 0.578443 0)
(1.21198 0.615387 0)
(1.28448 0.609275 0)
(1.33553 0.593751 0)
(1.36963 0.598197 0)
(1.37767 0.583997 0)
(1.32183 0.545418 0)
(1.18881 0.496298 0)
(1.07532 0.383845 0)
(0.927633 0.24086 0)
(0.574644 0.181064 0)
(-0.141866 -0.235255 0)
(-0.609257 -0.830541 0)
(-0.578225 -0.816855 0)
(-0.296729 -0.605671 0)
(-0.194345 -0.573253 0)
(-0.121819 -0.58956 0)
(-0.0397319 -0.582153 0)
(0.992256 0.484404 0)
(1.05112 0.469082 0)
(1.11938 0.468689 0)
(1.18609 0.461829 0)
(1.26096 0.444967 0)
(1.34855 0.461912 0)
(1.42522 0.493951 0)
(1.46251 0.533755 0)
(1.45859 0.572217 0)
(1.43396 0.582757 0)
(1.35497 0.536461 0)
(1.19852 0.408568 0)
(0.960079 0.23617 0)
(0.401386 -0.0338699 0)
(-0.519074 -0.944972 0)
(-0.4696 -0.828597 0)
(-0.210005 -0.663901 0)
(-0.121422 -0.659788 0)
(-0.0388834 -0.661532 0)
(0.956547 0.493975 0)
(1.00138 0.471999 0)
(1.05341 0.472775 0)
(1.10175 0.462381 0)
(1.16307 0.422198 0)
(1.24998 0.408244 0)
(1.33998 0.43626 0)
(1.39227 0.47544 0)
(1.43297 0.471502 0)
(1.48466 0.478119 0)
(1.47831 0.540864 0)
(1.39083 0.583049 0)
(1.27852 0.508644 0)
(1.04871 0.331077 0)
(0.608591 0.0377051 0)
(-0.586149 -0.902791 0)
(-0.400412 -0.879375 0)
(-0.12765 -0.787837 0)
(-0.035037 -0.743992 0)
(0.974205 0.513147 0)
(0.92476 0.463726 0)
(0.904854 0.474736 0)
(0.909956 0.476465 0)
(0.922155 0.427189 0)
(1.01266 0.400903 0)
(1.14603 0.446567 0)
(1.25832 0.518466 0)
(1.36137 0.487694 0)
(1.4562 0.503168 0)
(1.44656 0.573768 0)
(1.42616 0.596246 0)
(1.35863 0.624309 0)
(1.26719 0.565838 0)
(1.06041 0.389251 0)
(0.640436 0.0218513 0)
(-0.514972 -0.932478 0)
(-0.247046 -1.04817 0)
(-0.00249357 -0.837311 0)
(0.925826 0.567319 0)
(0.889601 0.522043 0)
(0.903684 0.487179 0)
(0.988022 0.425457 0)
(1.19513 0.280826 0)
(1.44855 0.156491 0)
(1.61114 0.18096 0)
(1.65392 0.355217 0)
(1.57605 0.427215 0)
(1.41249 0.490132 0)
(1.36137 0.64149 0)
(1.25689 0.651432 0)
(1.28304 0.630457 0)
(1.3003 0.67236 0)
(1.24884 0.601282 0)
(1.06323 0.379556 0)
(0.629099 -0.100939 0)
(-0.325384 -1.11894 0)
(0.0353672 -0.97741 0)
(0.747614 0.579598 0)
(0.970579 0.423626 0)
(1.16703 0.282039 0)
(1.30002 0.167105 0)
(1.37589 0.0555166 0)
(1.31539 0.0615191 0)
(1.24105 0.222129 0)
(1.26062 0.455866 0)
(1.29124 0.592746 0)
(1.15578 0.694428 0)
(1.0032 0.842488 0)
(1.03701 0.776216 0)
(0.868017 0.602818 0)
(1.16647 0.592999 0)
(1.249 0.678794 0)
(1.19808 0.565555 0)
(0.987067 0.326822 0)
(0.202705 -0.66169 0)
(-0.0650545 -1.09541 0)
(0.836576 0.240099 0)
(0.973308 0.206637 0)
(0.966839 0.23861 0)
(0.909696 0.250549 0)
(0.825967 0.226125 0)
(0.731629 0.225976 0)
(0.708253 0.255614 0)
(0.78805 0.363624 0)
(0.940368 0.550035 0)
(1.0234 0.77331 0)
(0.955598 0.893585 0)
(0.827876 0.826753 0)
(0.507852 0.706192 0)
(0.809181 0.325951 0)
(1.15228 0.581401 0)
(1.16304 0.63717 0)
(1.0746 0.487903 0)
(0.818529 0.231597 0)
(-0.00109079 -1.01977 0)
(0.466788 0.245973 0)
(0.529834 0.265403 0)
(0.561247 0.297722 0)
(0.609951 0.285134 0)
(0.638659 0.243264 0)
(0.646243 0.209163 0)
(0.649242 0.197787 0)
(0.671088 0.239118 0)
(0.754591 0.381307 0)
(0.911991 0.63094 0)
(1.05159 0.888649 0)
(1.07863 1.00051 0)
(0.822291 0.786022 0)
(0.504635 0.10377 0)
(1.01105 0.395072 0)
(1.06393 0.638903 0)
(1.0454 0.553228 0)
(0.909041 0.433962 0)
(0.528267 -0.36765 0)
(0.373709 0.131277 0)
(0.453049 0.167259 0)
(0.532623 0.194418 0)
(0.607465 0.200977 0)
(0.662314 0.192956 0)
(0.700142 0.187259 0)
(0.732202 0.194602 0)
(0.762536 0.227485 0)
(0.800652 0.309986 0)
(0.890512 0.483791 0)
(1.04726 0.751706 0)
(1.21865 1.00981 0)
(1.24015 0.983129 0)
(0.68329 0.363782 0)
(0.808013 0.204364 0)
(0.956581 0.570646 0)
(0.962807 0.580218 0)
(0.849301 0.563394 0)
(0.612915 0.304218 0)
(0.415903 0.0682965 0)
(0.492291 0.103734 0)
(0.56547 0.135534 0)
(0.630595 0.15471 0)
(0.68449 0.157186 0)
(0.733935 0.15064 0)
(0.788017 0.15237 0)
(0.846275 0.183333 0)
(0.904211 0.259686 0)
(0.969099 0.399591 0)
(1.06361 0.619178 0)
(1.19905 0.897108 0)
(1.35231 1.04612 0)
(0.935839 0.733253 0)
(0.612202 0.266756 0)
(0.865155 0.519618 0)
(0.858309 0.587343 0)
(0.731794 0.669149 0)
(0.555598 0.839863 0)
(0.453775 -0.00350737 0)
(0.525247 0.0353882 0)
(0.593741 0.0721053 0)
(0.656796 0.0979183 0)
(0.716238 0.103662 0)
(0.77913 0.094074 0)
(0.849981 0.0916957 0)
(0.923675 0.123046 0)
(0.992682 0.201453 0)
(1.05306 0.335634 0)
(1.11603 0.535687 0)
(1.18232 0.803426 0)
(1.31143 1.05261 0)
(1.13667 1.00534 0)
(0.573486 0.458538 0)
(0.804657 0.502183 0)
(0.785868 0.602213 0)
(0.620681 0.771885 0)
(0.462493 1.37363 0)
(0.491828 -0.0639037 0)
(0.559137 -0.0247294 0)
(0.625215 0.0141151 0)
(0.689024 0.0420028 0)
(0.754289 0.0455378 0)
(0.827159 0.0290379 0)
(0.908362 0.0211594 0)
(0.988962 0.055228 0)
(1.05844 0.144165 0)
(1.11039 0.286856 0)
(1.15359 0.487472 0)
(1.18906 0.752621 0)
(1.25773 1.0555 0)
(1.25003 1.19731 0)
(0.605534 0.828631 0)
(0.745217 0.517815 0)
(0.760182 0.627917 0)
(0.567286 0.875171 0)
(0.383992 1.83772 0)
(0.527704 -0.122468 0)
(0.592486 -0.0840657 0)
(0.657699 -0.0450392 0)
(0.723387 -0.0183764 0)
(0.794015 -0.0205572 0)
(0.874713 -0.0448276 0)
(0.962011 -0.0550208 0)
(1.04302 -0.0130101 0)
(1.10617 0.0930989 0)
(1.15045 0.251459 0)
(1.18151 0.458551 0)
(1.20357 0.724636 0)
(1.22542 1.04935 0)
(1.29001 1.32452 0)
(0.665099 1.18516 0)
(0.686351 0.590862 0)
(0.784753 0.650563 0)
(0.568171 0.986677 0)
(0.33867 2.25874 0)
(0.56181 -0.179079 0)
(0.625299 -0.142211 0)
(0.690576 -0.104482 0)
(0.758319 -0.081276 0)
(0.832956 -0.0912345 0)
(0.918513 -0.123259 0)
(1.00806 -0.131795 0)
(1.08485 -0.0766862 0)
(1.13957 0.046421 0)
(1.17843 0.219048 0)
(1.20837 0.435525 0)
(1.22757 0.708512 0)
(1.22391 1.04674 0)
(1.27344 1.42439 0)
(0.759269 1.48677 0)
(0.699348 0.732065 0)
(0.8799 0.665065 0)
(0.632322 1.09872 0)
(0.350387 2.68104 0)
(0.59346 -0.234757 0)
(0.656617 -0.200225 0)
(0.722729 -0.165221 0)
(0.792751 -0.146851 0)
(0.870029 -0.165159 0)
(0.956949 -0.203496 0)
(1.04435 -0.205722 0)
(1.1128 -0.132348 0)
(1.15617 0.00705992 0)
(1.19045 0.187487 0)
(1.22662 0.409297 0)
(1.24949 0.696991 0)
(1.23552 1.06356 0)
(1.21767 1.52374 0)
(0.857258 1.6974 0)
(0.842842 0.892512 0)
(1.04868 0.684721 0)
(0.780094 1.2106 0)
(0.431738 3.1895 0)
(0.622405 -0.290423 0)
(0.686055 -0.258768 0)
(0.753764 -0.227524 0)
(0.826137 -0.214324 0)
(0.90464 -0.23983 0)
(0.990031 -0.28167 0)
(1.07165 -0.272885 0)
(1.12811 -0.1769 0)
(1.15617 -0.0244528 0)
(1.18309 0.154228 0)
(1.22176 0.38037 0)
(1.24694 0.691846 0)
(1.23046 1.10323 0)
(1.15216 1.61779 0)
(1.03853 1.74705 0)
(1.12779 0.972022 0)
(1.27889 0.726747 0)
(1.02306 1.36288 0)
(0.564306 3.91704 0)
(0.64851 -0.346664 0)
(0.713669 -0.318619 0)
(0.783817 -0.291692 0)
(0.858284 -0.282674 0)
(0.937467 -0.312963 0)
(1.02073 -0.354978 0)
(1.0946 -0.330507 0)
(1.13603 -0.207211 0)
(1.14394 -0.0432108 0)
(1.15533 0.124426 0)
(1.18659 0.34957 0)
(1.20513 0.688301 0)
(1.18008 1.14875 0)
(1.11425 1.64926 0)
(1.33501 1.59972 0)
(1.47265 1.01616 0)
(1.56113 0.770475 0)
(1.3674 1.57077 0)
(0.826964 4.48761 0)
(0.671731 -0.404417 0)
(0.739567 -0.380959 0)
(0.812839 -0.358216 0)
(0.889576 -0.352362 0)
(0.970906 -0.385335 0)
(1.05327 -0.422935 0)
(1.11816 -0.375239 0)
(1.14096 -0.218526 0)
(1.12396 -0.040429 0)
(1.10752 0.113567 0)
(1.1093 0.344589 0)
(1.10107 0.711102 0)
(1.0806 1.17482 0)
(1.19395 1.51775 0)
(1.73616 1.25188 0)
(1.74897 0.959655 0)
(1.93105 0.723117 0)
(1.76822 1.75394 0)
(1.15798 5.51869 0)
(0.691874 -0.464557 0)
(0.763187 -0.446529 0)
(0.840295 -0.427685 0)
(0.921096 -0.425348 0)
(1.0067 -0.459457 0)
(1.08975 -0.486108 0)
(1.14809 -0.404919 0)
(1.15216 -0.204588 0)
(1.10856 -0.00639326 0)
(1.05865 0.140487 0)
(1.01936 0.373045 0)
(0.978943 0.744091 0)
(1.05231 1.08973 0)
(1.46482 1.1083 0)
(1.89624 0.912985 0)
(1.72814 0.955124 0)
(2.48322 0.330814 0)
(1.44044 2.9643 0)
(0.76641 7.42889 0)
(0.708394 -0.527662 0)
(0.783471 -0.51576 0)
(0.865861 -0.501671 0)
(0.953711 -0.503443 0)
(1.04581 -0.537373 0)
(1.13493 -0.548496 0)
(1.19364 -0.426024 0)
(1.19075 -0.168699 0)
(1.13892 0.0544429 0)
(1.07633 0.201803 0)
(1.01386 0.421169 0)
(1.02901 0.699198 0)
(1.35083 0.766139 0)
(1.6742 0.672802 0)
(1.70052 0.890618 0)
(1.66934 0.840958 0)
(2.42151 -0.0543611 0)
(-0.67634 6.14966 0)
(-0.163545 7.37452 0)
(0.720438 -0.594252 0)
(0.799506 -0.589747 0)
(0.889316 -0.582553 0)
(0.985841 -0.588409 0)
(1.08914 -0.623404 0)
(1.19556 -0.618838 0)
(1.26508 -0.456868 0)
(1.28034 -0.141816 0)
(1.25615 0.11325 0)
(1.23317 0.254775 0)
(1.249 0.441942 0)
(1.46407 0.50581 0)
(1.78009 0.304616 0)
(1.59446 0.816723 0)
(1.4803 0.968391 0)
(1.59829 0.574687 0)
(0.839226 1.92611 0)
(-2.07578 6.75549 0)
(-0.86466 5.35051 0)
(0.726564 -0.664877 0)
(0.810136 -0.670289 0)
(0.909033 -0.671963 0)
(1.01391 -0.684008 0)
(1.13731 -0.727038 0)
(1.26818 -0.706925 0)
(1.35792 -0.510008 0)
(1.41776 -0.158212 0)
(1.4601 0.122722 0)
(1.5458 0.228426 0)
(1.80329 0.298306 0)
(2.21393 0.133506 0)
(1.76179 0.678589 0)
(1.44953 1.02551 0)
(1.34859 1.03223 0)
(1.41681 0.778842 0)
(0.22606 3.5515 0)
(-2.0526 7.04515 0)
(-0.845966 3.49708 0)
(0.72469 -0.739498 0)
(0.813297 -0.757914 0)
(0.91996 -0.7702 0)
(1.03425 -0.796004 0)
(1.18685 -0.855278 0)
(1.33437 -0.817755 0)
(1.45784 -0.594916 0)
(1.58796 -0.223737 0)
(1.76743 0.0304097 0)
(2.04796 -0.078588 0)
(2.42642 -0.226431 0)
(1.88623 0.528259 0)
(1.48236 1.04299 0)
(1.3347 1.16187 0)
(1.29562 1.09533 0)
(1.31622 1.0659 0)
(0.439619 4.51165 0)
(-1.01622 7.90275 0)
(-0.336497 2.82602 0)
(0.712666 -0.81684 0)
(0.805899 -0.849987 0)
(0.914217 -0.876798 0)
(1.0437 -0.927615 0)
(1.22502 -1.01112 0)
(1.37696 -0.960873 0)
(1.57338 -0.737848 0)
(1.81093 -0.353252 0)
(2.14902 -0.242328 0)
(2.34579 -0.478441 0)
(1.69996 0.358114 0)
(1.33712 0.923029 0)
(1.21681 1.16623 0)
(1.21217 1.20447 0)
(1.25101 1.14779 0)
(1.23045 1.4237 0)
(0.534639 5.28686 0)
(-0.336798 8.53883 0)
(0.10167 2.50258 0)
(0.689486 -0.89421 0)
(0.784215 -0.941549 0)
(0.884909 -0.988508 0)
(1.03474 -1.07297 0)
(1.2214 -1.19529 0)
(1.38969 -1.16702 0)
(1.73614 -0.987093 0)
(2.03914 -0.573417 0)
(2.24522 -0.41331 0)
(1.46284 0.266486 0)
(1.09625 0.802167 0)
(0.989253 1.04694 0)
(1.04239 1.14659 0)
(1.13586 1.16427 0)
(1.21837 1.19187 0)
(1.01263 2.27987 0)
(0.419012 5.88402 0)
(-0.141812 8.88269 0)
(0.164333 2.32017 0)
(0.656046 -0.968031 0)
(0.746377 -1.02762 0)
(0.831284 -1.09718 0)
(0.992072 -1.21536 0)
(1.13834 -1.39093 0)
(1.3627 -1.42019 0)
(1.84479 -1.29413 0)
(1.85608 -0.805407 0)
(1.56565 -0.264979 0)
(0.905636 0.685791 0)
(0.756316 0.94981 0)
(0.83656 1.01269 0)
(1.00736 1.04374 0)
(1.16617 1.04855 0)
(1.29973 1.15662 0)
(1.02939 2.43691 0)
(0.23088 6.29986 0)
(-0.0634606 9.04289 0)
(0.080554 2.27252 0)
(0.614825 -1.03475 0)
(0.695092 -1.10429 0)
(0.760799 -1.19501 0)
(0.91219 -1.33921 0)
(0.984396 -1.56415 0)
(1.27452 -1.61196 0)
(1.52512 -1.42414 0)
(1.26041 -0.626497 0)
(0.834364 0.58306 0)
(0.579509 0.954411 0)
(0.617121 0.892757 0)
(0.8231 0.817352 0)
(1.13014 0.750568 0)
(1.42366 0.846159 0)
(1.39898 1.24141 0)
(1.09551 2.72861 0)
(0.0209336 6.74242 0)
(-0.0423015 9.16473 0)
(-0.01666 2.21566 0)
(0.56877 -1.09118 0)
(0.634737 -1.16793 0)
(0.682641 -1.27667 0)
(0.813 -1.4391 0)
(0.831574 -1.71549 0)
(1.07621 -1.7311 0)
(0.773405 -1.15962 0)
(0.660456 -0.0577933 0)
(0.700314 0.750525 0)
(0.858549 0.869952 0)
(1.02378 0.448122 0)
(1.37156 0.313877 0)
(1.68984 0.482757 0)
(1.6942 0.932115 0)
(1.47993 1.54649 0)
(1.0486 3.42084 0)
(-0.229749 7.30033 0)
(-0.13038 9.19972 0)
(-0.0782948 2.11419 0)
(0.520805 -1.13547 0)
(0.569616 -1.21518 0)
(0.602528 -1.33236 0)
(0.694586 -1.50523 0)
(0.687411 -1.84424 0)
(0.863235 -1.87844 0)
(1.17721 -1.21171 0)
(1.5794 -0.752004 0)
(1.20505 0.44006 0)
(1.36879 0.774094 0)
(1.05453 0.39203 0)
(1.28364 0.199706 0)
(1.48502 0.51307 0)
(1.4837 1.06392 0)
(1.29091 1.88724 0)
(0.764713 4.26335 0)
(-0.493831 7.87744 0)
(-0.302773 9.06357 0)
(-0.0539732 1.96041 0)
(0.473049 -1.16904 0)
(0.507163 -1.24665 0)
(0.530302 -1.35614 0)
(0.562022 -1.52479 0)
(0.514233 -1.88202 0)
(0.550187 -1.9523 0)
(0.917043 -1.55676 0)
(0.971272 -0.837645 0)
(0.861658 0.66879 0)
(0.79964 1.23494 0)
(0.424094 0.29719 0)
(0.738596 -0.0882134 0)
(0.950153 0.431161 0)
(1.01755 1.10225 0)
(0.816497 2.23144 0)
(0.286906 5.11231 0)
(-0.690677 8.31566 0)
(-0.471847 8.75688 0)
(0.0663354 1.7504 0)
(0.424803 -1.19613 0)
(0.451874 -1.26859 0)
(0.471998 -1.3609 0)
(0.463573 -1.50871 0)
(0.415871 -1.81113 0)
(0.254504 -1.93892 0)
(0.172996 -1.64689 0)
(0.430218 -0.223902 0)
(0.683316 0.897218 0)
(0.582913 1.40212 0)
(0.338786 0.325315 0)
(0.224038 -0.262923 0)
(0.455143 0.391041 0)
(0.446239 1.13675 0)
(0.189903 2.62812 0)
(-0.179203 5.69192 0)
(-0.786995 8.50276 0)
(-0.55358 8.43244 0)
(0.269515 1.54446 0)
(0.372872 -1.22044 0)
(0.398507 -1.28803 0)
(0.418876 -1.3664 0)
(0.41035 -1.48545 0)
(0.393686 -1.71471 0)
(0.166623 -1.95041 0)
(0.469192 -1.68672 0)
(0.342918 -1.56369 0)
(0.637724 0.871525 0)
(0.645213 1.5239 0)
(0.483475 0.495722 0)
(-0.388837 -0.240027 0)
(0.0195873 0.389753 0)
(-0.163031 1.23483 0)
(-0.407746 2.99411 0)
(-0.573679 5.99411 0)
(-0.78205 8.46564 0)
(-0.504812 8.03263 0)
(0.491893 1.45806 0)
(0.315168 -1.24349 0)
(0.339432 -1.30834 0)
(0.359893 -1.38039 0)
(0.365147 -1.47377 0)
(0.369627 -1.64206 0)
(0.172143 -1.92264 0)
(0.260007 -1.81727 0)
(0.0925827 -0.749091 0)
(0.57515 0.466099 0)
(0.682227 1.54088 0)
(0.552682 1.4837 0)
(-0.685049 -0.10903 0)
(-0.383039 0.418203 0)
(-0.651197 1.38842 0)
(-0.86008 3.22074 0)
(-0.866976 6.04851 0)
(-0.690718 8.20783 0)
(-0.331532 7.51856 0)
(0.641915 1.53618 0)
(0.253319 -1.2647 0)
(0.273426 -1.32844 0)
(0.290822 -1.39838 0)
(0.303827 -1.47622 0)
(0.33149 -1.5949 0)
(0.186509 -1.86144 0)
(0.255486 -1.97914 0)
(0.542094 -1.25848 0)
(0.71056 0.117875 0)
(0.697231 1.61804 0)
(0.625937 1.86901 0)
(-0.0843221 0.43799 0)
(-0.623968 0.566349 0)
(-0.910481 1.59034 0)
(-1.11485 3.32906 0)
(-1.00249 5.875 0)
(-0.556735 7.76635 0)
(-0.0977981 6.96737 0)
(0.691143 1.73203 0)
(0.191603 -1.28005 0)
(0.205867 -1.34296 0)
(0.21748 -1.41086 0)
(0.226484 -1.4808 0)
(0.243354 -1.56363 0)
(0.135675 -1.77506 0)
(0.198332 -1.96202 0)
(0.109991 -1.64319 0)
(0.636427 0.0470836 0)
(0.703154 1.6411 0)
(0.644905 2.07903 0)
(0.122555 1.0109 0)
(-0.768599 0.869597 0)
(-0.96385 1.82737 0)
(-1.17607 3.35527 0)
(-0.994912 5.55874 0)
(-0.412433 7.22169 0)
(0.132968 6.45135 0)
(0.669219 2.0429 0)
(0.133344 -1.28515 0)
(0.142428 -1.34725 0)
(0.149433 -1.41291 0)
(0.153049 -1.47884 0)
(0.152451 -1.54092 0)
(0.0875543 -1.64825 0)
(-0.0771548 -1.76393 0)
(-0.777429 -1.37828 0)
(0.367712 0.198736 0)
(0.737961 1.60985 0)
(0.682669 2.25251 0)
(0.428459 2.07046 0)
(-0.717226 1.29425 0)
(-0.841121 2.06198 0)
(-1.07339 3.36067 0)
(-0.876398 5.18986 0)
(-0.276466 6.63599 0)
(0.298233 6.01462 0)
(0.603245 2.44378 0)
(0.0787186 -1.28781 0)
(0.0836986 -1.34938 0)
(0.0876562 -1.41376 0)
(0.0901503 -1.47892 0)
(0.0937588 -1.53925 0)
(0.0876169 -1.5859 0)
(0.0955432 -1.61631 0)
(-0.134276 -1.86507 0)
(0.261001 -1.5392 0)
(0.709092 1.49782 0)
(0.726546 2.38979 0)
(0.575846 2.38939 0)
(-0.200944 1.67593 0)
(-0.652175 2.27374 0)
(-0.894622 3.36347 0)
(-0.734736 4.85056 0)
(-0.177893 6.12362 0)
(0.394287 5.70309 0)
(0.546527 2.80805 0)
(0.0259737 -1.30162 0)
(0.0274428 -1.36239 0)
(0.0285467 -1.42558 0)
(0.029375 -1.48999 0)
(0.0315201 -1.55374 0)
(0.0395394 -1.61441 0)
(0.0890539 -1.64694 0)
(0.119197 -1.71798 0)
(0.336301 -1.51378 0)
(0.62494 1.29991 0)
(0.715592 2.39152 0)
(0.645203 2.67625 0)
(0.473262 2.72685 0)
(-0.336858 2.59763 0)
(-0.342267 3.52234 0)
(-0.392872 4.54344 0)
(-0.0570589 5.49707 0)
(0.370196 5.35242 0)
(0.403834 3.38234 0)
)
;

boundaryField
{
    leftWall
    {
        type            noSlip;
    }
    rightWall
    {
        type            noSlip;
    }
    lowerWall
    {
        type            noSlip;
    }
    atmosphere
    {
        type            pressureInletOutletVelocity;
        value           nonuniform List<vector> 
46
(
(0 -0.747741 0)
(0 -0.756914 0)
(0 -0.75803 0)
(0 -0.762245 0)
(0 -0.767433 0)
(0 -0.773844 0)
(0 -0.781536 0)
(0 -0.790566 0)
(0 -0.800998 0)
(0 -0.81291 0)
(0 -0.82639 0)
(0 -0.841539 0)
(0 -0.858472 0)
(0 -0.877326 0)
(0 -0.898241 0)
(0 -0.921359 0)
(0 -0.946829 0)
(0 -0.974811 0)
(0 -1.00547 0)
(0 -1.03895 0)
(0 -1.07541 0)
(0 -1.11497 0)
(0 -1.15772 0)
(0 -1.19164 0)
(0 -1.21405 0)
(0 -1.23713 0)
(0 -1.26089 0)
(0 -1.30162 0)
(0 -1.36239 0)
(0 -1.42558 0)
(0 -1.48999 0)
(0 -1.55374 0)
(0 -1.61441 0)
(0 -1.64694 0)
(0 -1.71798 0)
(0 -1.51378 0)
(0.62494 1.29991 0)
(0.715592 2.39152 0)
(0.645203 2.67625 0)
(0.473262 2.72685 0)
(-0.336858 2.59763 0)
(-0.342267 3.52234 0)
(-0.392872 4.54344 0)
(-0.0570589 5.49707 0)
(0.370196 5.35242 0)
(0.403834 3.38234 0)
)
;
    }
    defaultFaces
    {
        type            empty;
    }
}


// ************************************************************************* //
