/*--------------------------------*- C++ -*----------------------------------*\
  =========                 |
  \\      /  F ield         | OpenFOAM: The Open Source CFD Toolbox
   \\    /   O peration     | Website:  https://openfoam.org
    \\  /    A nd           | Version:  13
     \\/     M anipulation  |
\*---------------------------------------------------------------------------*/
FoamFile
{
    format      ascii;
    class       surfaceScalarField;
    location    "0.9";
    object      phi;
}
// * * * * * * * * * * * * * * * * * * * * * * * * * * * * * * * * * * * * * //

dimensions      [0 3 -1 0 0 0 0];

internalField   nonuniform List<scalar> 
4432
(
2.17319e-07
-2.17319e-07
-1.66465e-06
1.88196e-06
-5.88146e-06
4.21682e-06
-1.04222e-05
4.54076e-06
-1.17986e-05
1.37638e-06
-9.85492e-06
-1.94368e-06
-7.40803e-06
-2.44689e-06
-6.11938e-06
-1.28865e-06
-5.91944e-06
-1.9994e-07
-6.57575e-06
6.56304e-07
-8.0047e-06
1.42895e-06
-9.99769e-06
1.993e-06
-1.18692e-05
1.8715e-06
-1.25367e-05
6.67491e-07
-1.21905e-05
-3.46164e-07
-1.41304e-05
1.93986e-06
-1.9768e-05
5.6376e-06
-2.44203e-05
4.65229e-06
-2.29168e-05
-1.50345e-06
-1.72523e-05
-5.66452e-06
-1.13093e-05
-5.94303e-06
-5.28374e-06
-6.02553e-06
-5.28374e-06
-4.87442e-06
4.6571e-06
-1.01646e-05
7.17209e-06
-1.44802e-05
8.53251e-06
-1.58942e-05
5.95472e-06
-1.40535e-05
-4.64362e-07
-1.07649e-05
-5.23227e-06
-7.96722e-06
-5.24455e-06
-6.39754e-06
-2.85832e-06
-6.0082e-06
-5.89286e-07
-6.41285e-06
1.06096e-06
-7.46087e-06
2.47696e-06
-9.12876e-06
3.6609e-06
-1.14583e-05
4.20105e-06
-1.45983e-05
3.8075e-06
-1.84292e-05
3.48474e-06
-2.19486e-05
5.45923e-06
-2.30316e-05
6.72059e-06
-1.94935e-05
1.11421e-06
-1.34432e-05
-7.55377e-06
-8.5546e-06
-1.05531e-05
-5.45849e-06
-9.03914e-06
-2.63926e-06
-8.84477e-06
-7.923e-06
-6.51622e-06
1.11733e-05
-1.20468e-05
1.27027e-05
-1.54995e-05
1.19852e-05
-1.64231e-05
6.87833e-06
-1.4806e-05
-2.08147e-06
-1.17184e-05
-8.31989e-06
-8.81516e-06
-8.14778e-06
-7.09585e-06
-4.57763e-06
-6.47732e-06
-1.20782e-06
-6.5956e-06
1.17924e-06
-7.15932e-06
3.04068e-06
-8.00458e-06
4.50617e-06
-9.22688e-06
5.42334e-06
-1.1278e-05
5.85861e-06
-1.41199e-05
6.32661e-06
-1.55577e-05
6.89703e-06
-1.30684e-05
4.23131e-06
-7.56063e-06
-4.39356e-06
-2.74867e-06
-1.23657e-05
-1.61994e-07
-1.31398e-05
2.49124e-07
-9.45026e-06
1.63824e-07
-8.75947e-06
-7.75917e-06
-5.92667e-06
1.71e-05
-1.07567e-05
1.75328e-05
-1.39743e-05
1.52028e-05
-1.53274e-05
8.23141e-06
-1.41947e-05
-3.21418e-06
-1.15254e-05
-1.09892e-05
-9.28934e-06
-1.03838e-05
-7.92856e-06
-5.93841e-06
-7.35519e-06
-1.7812e-06
-7.4376e-06
1.26166e-06
-8.00346e-06
3.60654e-06
-8.76935e-06
5.27206e-06
-9.43889e-06
6.09289e-06
-9.86726e-06
6.28698e-06
-9.70025e-06
6.15959e-06
-7.76811e-06
4.96489e-06
-3.62448e-06
8.76731e-08
4.52977e-07
-8.47102e-06
2.37986e-06
-1.42926e-05
2.76814e-06
-1.35281e-05
2.0806e-06
-8.76271e-06
8.38804e-07
-7.51768e-06
-6.92037e-06
-4.47279e-06
2.15728e-05
-8.3385e-06
2.13985e-05
-1.10718e-05
1.79361e-05
-1.22983e-05
9.4579e-06
-1.15169e-05
-3.99558e-06
-9.88297e-06
-1.26231e-05
-9.01548e-06
-1.12513e-05
-8.42467e-06
-6.52922e-06
-8.01815e-06
-2.18771e-06
-8.02706e-06
1.27058e-06
-8.62256e-06
4.20204e-06
-9.60782e-06
6.25732e-06
-1.04698e-05
6.95488e-06
-1.06835e-05
6.50071e-06
-9.4849e-06
4.96095e-06
-6.28217e-06
1.76216e-06
-1.81491e-06
-4.37959e-06
1.61399e-06
-1.18999e-05
2.94284e-06
-1.56215e-05
2.85521e-06
-1.34404e-05
1.58514e-06
-7.49264e-06
4.06489e-07
-6.33903e-06
-6.51388e-06
-2.64148e-06
2.42143e-05
-5.24654e-06
2.40035e-05
-6.99674e-06
1.96863e-05
-7.74434e-06
1.02055e-05
-7.34577e-06
-4.39415e-06
-7.22285e-06
-1.2746e-05
-7.9613e-06
-1.05129e-05
-7.75371e-06
-6.73681e-06
-7.19982e-06
-2.7416e-06
-6.96492e-06
1.03567e-06
-7.71943e-06
4.95655e-06
-9.23851e-06
7.7764e-06
-1.0767e-05
8.48334e-06
-1.16577e-05
7.3914e-06
-1.10734e-05
4.3767e-06
-8.39013e-06
-9.21113e-07
-3.74023e-06
-9.02948e-06
1.08709e-06
-1.67272e-05
4.25121e-06
-1.87856e-05
4.2219e-06
-1.34111e-05
2.0387e-06
-5.30944e-06
2.90166e-07
-4.5905e-06
-6.22372e-06
-6.50279e-07
2.48645e-05
-1.94871e-06
2.5302e-05
-2.67568e-06
2.04133e-05
-2.54012e-06
1.00699e-05
-2.07595e-06
-4.85832e-06
-4.00597e-06
-1.0816e-05
-5.97558e-06
-8.54324e-06
-5.27673e-06
-7.43566e-06
-4.55088e-06
-3.46746e-06
-4.32456e-06
8.09357e-07
-5.10694e-06
5.73893e-06
-6.92203e-06
9.59149e-06
-9.24087e-06
1.08022e-05
-1.12981e-05
9.44862e-06
-1.17626e-05
4.84122e-06
-9.47556e-06
-3.20816e-06
-3.6399e-06
-1.48651e-05
2.85874e-06
-2.32259e-05
7.36826e-06
-2.32951e-05
7.63967e-06
-1.36825e-05
3.99126e-06
-1.66104e-06
7.12102e-07
-1.31134e-06
-5.51161e-06
1.47201e-06
2.33925e-05
1.69058e-06
2.50834e-05
2.82233e-06
1.92815e-05
5.13879e-06
7.75349e-06
4.13091e-06
-3.85045e-06
-1.41256e-06
-5.27254e-06
-4.2257e-06
-5.7301e-06
-4.20952e-06
-7.45184e-06
-5.91286e-06
-1.76411e-06
-6.28333e-06
1.17983e-06
-6.27267e-06
5.72827e-06
-6.33959e-06
9.65842e-06
-7.44244e-06
1.1905e-05
-9.83141e-06
1.18376e-05
-1.1374e-05
6.38384e-06
-9.72859e-06
-4.8536e-06
-4.37502e-06
-2.02187e-05
1.97605e-06
-2.95769e-05
8.3123e-06
-2.96314e-05
1.01915e-05
-1.55617e-05
6.09002e-06
2.44047e-06
1.20491e-06
3.57377e-06
-4.3067e-06
-7.0832e-06
7.0832e-06
-2.62045e-05
1.91213e-05
-2.57375e-05
-4.67034e-07
-4.01054e-06
-2.17269e-05
1.61734e-05
-2.0184e-05
2.12701e-05
-5.09668e-06
6.64899e-06
1.46211e-05
-1.47197e-05
2.13687e-05
-1.88598e-05
4.14004e-06
-1.83568e-05
-5.02978e-07
-1.94613e-05
1.10449e-06
-1.21336e-05
-7.32771e-06
4.3166e-06
-1.64502e-05
2.64787e-05
-2.21621e-05
3.50924e-05
-8.61375e-06
1.91714e-05
1.5921e-05
-4.83807e-06
2.40094e-05
-1.09097e-05
6.07161e-06
-1.09097e-05
-1.83324e-05
2.54156e-05
-2.96026e-05
3.03915e-05
-2.35445e-05
-6.52512e-06
-7.91698e-06
-3.73545e-05
3.95586e-06
-3.20568e-05
9.28987e-07
-2.06982e-06
-1.49705e-05
3.05206e-05
-2.33802e-05
2.97785e-05
-2.92268e-05
9.98663e-06
-3.54057e-05
5.67593e-06
-3.71973e-05
2.89602e-06
-3.42763e-05
-1.02487e-05
-2.15641e-05
-2.91624e-05
-1.07096e-06
-4.26552e-05
2.28502e-05
-3.25349e-05
2.87911e-05
9.98007e-06
1.42444e-05
3.85562e-05
-2.72937e-07
2.0589e-05
-1.11826e-05
-1.8466e-05
4.38817e-05
-2.47894e-05
3.67148e-05
-2.0974e-05
-1.03405e-05
-1.42867e-05
-4.40418e-05
-1.32496e-05
-3.30939e-05
-2.05474e-05
5.22803e-06
-3.32143e-05
4.31875e-05
-4.72455e-05
4.38097e-05
-6.00907e-05
2.28318e-05
-6.77989e-05
1.33841e-05
-7.01018e-05
5.19889e-06
-6.47751e-05
-1.55754e-05
-5.04397e-05
-4.34978e-05
-2.9672e-05
-6.34229e-05
-4.90776e-06
-5.72991e-05
1.58044e-05
-1.07321e-05
1.67465e-05
3.76141e-05
8.59765e-06
2.87378e-05
-2.58498e-06
-1.40833e-05
5.79649e-05
-1.88867e-05
4.15183e-05
-1.75073e-05
-1.17199e-05
-1.4557e-05
-4.6992e-05
-1.81415e-05
-2.95094e-05
-3.01417e-05
1.72283e-05
-6.24847e-05
7.55305e-05
-9.23219e-05
7.36468e-05
-0.000104681
3.51909e-05
-0.000101489
1.01923e-05
-8.68588e-05
-9.43148e-06
-7.38433e-05
-2.85908e-05
-6.49626e-05
-5.23784e-05
-5.1418e-05
-7.69675e-05
-3.05658e-05
-7.81513e-05
-6.35992e-06
-3.4938e-05
8.11294e-06
2.31412e-05
7.43451e-06
2.94162e-05
4.84953e-06
-7.97529e-06
6.59402e-05
-1.23241e-05
4.58671e-05
-1.26337e-05
-1.14103e-05
-1.19161e-05
-4.77097e-05
-2.34254e-05
-1.80001e-05
-5.99907e-05
5.37936e-05
-0.000119495
0.000135035
-0.000138243
9.23951e-05
-0.000123427
2.03747e-05
-9.63424e-05
-1.68925e-05
-7.77346e-05
-2.80394e-05
-7.89373e-05
-2.73881e-05
-8.29747e-05
-4.8341e-05
-7.20368e-05
-8.79054e-05
-4.89658e-05
-0.000101222
-2.57298e-05
-5.8174e-05
-5.84863e-06
3.26004e-06
-1.06915e-06
2.46368e-05
3.78039e-06
-1.53226e-06
6.74725e-05
-4.3067e-06
4.86415e-05
-5.73183e-06
-9.98515e-06
-8.29737e-06
-4.51441e-05
-2.39832e-05
-2.31435e-06
-6.72766e-05
9.7087e-05
-0.000125559
0.000193317
-0.000125399
9.22353e-05
-0.000104943
-8.17736e-08
-8.8591e-05
-3.32442e-05
-9.12698e-05
-2.53606e-05
-0.000113442
-5.21575e-06
-0.000122257
-3.95257e-05
-0.00010104
-0.000109123
-6.83283e-05
-0.000133933
-4.25171e-05
-8.39852e-05
-2.32543e-05
-1.60028e-05
-8.13822e-06
9.5207e-06
-4.35784e-06
5.78617e-06
6.16863e-05
6.32161e-06
4.81061e-05
4.22183e-06
-7.88536e-06
-3.61265e-06
-3.73097e-05
-2.17466e-05
1.58196e-05
-5.97676e-05
0.000135108
-9.87066e-05
0.000232256
-9.11941e-05
8.47229e-05
-8.39902e-05
-7.28565e-06
-9.29338e-05
-2.43006e-05
-0.000132731
1.44369e-05
-0.000189194
5.12472e-05
-0.000187905
-4.08146e-05
-0.000140511
-0.000156518
-9.41967e-05
-0.000180248
-5.38754e-05
-0.000124306
-2.88006e-05
-4.10775e-05
-8.77396e-06
-1.0506e-05
-1.31318e-05
1.22587e-05
4.94276e-05
1.6111e-05
4.42538e-05
1.36401e-05
-5.4144e-06
3.78678e-06
-2.74564e-05
-1.66993e-05
3.63058e-05
-5.01489e-05
0.000168558
-6.80512e-05
0.000250159
-6.01394e-05
7.6811e-05
-7.16949e-05
4.26989e-06
-0.0001051
9.10452e-06
-0.00017061
7.99465e-05
-0.000222173
0.00010281
-0.000215021
-4.79661e-05
-0.000181157
-0.000190382
-0.000130323
-0.000231081
-7.44664e-05
-0.000180163
-3.69505e-05
-7.85934e-05
-9.44067e-06
-3.80158e-05
-2.25725e-05
1.38408e-05
9.55169e-06
1.90248e-05
1.98995e-05
2.29305e-05
1.53757e-05
1.93824e-05
1.13016e-05
3.73459e-06
1.17974e-05
-1.30786e-05
1.15407e-05
-2.17342e-05
2.92546e-06
-2.9498e-05
3.11968e-07
-4.70472e-05
1.57851e-05
-5.57523e-05
9.88488e-06
-5.39135e-05
3.88947e-06
-4.35342e-05
-7.20846e-07
-3.36318e-05
2.00266e-06
-3.19081e-05
1.01139e-05
-3.48246e-05
9.30034e-06
-3.97364e-05
5.82082e-08
-3.25271e-05
-2.74281e-05
-7.20322e-06
-5.49008e-05
1.558e-05
-5.24146e-05
2.24158e-05
-2.23975e-05
1.28795e-05
1.19767e-05
-2.19145e-06
1.86447e-05
2.18522e-06
-8.68337e-06
2.20008e-05
-1.24491e-05
2.50001e-05
1.69001e-05
2.29617e-05
1.74142e-05
1.30266e-05
2.12367e-05
-9.32964e-06
3.41536e-05
-4.02304e-05
4.24414e-05
-6.55635e-05
2.82586e-05
-6.56282e-05
3.76703e-07
-9.61068e-05
4.62636e-05
-0.000124419
3.81971e-05
-0.000129279
8.74986e-06
-0.000112303
-1.76975e-05
-0.000102937
-7.36266e-06
-0.000107258
1.44348e-05
-0.000122267
2.43086e-05
-0.000111929
-1.02791e-05
-6.45949e-05
-7.47624e-05
-1.70589e-05
-0.000102437
4.03848e-06
-7.3512e-05
1.7613e-07
-1.85351e-05
-1.45066e-05
2.66595e-05
-1.39353e-05
1.80734e-05
-5.03856e-07
-1.12462e-05
2.63997e-05
-3.88488e-05
2.15336e-05
2.17663e-05
-5.99897e-06
4.49467e-05
-4.31629e-05
5.84006e-05
-6.29116e-05
5.39023e-05
-4.46346e-05
2.41644e-05
-2.40471e-05
7.67102e-06
-2.70766e-05
3.40629e-06
-3.99418e-05
5.91288e-05
-9.53476e-05
9.36027e-05
-0.000154176
6.75778e-05
-0.000223433
5.15596e-05
-0.00023288
2.08518e-06
-0.000217372
-1.07411e-06
-0.00020317
1.01071e-05
-0.000159675
-5.37737e-05
-0.000108341
-0.000126097
-9.00168e-05
-0.00012076
-9.16904e-05
-7.18384e-05
-0.000113895
3.66974e-06
-0.000127741
4.05048e-05
-0.000121236
1.15688e-05
-2.15932e-05
-0.000100147
-1.85028e-05
-2.0346e-05
-6.28088e-05
6.60722e-05
-0.00011578
9.79177e-05
-0.000151891
9.45122e-05
-0.000164528
6.65386e-05
-0.000176766
3.64029e-05
-0.000172155
3.06011e-06
-0.000168417
-3.32024e-07
-0.00011728
7.99208e-06
-5.15523e-05
2.78749e-05
-3.17524e-05
4.77778e-05
-7.31752e-05
9.29824e-05
-0.000163928
9.28378e-05
-0.00023118
6.61784e-05
-0.000236103
1.503e-05
-0.00017381
-0.000116066
-0.00014644
-0.000153468
-0.000142634
-0.000124566
-0.000158601
-5.58714e-05
-0.000178085
2.31538e-05
-0.000181479
4.38988e-05
-0.000169558
-3.52505e-07
-4.1329e-05
-0.000149822
-7.33286e-05
5.29827e-05
-0.000147233
0.000139976
-0.000220665
0.000171351
-0.000312065
0.000185912
-0.000377452
0.000131926
-0.000364044
2.29943e-05
-0.000333672
-2.73114e-05
-0.000291364
-4.26402e-05
-0.000247854
-3.55181e-05
-0.000192947
-2.70321e-05
-0.000129679
-1.54903e-05
-6.91811e-05
3.24848e-05
-6.62232e-05
8.98799e-05
-0.000123053
0.000123008
-0.000182129
7.41062e-05
-0.000194287
-0.000103909
-0.000189897
-0.000157858
-0.000187502
-0.000126961
-0.000200691
-4.26829e-05
-0.000217765
4.02279e-05
-0.000218377
4.45109e-05
-0.000206585
-1.21448e-05
-7.69355e-05
-0.000170978
-0.000100474
0.000153457
-0.000177938
0.00021744
-0.00025841
0.000251823
-0.000343519
0.000271021
-0.000386023
0.00017443
-0.000397386
3.43572e-05
-0.000383369
-4.13287e-05
-0.000354099
-7.19101e-05
-0.00031989
-6.97277e-05
-0.000281411
-6.55106e-05
-0.000238804
-5.80974e-05
-0.000184865
-2.1454e-05
-0.000134719
3.97334e-05
-0.000115898
0.000104188
-0.000190018
0.000148226
-0.000250017
-4.39103e-05
-0.000249964
-0.000157911
-0.000242469
-0.000134456
-0.000245068
-4.00838e-05
-0.000263112
5.82717e-05
-0.000250134
3.1533e-05
-0.000213007
-4.92711e-05
-0.000124853
-0.00016509
-8.38536e-05
0.00023731
-0.000149679
0.000283265
-0.000250654
0.000352798
-0.000313005
0.000333371
-0.000337831
0.000199256
-0.000372535
6.9062e-05
-0.000412151
-1.71285e-06
-0.000424397
-5.96644e-05
-0.00039903
-9.50947e-05
-0.000358734
-0.000105807
-0.000310774
-0.000106057
-0.000258777
-7.34511e-05
-0.000232988
1.39442e-05
-0.000223799
9.49996e-05
-0.000235559
0.000159986
-0.000287953
8.48358e-06
-0.000314539
-0.000131325
-0.000312578
-0.000136417
-0.000296454
-5.62081e-05
-0.000240154
1.97174e-06
-0.000192046
-1.65749e-05
-0.000171307
-7.00097e-05
-0.000128895
-0.000167265
-5.25297e-05
0.00028984
-0.000119031
0.000349766
-0.000205549
0.000439317
-0.000253697
0.000381519
-0.000293655
0.000239214
-0.000349201
0.000124608
-0.000403136
5.22221e-05
-0.000446954
-1.58467e-05
-0.000473475
-6.85731e-05
-0.000463647
-0.000115635
-0.000420504
-0.0001492
-0.000375391
-0.000118564
-0.000344739
-1.67082e-05
-0.00033663
8.68908e-05
-0.000300482
0.000123838
-0.000286829
-5.16858e-06
-0.000299027
-0.000119128
-0.000319878
-0.000115565
-0.000295103
-8.0984e-05
-0.000230964
-6.21664e-05
-0.000185698
-6.18413e-05
-0.000158591
-9.71163e-05
-0.00012396
-0.000163526
-5.18697e-05
0.00034171
-0.00011182
0.000409717
-0.000170712
0.000498208
-0.000194014
0.000404821
-0.000224989
0.000270189
-0.000271001
0.00017062
-0.000317503
9.87238e-05
-0.00036866
3.53106e-05
-0.000420742
-1.64906e-05
-0.000472088
-6.42889e-05
-0.000516988
-0.0001043
-0.000532133
-0.000103419
-0.000504042
-4.47992e-05
-0.000440699
2.3548e-05
-0.000347635
3.07732e-05
-0.000304658
-4.8145e-05
-0.000321097
-0.000102689
-0.000330575
-0.000106087
-0.000319809
-9.17501e-05
-0.000286848
-9.51281e-05
-0.000224206
-0.000124483
-0.000188328
-0.000132994
-0.000144732
-0.000167556
-5.10228e-05
0.000392732
-0.000110662
0.000469356
-0.00014527
0.000532816
-0.00014876
0.000408311
-0.000156928
0.000278357
-0.000169832
0.000183524
-0.000182614
0.000111506
-0.000204042
5.67384e-05
-0.000238504
1.79717e-05
-0.000286685
-1.61076e-05
-0.000342691
-4.82944e-05
-0.000387303
-5.88069e-05
-0.000391703
-4.03987e-05
-0.000348745
-1.94096e-05
-0.000292312
-2.56606e-05
-0.000274615
-6.58412e-05
-0.000277946
-9.93587e-05
-0.000269143
-0.00011489
-0.000241772
-0.000119121
-0.000217144
-0.000119756
-0.000211698
-0.000129929
-0.000191293
-0.000153399
-0.000170988
-0.000165037
-4.6398e-05
0.00043913
-9.73661e-05
0.000520324
-0.000117209
0.000552659
-0.000112319
0.000403421
-0.000108268
0.000274305
-0.000106935
0.000182192
-0.000108981
0.000113552
-0.000116594
6.43516e-05
-0.000128173
2.95499e-05
-0.000147256
2.97563e-06
-0.000177495
-1.80548e-05
-0.000207611
-2.86916e-05
-0.000218704
-2.93057e-05
-0.000206623
-3.14904e-05
-0.000187088
-4.51955e-05
-0.000182194
-7.07351e-05
-0.000188056
-9.34972e-05
-0.000190617
-0.000112328
-0.000181575
-0.000128163
-0.000169311
-0.000132019
-0.000156024
-0.000143217
-0.000145261
-0.000164162
-0.000168254
-0.000147994
-5.23117e-05
0.000491442
-8.67934e-05
0.000554806
-9.48861e-05
0.000560752
-9.0603e-05
0.000399138
-8.98205e-05
0.000273523
-9.95063e-05
0.000191878
-0.000112198
0.000126243
-0.000119982
7.21362e-05
-0.000118279
2.78469e-05
-0.000111295
-4.00816e-06
-0.000104457
-2.48928e-05
-9.97105e-05
-3.34383e-05
-9.37374e-05
-3.52784e-05
-8.60414e-05
-3.91861e-05
-8.13178e-05
-4.99191e-05
-8.4143e-05
-6.79099e-05
-9.17819e-05
-8.58584e-05
-0.000102208
-0.000101902
-0.000112602
-0.00011777
-0.000116612
-0.000128009
-0.000119058
-0.000140771
-0.00012624
-0.000156981
-0.000164343
-0.000130152
-5.21374e-05
0.000543579
-9.29567e-05
0.000595625
-8.64e-05
0.000554195
-9.00682e-05
0.000402806
-0.00010685
0.000290305
-0.000137929
0.000222957
-0.000164329
0.000152643
-0.000173987
8.17944e-05
-0.000165048
1.89084e-05
-0.000141956
-2.71007e-05
-0.000113572
-5.3277e-05
-8.37823e-05
-6.32276e-05
-5.46682e-05
-6.43924e-05
-3.09508e-05
-6.29032e-05
-1.7496e-05
-6.33738e-05
-1.5613e-05
-6.97929e-05
-2.19024e-05
-7.9569e-05
-3.18896e-05
-9.19152e-05
-4.51472e-05
-0.000104512
-5.72293e-05
-0.000115926
-6.82969e-05
-0.000129703
-8.32668e-05
-0.000142011
-0.000150193
-9.74159e-05
-3.26105e-05
0.00057619
-0.000113953
0.000676968
-9.83361e-05
0.000538578
-0.000107715
0.000412185
-0.000144685
0.000327275
-0.000190389
0.00026866
-0.0002235
0.000185754
-0.000231862
9.01569e-05
-0.000214731
1.77736e-06
-0.000178952
-6.28799e-05
-0.000137124
-9.51049e-05
-9.69217e-05
-0.00010343
-6.05836e-05
-0.000100731
-2.85173e-05
-9.49696e-05
-2.28814e-06
-8.9603e-05
1.4181e-05
-8.6262e-05
1.95217e-05
-8.49097e-05
1.48342e-05
-8.72276e-05
4.69483e-06
-9.43725e-05
-6.76947e-06
-0.000104462
-1.91201e-05
-0.000117353
-3.69014e-05
-0.00012423
-0.000131069
-5.60251e-05
-5.06495e-06
0.000581255
-0.000120504
0.000792407
-0.000120627
0.000538701
-0.000125343
0.000416901
-0.000174002
0.000375935
-0.000227443
0.000322102
-0.000268139
0.00022645
-0.000281011
0.000103029
-0.000258909
-2.03244e-05
-0.000210258
-0.000111531
-0.000153101
-0.000152262
-0.000102401
-0.00015413
-6.2019e-05
-0.000141112
-3.02375e-05
-0.000126751
-4.49654e-06
-0.000115344
1.60717e-05
-0.00010683
3.11936e-05
-0.000100032
3.87795e-05
-9.48135e-05
3.69311e-05
-9.2524e-05
2.81092e-05
-9.56402e-05
1.44212e-05
-0.000103665
3.29739e-07
-0.000110138
-0.000118189
-1.25508e-05
1.13761e-05
0.000569879
-5.59415e-05
0.000859725
-0.000106358
0.000589117
-0.000114612
0.000425155
-0.000163216
0.000424539
-0.000222441
0.000381328
-0.000274758
0.000278766
-0.000299412
0.000127682
-0.000279912
-3.98242e-05
-0.000225431
-0.000166012
-0.00015589
-0.000221803
-9.47176e-05
-0.000215302
-5.038e-05
-0.00018545
-1.98722e-05
-0.000157259
2.18343e-06
-0.0001374
1.89e-05
-0.000123547
3.2389e-05
-0.000113521
4.33249e-05
-0.000105749
5.02894e-05
-9.94885e-05
5.05437e-05
-9.58946e-05
4.35156e-05
-9.66365e-05
3.43827e-05
-0.000101005
-0.000108158
2.43514e-05
3.97493e-05
0.00053013
8.80217e-05
0.000811452
5.81239e-06
0.000671326
-5.13965e-05
0.000482364
-9.48351e-05
0.000467977
-0.000149605
0.000436098
-0.000205812
0.000334973
-0.000238386
0.000160256
-0.000231547
-4.66636e-05
-0.000188968
-0.000208591
-0.000125741
-0.00028503
-6.60583e-05
-0.000274985
-2.4498e-05
-0.00022701
2.60909e-06
-0.000184366
1.93576e-05
-0.000154148
3.0435e-05
-0.000134624
3.85494e-05
-0.000121635
4.51385e-05
-0.000112339
5.08019e-05
-0.000105152
5.46981e-05
-9.97909e-05
5.48684e-05
-9.68068e-05
5.09799e-05
-9.71167e-05
-0.00010026
4.30827e-05
0.000104556
0.000425573
0.000208771
0.000707238
0.000180876
0.000699221
8.98407e-05
0.000573399
3.47883e-05
0.00052303
-1.04317e-05
0.000481318
-4.47689e-05
0.000369311
-5.69088e-05
0.000172396
-6.48642e-05
-3.8708e-05
-6.56846e-05
-0.00020777
-4.27199e-05
-0.000307995
-8.4879e-06
-0.000309217
1.91288e-05
-0.000254627
3.48073e-05
-0.000200044
4.34026e-05
-0.000162743
4.80052e-05
-0.000139227
5.03614e-05
-0.000123991
5.15717e-05
-0.000113549
5.23664e-05
-0.000105947
5.28266e-05
-0.000100251
5.23707e-05
-9.63509e-05
4.98221e-05
-9.45681e-05
-9.44146e-05
4.39766e-05
0.000131096
0.000294477
0.000279222
0.000559113
0.000344855
0.000633588
0.000294149
0.000624105
0.000231658
0.000585521
0.000190594
0.000522382
0.000166591
0.000393313
0.000147364
0.000191624
0.000125223
-1.6567e-05
0.000102841
-0.000185388
8.2358e-05
-0.000287512
7.52338e-05
-0.000302093
7.38949e-05
-0.000253288
7.24895e-05
-0.000198639
7.02743e-05
-0.000160528
6.75265e-05
-0.000136479
6.43466e-05
-0.000120812
6.0876e-05
-0.000110078
5.73334e-05
-0.000102404
5.38494e-05
-9.67672e-05
5.02031e-05
-9.27046e-05
4.5683e-05
-9.00479e-05
-8.81904e-05
3.94589e-05
0.000113127
0.000181349
0.00029937
0.000372871
0.000430612
0.000502346
0.000470555
0.000584161
0.000448632
0.000607444
0.000415149
0.000555865
0.000387072
0.00042139
0.00035291
0.000225785
0.000308355
2.79878e-05
0.000259127
-0.000136159
0.000206046
-0.000234431
0.000161038
-0.000257085
0.000129773
-0.000222023
0.000109629
-0.000178495
9.598e-05
-0.000146879
8.58078e-05
-0.000126307
7.74834e-05
-0.000112487
7.01906e-05
-0.000102785
6.35315e-05
-9.57451e-05
5.73071e-05
-9.05428e-05
5.12788e-05
-8.66762e-05
4.50413e-05
-8.38105e-05
-8.13103e-05
3.81613e-05
8.58788e-05
9.547e-05
0.000259108
0.000199642
0.000419196
0.000342257
0.000529761
0.000473597
0.000578523
0.000558682
0.000581341
0.000553047
0.000557514
0.000445218
0.000511661
0.000271639
0.000448781
9.08675e-05
0.000372008
-5.93857e-05
0.000294619
-0.000157043
0.00022481
-0.000187275
0.000173266
-0.000170479
0.000139285
-0.000144514
0.000116695
-0.000124289
0.000100542
-0.000110153
8.80799e-05
-0.000100025
7.78655e-05
-9.25711e-05
6.9099e-05
-8.69786e-05
6.12699e-05
-8.27138e-05
5.40135e-05
-7.94197e-05
4.70007e-05
-7.67976e-05
-7.43101e-05
4.00005e-05
5.85556e-05
3.69143e-05
0.000177196
8.10019e-05
0.000323775
0.000195678
0.000455777
0.000341595
0.00055169
0.000462768
0.000598144
0.000506593
0.000598988
0.000444373
0.000560793
0.000309834
0.000494304
0.000157357
0.000413839
2.10788e-05
0.000330042
-7.32453e-05
0.000253421
-0.000110654
0.000195996
-0.000113054
0.000156853
-0.000105371
0.000129938
-9.73745e-05
0.000110382
-9.05976e-05
9.53671e-05
-8.50101e-05
8.3309e-05
-8.05131e-05
7.32403e-05
-7.69099e-05
6.45367e-05
-7.40102e-05
5.67347e-05
-7.16178e-05
4.95011e-05
-6.95641e-05
-6.7501e-05
4.2692e-05
2.29027e-05
1.40115e-05
7.56744e-05
2.82301e-05
0.000176591
9.47618e-05
0.000291042
0.000227144
0.000397083
0.000356728
0.000472578
0.000431098
0.000503347
0.000413604
0.00049092
0.000322261
0.000448232
0.000200046
0.000386183
8.31279e-05
0.000315486
-2.54858e-06
0.000249446
-4.46144e-05
0.000198721
-6.23294e-05
0.0001621
-6.87496e-05
0.00013534
-7.06147e-05
0.000115096
-7.03539e-05
9.92516e-05
-6.91653e-05
8.64531e-05
-6.77147e-05
7.58134e-05
-6.62702e-05
6.67169e-05
-6.49138e-05
5.87271e-05
-6.36281e-05
5.15451e-05
-6.23821e-05
-6.09802e-05
4.50244e-05
-6.04386e-06
2.00552e-05
-5.84507e-06
2.80308e-05
3.0196e-05
5.87204e-05
0.000108364
0.000148976
0.000199765
0.000265326
0.00028397
0.000346893
0.000339891
0.000357683
0.000361483
0.000300669
0.00035245
0.000209078
0.000319238
0.000116339
0.000271431
4.52593e-05
0.000225986
8.30298e-07
0.000187941
-2.42844e-05
0.000157892
-3.87004e-05
0.000134194
-4.6917e-05
0.000115305
-5.14646e-05
0.000100029
-5.38895e-05
8.74391e-05
-5.5125e-05
7.68519e-05
-5.56831e-05
6.77649e-05
-5.58267e-05
5.98204e-05
-5.56836e-05
5.27706e-05
-5.53323e-05
-5.47002e-05
4.64906e-05
-2.00409e-05
4.00961e-05
-4.58495e-05
5.38392e-05
-5.27574e-05
6.56283e-05
-2.17165e-05
0.000117935
4.50897e-05
0.00019852
0.000123905
0.000268078
0.000193395
0.000288192
0.000238255
0.00025581
0.000255057
0.000192276
0.000247235
0.000124161
0.000224249
6.82456e-05
0.000196698
2.83808e-05
0.000170753
1.66104e-06
0.000147965
-1.59128e-05
0.000128481
-2.74331e-05
0.000112058
-3.50416e-05
9.82306e-05
-4.00617e-05
8.64962e-05
-4.33907e-05
7.64297e-05
-4.56166e-05
6.76859e-05
-4.7083e-05
6.00052e-05
-4.80029e-05
5.32018e-05
-4.85289e-05
-4.86633e-05
4.71649e-05
-1.89721e-05
5.90681e-05
-4.72704e-05
8.21376e-05
-6.75317e-05
8.58896e-05
-6.24476e-05
0.000112851
-2.4324e-05
0.000160396
3.77077e-05
0.000206046
0.000103503
0.000222397
0.000155218
0.000204095
0.000183848
0.000163646
0.000190668
0.000117341
0.000183067
7.58457e-05
0.000168471
4.29776e-05
0.000151667
1.84652e-05
0.000135167
5.86491e-07
0.000120004
-1.227e-05
0.000106416
-2.14539e-05
9.4442e-05
-2.80874e-05
8.39418e-05
-3.28905e-05
7.47122e-05
-3.6387e-05
6.65609e-05
-3.89316e-05
5.93315e-05
-4.07735e-05
5.28935e-05
-4.20908e-05
-4.29372e-05
4.71674e-05
-1.23515e-05
7.14195e-05
-3.05119e-05
0.000100298
-4.44888e-05
9.98664e-05
-4.39218e-05
0.000112283
-2.11132e-05
0.000137588
2.15217e-05
0.000163411
7.10772e-05
0.000172842
0.000112869
0.000162302
0.000139297
0.000137218
0.000150409
0.000106229
0.000150247
7.60077e-05
0.000143342
4.98826e-05
0.000133097
2.87099e-05
0.000121583
1.21009e-05
0.000110154
-8.40658e-07
9.9282e-05
-1.05825e-05
8.92662e-05
-1.80716e-05
8.01613e-05
-2.37857e-05
7.19424e-05
-2.81681e-05
6.45474e-05
-3.15365e-05
5.78984e-05
-3.41245e-05
5.19217e-05
-3.61141e-05
-3.75804e-05
4.65649e-05
-6.95168e-06
7.83712e-05
-1.47311e-05
0.000108077
-1.93045e-05
0.00010444
-1.54507e-05
0.000108429
4.38593e-07
0.000121698
2.85131e-05
0.000135337
6.12168e-05
0.000140138
9.02682e-05
0.000133251
0.000110688
0.000116798
0.000121571
9.53464e-05
0.000124535
7.30432e-05
0.000121973
5.24445e-05
0.000116048
3.46346e-05
0.000108358
1.97911e-05
9.98446e-05
7.67266e-06
9.14313e-05
-2.16924e-06
8.3245e-05
-9.88537e-06
7.55315e-05
-1.60722e-05
6.83878e-05
-2.10243e-05
6.18244e-05
-2.49731e-05
5.58283e-05
-2.81284e-05
5.03721e-05
-3.06579e-05
-3.26386e-05
4.54303e-05
-3.74991e-06
8.2121e-05
-4.95401e-06
0.000109281
-3.53525e-06
0.000103021
2.45201e-06
0.000102442
1.49945e-05
0.000109156
3.38009e-05
0.00011653
5.53526e-05
0.000118586
7.53812e-05
0.000113222
9.07348e-05
0.000101445
0.000100243
8.58383e-05
0.000104309
6.89767e-05
0.000104109
5.26445e-05
0.000100949
3.77948e-05
9.5937e-05
2.48031e-05
8.98947e-05
1.37149e-05
8.33236e-05
4.40181e-06
7.67894e-05
-3.3512e-06
7.04007e-05
-9.68351e-06
6.43082e-05
-1.49319e-05
5.85816e-05
-1.92466e-05
5.32584e-05
-2.28051e-05
4.83465e-05
-2.57459e-05
-2.81382e-05
4.38461e-05
-1.63669e-06
8.37576e-05
5.03839e-07
0.000107141
4.56275e-06
9.89618e-05
1.12902e-05
9.57147e-05
2.13803e-05
9.90658e-05
3.47728e-05
0.000103138
4.98518e-05
0.000103507
6.42728e-05
9.88013e-05
7.60021e-05
8.97152e-05
8.4005e-05
7.78355e-05
8.82348e-05
6.47468e-05
8.92482e-05
5.16311e-05
8.78099e-05
3.9233e-05
8.46542e-05
2.79588e-05
8.0389e-05
1.798e-05
7.54777e-05
9.3131e-06
7.02489e-05
1.87745e-06
6.50404e-05
-4.47507e-06
5.99058e-05
-9.79736e-06
5.49749e-05
-1.43158e-05
5.03149e-05
-1.81451e-05
4.59523e-05
-2.13833e-05
-2.40966e-05
4.19107e-05
-3.62266e-08
8.37938e-05
3.75286e-06
0.000103351
8.94558e-06
9.37691e-05
1.53561e-05
8.93042e-05
2.3516e-05
9.09058e-05
3.35889e-05
9.3065e-05
4.47467e-05
9.23496e-05
5.55564e-05
8.79916e-05
6.46698e-05
8.06017e-05
7.13012e-05
7.1204e-05
7.52809e-05
6.07671e-05
7.68549e-05
5.00571e-05
7.64584e-05
3.96295e-05
7.4564e-05
2.98532e-05
7.16055e-05
2.09384e-05
6.79481e-05
1.29704e-05
6.38787e-05
5.94677e-06
5.96141e-05
-2.10558e-07
5.53512e-05
-5.53456e-06
5.11624e-05
-1.01271e-05
4.71335e-05
-1.41162e-05
4.33094e-05
-1.75591e-05
-2.05226e-05
3.97354e-05
1.09646e-06
8.26973e-05
5.68294e-06
9.87649e-05
1.1145e-05
8.8307e-05
1.69566e-05
8.34926e-05
2.3652e-05
8.42104e-05
3.15301e-05
8.5187e-05
4.01117e-05
8.3768e-05
4.84483e-05
7.96549e-05
5.56314e-05
7.34186e-05
6.11002e-05
6.57353e-05
6.46751e-05
5.71922e-05
6.64482e-05
4.8284e-05
6.6659e-05
3.94187e-05
6.56054e-05
3.09067e-05
6.359e-05
2.29538e-05
6.08887e-05
1.56715e-05
5.77367e-05
9.09869e-06
5.43043e-05
3.22172e-06
5.0787e-05
-2.01728e-06
4.72679e-05
-6.60805e-06
4.38254e-05
-1.06738e-05
4.05275e-05
-1.42612e-05
-1.74154e-05
3.74203e-05
1.85642e-06
8.08409e-05
6.7198e-06
9.39015e-05
1.20053e-05
8.30215e-05
1.7156e-05
7.83418e-05
2.27399e-05
7.86266e-05
2.90887e-05
7.88382e-05
3.58812e-05
7.69754e-05
4.24558e-05
7.30802e-05
4.81956e-05
6.76788e-05
5.27115e-05
6.12194e-05
5.58496e-05
5.40543e-05
5.76279e-05
4.65056e-05
5.8173e-05
3.88736e-05
5.76702e-05
3.14095e-05
5.63276e-05
2.42963e-05
5.43501e-05
1.76489e-05
5.19231e-05
1.15256e-05
4.92027e-05
5.94209e-06
4.63044e-05
8.80937e-07
4.33908e-05
-3.69454e-06
4.04828e-05
-7.76582e-06
3.76676e-05
-1.14461e-05
-1.47464e-05
3.49987e-05
2.33877e-06
7.8502e-05
7.13521e-06
8.91049e-05
1.2019e-05
7.81377e-05
1.65344e-05
7.38263e-05
2.12595e-05
7.39014e-05
2.6496e-05
7.36017e-05
3.19943e-05
7.14771e-05
3.72762e-05
6.77981e-05
4.19221e-05
6.30329e-05
4.56669e-05
5.74746e-05
4.83889e-05
5.13322e-05
5.00738e-05
4.48207e-05
5.07844e-05
3.81629e-05
5.06354e-05
3.15584e-05
4.97693e-05
2.51624e-05
4.83359e-05
1.90823e-05
4.64786e-05
1.33828e-05
4.43253e-05
8.09534e-06
4.19806e-05
3.22562e-06
3.95542e-05
-1.26827e-06
3.71112e-05
-5.32281e-06
3.47112e-05
-9.04616e-06
-1.24337e-05
3.23984e-05
2.63424e-06
7.58677e-05
7.14952e-06
8.45896e-05
1.15238e-05
7.37634e-05
1.54534e-05
6.98967e-05
1.94955e-05
6.98594e-05
2.38873e-05
6.92099e-05
2.84122e-05
6.69522e-05
3.27177e-05
6.34926e-05
3.65191e-05
5.92315e-05
3.96386e-05
5.43551e-05
4.19837e-05
4.8987e-05
4.35279e-05
4.32763e-05
4.42995e-05
3.73912e-05
4.43687e-05
3.1489e-05
4.38324e-05
2.56988e-05
4.27986e-05
2.0116e-05
4.13759e-05
1.48055e-05
3.96657e-05
9.80553e-06
3.77585e-05
5.13274e-06
3.57063e-05
7.83943e-07
3.36247e-05
-3.24133e-06
3.15204e-05
-6.94187e-06
-1.03639e-05
2.94505e-05
2.7997e-06
7.3068e-05
6.92338e-06
8.04659e-05
1.07467e-05
6.994e-05
1.41401e-05
6.65032e-05
1.76171e-05
6.63824e-05
2.13371e-05
6.54898e-05
2.51006e-05
6.31887e-05
2.86446e-05
5.99486e-05
3.17779e-05
5.60981e-05
3.43826e-05
5.17502e-05
3.63897e-05
4.69798e-05
3.77697e-05
4.18961e-05
3.85322e-05
3.66286e-05
3.87189e-05
3.13023e-05
3.83942e-05
2.60235e-05
3.76341e-05
2.08761e-05
3.65176e-05
1.59219e-05
3.51206e-05
1.12025e-05
3.35113e-05
6.7421e-06
3.17437e-05
2.55145e-06
2.98806e-05
-1.37822e-06
2.79657e-05
-5.02709e-06
-8.42394e-06
2.60258e-05
2.86638e-06
7.02016e-05
6.56249e-06
7.67698e-05
9.83316e-06
6.66692e-05
1.27308e-05
6.36055e-05
1.57182e-05
6.3395e-05
1.88775e-05
6.23304e-05
2.20195e-05
6.00466e-05
2.49469e-05
5.70212e-05
2.75334e-05
5.35115e-05
2.97016e-05
4.95819e-05
3.13991e-05
4.52822e-05
3.25975e-05
4.06976e-05
3.32956e-05
3.59305e-05
3.35166e-05
3.10813e-05
3.33013e-05
2.62388e-05
3.27012e-05
2.14762e-05
3.17723e-05
1.68508e-05
3.057e-05
1.24048e-05
2.91463e-05
8.16575e-06
2.75487e-05
4.14903e-06
2.58171e-05
3.53355e-07
2.40117e-05
-3.22174e-06
-6.58337e-06
2.21711e-05
2.84882e-06
6.73528e-05
6.12581e-06
7.34928e-05
8.86491e-06
6.393e-05
1.12979e-05
6.11725e-05
1.38412e-05
6.08516e-05
1.65083e-05
5.96634e-05
1.91187e-05
5.74362e-05
2.15241e-05
5.46158e-05
2.36432e-05
5.13923e-05
2.54248e-05
4.78002e-05
2.68278e-05
4.38791e-05
2.78261e-05
3.96993e-05
2.84125e-05
3.53441e-05
2.8598e-05
3.08959e-05
2.84075e-05
2.64293e-05
2.78755e-05
2.20082e-05
2.70419e-05
1.76844e-05
2.59485e-05
1.34981e-05
2.46377e-05
9.47661e-06
2.3152e-05
5.63469e-06
2.15331e-05
1.97232e-06
1.98435e-05
-1.53222e-06
-4.87861e-06
1.81387e-05
2.76031e-06
6.45925e-05
5.65291e-06
7.06001e-05
7.89084e-06
6.16921e-05
9.88214e-06
5.91812e-05
1.20082e-05
5.87256e-05
1.42244e-05
5.74471e-05
1.63604e-05
5.53002e-05
1.8305e-05
5.26712e-05
2.00078e-05
4.96894e-05
2.14336e-05
4.63744e-05
2.25491e-05
4.27636e-05
2.3331e-05
3.89174e-05
2.37702e-05
3.4905e-05
2.3871e-05
3.07951e-05
2.36493e-05
2.6651e-05
2.31298e-05
2.25276e-05
2.2343e-05
1.84712e-05
2.13237e-05
1.45175e-05
2.01098e-05
1.06905e-05
1.87439e-05
7.00064e-06
1.72721e-05
3.44418e-06
1.57462e-05
-6.3119e-09
-3.36755e-06
1.42352e-05
2.58914e-06
6.20033e-05
5.1105e-06
6.80787e-05
6.88251e-06
5.992e-05
8.45547e-06
5.76082e-05
1.01748e-05
5.70062e-05
1.19565e-05
5.56653e-05
1.36473e-05
5.36094e-05
1.51651e-05
5.11533e-05
1.64805e-05
4.83741e-05
1.7567e-05
4.52879e-05
1.83981e-05
4.19325e-05
1.89554e-05
3.83602e-05
1.92309e-05
3.46295e-05
1.92275e-05
3.07985e-05
1.89577e-05
2.69208e-05
1.84416e-05
2.30437e-05
1.77053e-05
1.92075e-05
1.67794e-05
1.54434e-05
1.56989e-05
1.17711e-05
1.45037e-05
8.19594e-06
1.32369e-05
4.711e-06
1.19391e-05
1.29156e-06
-2.10016e-06
1.06717e-05
2.4334e-06
5.95699e-05
4.66357e-06
6.58484e-05
6.01882e-06
5.85647e-05
7.21942e-06
5.64075e-05
8.57983e-06
5.56457e-05
9.98675e-06
5.42584e-05
1.12956e-05
5.23006e-05
1.24487e-05
5.00001e-05
1.34315e-05
4.73914e-05
1.42225e-05
4.44969e-05
1.48031e-05
4.1352e-05
1.51614e-05
3.80019e-05
1.52934e-05
3.44975e-05
1.52037e-05
3.08881e-05
1.4904e-05
2.72204e-05
1.44118e-05
2.35358e-05
1.37481e-05
1.98712e-05
1.29367e-05
1.62549e-05
1.20039e-05
1.2704e-05
1.09777e-05
9.22214e-06
9.88697e-06
5.80181e-06
8.75962e-06
2.41891e-06
-8.91464e-07
7.55089e-06
1.99133e-06
3.56307e-06
4.42487e-06
5.15545e-06
5.98614e-06
6.8418e-06
7.61247e-06
8.2739e-06
8.81379e-06
9.21927e-06
9.48173e-06
9.59681e-06
9.56543e-06
9.39284e-06
9.08748e-06
8.6599e-06
8.12177e-06
7.48558e-06
6.76446e-06
5.97154e-06
5.12021e-06
4.23166e-06
3.40982e-06
-2.83266e-06
-5.85071e-06
5.9217e-06
-8.75436e-06
1.36203e-05
-7.69862e-06
-6.0023e-06
1.96226e-05
-5.14709e-06
-1.19499e-05
3.69174e-06
-1.75932e-05
1.37488e-05
-1.77557e-05
-1.311e-05
2.08565e-05
-8.67476e-05
-2.53489e-05
-6.95023e-05
-3.48386e-05
-5.1115e-05
-3.6143e-05
-2.87931e-05
-3.54318e-05
-0.000136068
-3.91028e-05
-0.00011651
-5.43967e-05
-9.95723e-05
-5.3081e-05
-4.1894e-05
-8.64714e-05
-0.000148076
-6.20055e-05
-0.000136402
-6.60702e-05
-0.0001249
-6.45835e-05
-4.99431e-05
-0.00011685
-0.000152013
-7.50826e-05
-0.00014186
-7.62236e-05
-0.000140835
-6.56079e-05
-5.40476e-05
-0.000136731
-0.000169535
-7.28131e-05
-0.000169072
-7.66862e-05
-0.000163203
-7.14774e-05
-5.91765e-05
-0.000158074
-0.000169375
-6.69646e-05
-0.000176499
-6.9562e-05
-0.000179313
-6.86632e-05
-6.39411e-05
-0.000174548
-0.000164819
-6.97015e-05
-0.000165932
-6.8449e-05
-0.000167722
-6.68739e-05
-6.31325e-05
-0.00016853
-0.000167354
-6.73852e-05
-0.000166994
-6.88089e-05
-0.000160309
-7.35586e-05
-6.51647e-05
-0.000158277
-0.000143374
-7.20051e-05
-0.000141059
-7.11232e-05
-0.000149847
-6.47709e-05
-6.04915e-05
-0.00015452
-0.000126376
-7.57803e-05
-0.000124853
-7.26468e-05
-0.000122949
-6.66747e-05
-6.18491e-05
-0.000121591
-9.93884e-05
-7.38078e-05
-9.92229e-05
-7.2812e-05
-9.82428e-05
-6.76547e-05
-6.1944e-05
-9.81477e-05
-6.17004e-05
-6.81324e-05
-6.38486e-05
-7.06637e-05
-6.4244e-05
-6.72593e-05
-6.10991e-05
-6.50889e-05
-2.0136e-05
-6.05471e-05
-2.67385e-05
-6.40612e-05
-3.03964e-05
-6.36014e-05
-5.95625e-05
-3.1933e-05
1.7725e-05
-5.39206e-05
9.23582e-06
-5.55719e-05
1.78724e-06
-5.61527e-05
-5.49479e-05
-2.82734e-06
3.78786e-05
-4.87164e-05
3.15795e-05
-4.92728e-05
2.46463e-05
-4.92195e-05
-4.86718e-05
1.83702e-05
3.99856e-05
-4.47253e-05
3.53294e-05
-4.46166e-05
3.02435e-05
-4.41336e-05
-4.32563e-05
2.48281e-05
3.591e-05
-4.11764e-05
3.19831e-05
-4.06897e-05
2.78116e-05
-3.99621e-05
-3.89542e-05
2.35095e-05
3.46431e-05
-3.76582e-05
3.0973e-05
-3.70196e-05
2.72349e-05
-3.62239e-05
-3.5302e-05
2.35826e-05
3.66591e-05
-3.43168e-05
3.33509e-05
-3.37114e-05
3.01364e-05
-3.30095e-05
-3.22484e-05
2.70828e-05
3.96189e-05
-3.12437e-05
3.66758e-05
-3.07683e-05
3.38998e-05
-3.02336e-05
-2.96616e-05
3.1313e-05
4.21449e-05
-2.83642e-05
3.94104e-05
-2.80338e-05
3.68443e-05
-2.76674e-05
-2.72879e-05
3.44706e-05
4.37617e-05
-2.56353e-05
4.11905e-05
-2.54626e-05
3.87839e-05
-2.52608e-05
-2.50474e-05
3.65435e-05
4.45538e-05
-2.30242e-05
4.20935e-05
-2.30023e-05
3.97864e-05
-2.29537e-05
-2.28952e-05
3.76342e-05
4.46872e-05
-2.05441e-05
4.23463e-05
-2.06614e-05
4.01432e-05
-2.07506e-05
-2.0828e-05
3.8076e-05
4.42319e-05
-1.82111e-05
4.20213e-05
-1.84508e-05
3.99308e-05
-1.86601e-05
-1.8855e-05
3.79579e-05
4.32621e-05
-1.60429e-05
4.11974e-05
-1.63861e-05
3.92339e-05
-1.66966e-05
-1.69893e-05
3.73681e-05
4.18548e-05
-1.40516e-05
3.99491e-05
-1.44803e-05
3.81275e-05
-1.48751e-05
-1.52488e-05
3.63871e-05
4.01089e-05
-1.22497e-05
3.83776e-05
-1.2749e-05
3.6717e-05
-1.32145e-05
-1.36567e-05
3.5125e-05
3.81336e-05
-1.06479e-05
3.65916e-05
-1.12069e-05
3.51108e-05
-1.17335e-05
-1.22349e-05
3.3689e-05
3.6023e-05
-9.25052e-06
3.4676e-05
-9.85989e-06
3.33811e-05
-1.04386e-05
-1.099e-05
3.21363e-05
3.37915e-05
-8.04336e-06
3.26241e-05
-8.69249e-06
3.14966e-05
-9.31101e-06
-9.89913e-06
3.04057e-05
3.13406e-05
-6.98557e-06
3.03078e-05
-7.65972e-06
2.92987e-05
-8.30191e-06
-8.91003e-06
2.83096e-05
2.84857e-05
-6.02073e-06
2.75304e-05
-6.70451e-06
2.65824e-05
-7.35389e-06
-7.96532e-06
2.56376e-05
2.51087e-05
-5.10373e-06
2.41905e-05
-5.78631e-06
2.32699e-05
-6.43338e-06
-7.03973e-06
2.23443e-05
2.12952e-05
-4.22783e-06
2.0417e-05
-4.90815e-06
1.95363e-05
-5.55278e-06
-6.15748e-06
1.86541e-05
1.73324e-05
-3.42154e-06
1.65288e-05
-4.10454e-06
1.57313e-05
-4.75527e-06
-5.37563e-06
1.49494e-05
1.35322e-05
-2.71859e-06
1.28375e-05
-3.40988e-06
1.21629e-05
-4.08065e-06
-4.74185e-06
1.15291e-05
1.00827e-05
-2.12961e-06
9.50807e-06
-2.83532e-06
8.96588e-06
-3.5385e-06
-4.2536e-06
8.47759e-06
7.00311e-06
-1.58187e-06
6.48675e-06
-2.31901e-06
6.02245e-06
-3.07424e-06
-3.85363e-06
5.62244e-06
3.03823e-06
2.70461e-06
2.42528e-06
2.20929e-06
4.14935e-05
2.75567e-05
5.14182e-05
3.43291e-05
4.03597e-05
5.64411e-06
3.57907e-06
9.32428e-06
-4.87769e-05
8.86617e-05
-0.000118141
0.000237921
-9.65707e-05
0.000228589
-9.86761e-05
7.89164e-05
-0.000151972
5.75658e-05
-0.000251894
0.000109027
-0.000422448
0.0002505
-0.00048317
0.000163532
-0.000483571
-4.75646e-05
-0.000469436
-0.000204518
-0.000403373
-0.000297144
-0.000281792
-0.000301744
-0.000148703
-0.000211682
-5.21712e-05
-0.000134548
-7.47437e-05
4.65868e-05
1.82636e-06
5.05481e-05
3.03678e-05
1.58667e-05
4.03255e-05
-4.38878e-05
6.90788e-05
-0.000106499
0.000151273
-0.000148165
0.000279587
-0.000112755
0.000193178
-0.000132349
9.85107e-05
-0.000199435
0.000124652
-0.000339698
0.00024929
-0.000409819
0.000320621
-0.000402044
0.000155757
-0.000404805
-4.48037e-05
-0.000449727
-0.000159595
-0.00050017
-0.000246701
-0.000483246
-0.000318669
-0.000356831
-0.000338097
-0.000153289
-0.00033809
-0.000228033
-6.1505e-06
-2.74549e-05
-6.12074e-06
3.03381e-05
-4.35766e-05
7.77814e-05
-9.79762e-05
0.000123478
-0.000157209
0.000210506
-0.000170396
0.000292775
-0.000161485
0.000184267
-0.00019163
0.000128655
-0.000274494
0.000207516
-0.000337073
0.000311869
-0.000299404
0.000282952
-0.000220731
7.70835e-05
-0.000176978
-8.85565e-05
-0.000185199
-0.000151375
-0.00027549
-0.00015641
-0.000363026
-0.000231132
-0.00039242
-0.000308703
-0.000229627
-0.000500883
-0.00045766
-6.87076e-05
-4.52188e-05
-7.12122e-05
3.28427e-05
-9.63956e-05
0.000102965
-0.000139816
0.000166898
-0.000184479
0.000255169
-0.000176004
0.000284299
-0.000181096
0.000189359
-0.000218658
0.000166217
-0.00025952
0.000248378
-0.000238269
0.000290619
-0.000146142
0.000190825
-6.86239e-05
-4.3465e-07
-3.50001e-05
-0.00012218
3.35997e-07
-0.000186711
2.51877e-05
-0.000181262
7.63104e-06
-0.000213575
-6.94515e-05
-0.00023162
-7.54547e-05
-0.00049488
-0.000533114
-0.000105929
-5.61407e-05
-0.000107253
3.41671e-05
-0.000126108
0.00012182
-0.000162537
0.000203328
-0.000197637
0.000290269
-0.000186202
0.000272864
-0.000189712
0.00019287
-0.000201892
0.000178397
-0.000159467
0.000205952
-7.11393e-05
0.000202291
2.77842e-05
9.19016e-05
3.87376e-05
-1.13882e-05
-8.29149e-06
-7.5151e-05
-2.09655e-05
-0.000174037
-6.48797e-06
-0.000195739
5.48455e-05
-0.000274909
7.94951e-05
-0.00025627
-2.65777e-05
-0.000388807
-0.000559692
-0.000127246
-6.56251e-05
-0.00012327
3.01903e-05
-0.000133276
0.000131826
-0.000162761
0.000232813
-0.000181041
0.000308549
-0.000177363
0.000269187
-0.00017748
0.000192987
-0.000148705
0.000149622
-7.98576e-05
0.000137105
-1.22232e-05
0.000134657
1.87285e-06
7.78056e-05
-1.53907e-05
5.87529e-06
-5.53204e-06
-8.50097e-05
6.82536e-06
-0.000186394
3.51231e-05
-0.000224037
6.17511e-05
-0.000301537
9.12333e-05
-0.000285752
8.12583e-06
-0.0003057
-0.000551566
-0.000141605
-8.2094e-05
-0.000124655
1.32405e-05
-0.000119102
0.000126272
-0.000128297
0.000242009
-0.000142047
0.000322298
-0.000150243
0.000277382
-0.000148478
0.000191222
-0.00012048
0.000121624
-7.25152e-05
8.91401e-05
-1.91487e-05
8.12903e-05
8.42037e-06
5.02366e-05
4.58629e-05
-3.15674e-05
9.86786e-05
-0.000137825
0.000120349
-0.000208065
0.000130623
-0.000234311
0.000108202
-0.000279116
8.06845e-05
-0.000258235
2.96779e-05
-0.000254693
-0.000521888
-0.000152113
-0.00010453
-0.000117752
-2.11202e-05
-8.77788e-05
9.62991e-05
-5.36449e-05
0.000207875
-2.43606e-05
0.000293014
-5.71913e-05
0.000310213
-9.44143e-05
0.000228445
-9.3581e-05
0.000120791
-5.69881e-05
5.25471e-05
2.19157e-05
2.38653e-06
0.000124756
-5.26035e-05
0.000201636
-0.000108448
0.000226685
-0.000162874
0.000221441
-0.00020282
0.000192242
-0.000205112
0.000125232
-0.000212106
7.85176e-05
-0.000211521
4.20542e-05
-0.00021823
-0.000479834
-0.000152619
-0.000120441
-0.000114404
-5.93353e-05
-6.24443e-05
4.43393e-05
-9.07131e-09
0.000145439
7.85487e-05
0.000214456
6.99608e-05
0.000318801
1.83723e-05
0.000280033
8.20583e-06
0.000130958
8.02619e-05
-1.95091e-05
0.000183019
-0.00010037
0.00025181
-0.000121395
0.000273723
-0.000130361
0.000256079
-0.00014523
0.000209611
-0.000156352
0.000173289
-0.00016879
0.000130081
-0.000168899
9.81899e-05
-0.000179629
5.71317e-05
-0.000177172
-0.000422702
-0.000149394
-0.000129324
-0.000119732
-8.89968e-05
-6.31256e-05
-1.22675e-05
-4.49758e-06
8.68114e-05
3.1336e-05
0.000178622
9.72787e-05
0.000252858
0.000115734
0.000261579
0.00015128
9.54115e-05
0.000209663
-7.78926e-05
0.000227409
-0.000118117
0.000222519
-0.000116504
0.000208572
-0.000116414
0.000182937
-0.000119595
0.000163206
-0.000136621
0.00013734
-0.000142923
0.000123574
-0.000155133
0.000113314
-0.00016937
6.09716e-05
-0.000124829
-0.000361731
-0.000151863
-0.000131981
-0.000121059
-0.0001198
-7.58852e-05
-5.74414e-05
-1.24687e-05
2.33949e-05
4.7457e-05
0.000118697
9.83831e-05
0.000201932
0.000127328
0.000232633
0.000164473
5.82665e-05
0.000177479
-9.08977e-05
0.000172471
-0.000113109
0.00016097
-0.000105003
0.000142977
-9.84203e-05
0.000126469
-0.000103088
0.000113884
-0.000124035
0.000111341
-0.00014038
0.000112646
-0.000156438
8.87822e-05
-0.000145506
3.69354e-05
-7.2982e-05
-0.000324795
-0.00012551
-0.000128062
-0.000139427
-0.000105883
-9.99083e-05
-9.69606e-05
-4.13853e-05
-3.51282e-05
2.00979e-05
5.72136e-05
6.81194e-05
0.000153911
0.000105416
0.000195336
0.000137524
2.61587e-05
0.000105212
-5.85859e-05
9.54026e-05
-0.000103299
9.67852e-05
-0.000106386
9.63376e-05
-9.79727e-05
8.91977e-05
-9.5948e-05
9.29725e-05
-0.00012781
0.000105146
-0.000152554
6.11892e-05
-0.000112482
1.62171e-05
-0.000100534
4.95455e-06
-6.17194e-05
-0.000319841
-0.000101797
-0.000124413
-0.000109036
-9.86429e-05
-0.000125627
-8.03697e-05
-7.98752e-05
-8.08801e-05
-2.81701e-05
5.50858e-06
3.1592e-05
9.41484e-05
7.78293e-05
0.000149099
6.37442e-05
4.02439e-05
3.99403e-05
-3.4782e-05
2.75817e-05
-9.09406e-05
3.54309e-05
-0.000114235
5.29754e-05
-0.000115517
7.05869e-05
-0.000113559
6.89446e-05
-0.000126168
2.368e-05
-0.000107289
8.30632e-06
-9.7108e-05
-4.44062e-06
-8.77872e-05
8.11861e-06
-7.42788e-05
-0.000311722
-6.54272e-05
-0.000124075
-7.48358e-05
-8.92343e-05
-8.67076e-05
-6.84979e-05
-0.000119056
-4.85316e-05
-6.79254e-05
-4.56222e-05
-1.48465e-05
4.10696e-05
2.5402e-05
0.000108851
3.10662e-05
3.45797e-05
4.49061e-05
-4.86218e-05
3.48826e-05
-8.09171e-05
3.45301e-05
-0.000113883
2.80754e-05
-0.000109062
1.39766e-05
-9.94607e-05
-4.00286e-06
-0.000108188
-1.34321e-05
-9.78597e-05
-8.04693e-06
-0.000102493
1.19519e-06
-9.70294e-05
1.17259e-05
-8.48095e-05
-0.000299996
-3.32465e-05
-0.000122762
-2.94668e-05
-9.3014e-05
-3.75883e-05
-6.03763e-05
-5.05457e-05
-3.55741e-05
-9.74691e-05
1.30124e-06
-4.16187e-05
-1.47808e-05
7.79363e-06
5.94382e-05
6.14806e-05
-1.91073e-05
5.18707e-05
-3.90119e-05
4.97235e-05
-7.87699e-05
2.9565e-05
-9.37243e-05
1.62291e-05
-9.57265e-05
9.61552e-06
-9.28471e-05
4.47216e-06
-0.000103045
6.61706e-06
-0.000100005
-3.95265e-07
-9.54809e-05
1.31257e-06
-9.87373e-05
9.5145e-06
-9.30114e-05
-0.000290482
-8.83485e-06
-0.000116754
-9.82758e-06
-9.20212e-05
-6.38251e-06
-6.38214e-05
-5.41321e-06
-3.65434e-05
1.0447e-06
-5.15665e-06
-8.22953e-07
-1.29132e-05
1.94836e-05
3.91316e-05
3.44774e-05
-3.41011e-05
5.96112e-05
-6.41457e-05
5.31718e-05
-7.23305e-05
3.90831e-05
-7.96356e-05
2.85306e-05
-8.51741e-05
2.40854e-05
-8.84018e-05
1.50232e-05
-9.39827e-05
8.60562e-06
-9.35871e-05
-1.56231e-06
-8.53129e-05
-5.78156e-07
-9.97213e-05
7.84734e-06
-0.000101437
-0.000282634
6.98589e-06
-0.00010537
1.02974e-06
-8.60651e-05
8.41423e-07
-6.36331e-05
7.51221e-06
-4.32142e-05
2.69149e-05
-2.45593e-05
2.82867e-05
-1.4285e-05
6.91355e-05
-1.71722e-06
6.93786e-05
-3.43441e-05
5.9805e-05
-5.45721e-05
5.01498e-05
-6.26753e-05
4.14645e-05
-7.09502e-05
3.34878e-05
-7.71973e-05
2.63243e-05
-8.12385e-05
1.80168e-05
-8.56752e-05
1.13259e-05
-8.68961e-05
1.78813e-06
-7.57751e-05
-5.17768e-07
-9.74154e-05
6.44378e-06
-0.000108398
-0.000276191
1.33273e-05
-9.38688e-05
6.06187e-06
-7.87997e-05
4.84173e-06
-6.2413e-05
8.88119e-06
-4.72536e-05
1.84705e-05
-3.41486e-05
3.09434e-05
-2.67579e-05
5.21744e-05
-2.29483e-05
5.41787e-05
-3.63484e-05
4.96717e-05
-5.00652e-05
4.55898e-05
-5.85933e-05
4.04468e-05
-6.58072e-05
3.5285e-05
-7.20355e-05
3.0726e-05
-7.66794e-05
2.50836e-05
-8.00329e-05
1.76014e-05
-7.94139e-05
7.03037e-06
-6.52041e-05
-1.36181e-06
-8.90233e-05
4.53569e-06
-0.000114296
-0.000271655
1.43877e-05
-8.47471e-05
8.52741e-06
-7.29394e-05
7.10937e-06
-6.0995e-05
1.02274e-05
-5.03717e-05
1.78634e-05
-4.17846e-05
2.77501e-05
-3.66447e-05
4.03226e-05
-3.55208e-05
4.56223e-05
-4.16481e-05
4.56709e-05
-5.01138e-05
4.45395e-05
-5.74619e-05
4.29215e-05
-6.41892e-05
4.09913e-05
-7.01053e-05
3.78839e-05
-7.35721e-05
3.18785e-05
-7.40275e-05
2.28375e-05
-7.03731e-05
1.14387e-05
-5.38054e-05
-3.19412e-06
-7.43905e-05
2.56184e-06
-0.000120052
-0.000269093
1.64761e-05
-7.76406e-05
1.2374e-05
-6.88374e-05
1.15784e-05
-6.01995e-05
1.40382e-05
-5.28316e-05
1.94838e-05
-4.72302e-05
2.68162e-05
-4.39772e-05
3.48823e-05
-4.35869e-05
4.01508e-05
-4.69165e-05
4.25634e-05
-5.25263e-05
4.40612e-05
-5.89597e-05
4.54785e-05
-6.56065e-05
4.6142e-05
-7.07688e-05
4.43491e-05
-7.17793e-05
3.80833e-05
-6.77618e-05
2.72815e-05
-5.95714e-05
1.35378e-05
-4.00617e-05
-7.03299e-06
-5.38197e-05
1.72633e-07
-0.000127258
-0.000268921
2.1269e-05
-7.18268e-05
1.79628e-05
-6.55313e-05
1.72188e-05
-5.94555e-05
1.87761e-05
-5.4389e-05
2.2306e-05
-5.07602e-05
2.71822e-05
-4.88534e-05
3.24837e-05
-4.88885e-05
3.67431e-05
-5.11758e-05
4.00166e-05
-5.57997e-05
4.38343e-05
-6.27773e-05
4.85425e-05
-7.03148e-05
5.19676e-05
-7.41939e-05
5.11039e-05
-7.09155e-05
4.37451e-05
-6.0403e-05
3.01355e-05
-4.59618e-05
1.22905e-05
-2.22168e-05
-1.1547e-05
-2.99821e-05
-8.49673e-07
-0.000137955
-0.00026977
2.6314e-05
-6.68279e-05
2.3165e-05
-6.23823e-05
2.19104e-05
-5.82009e-05
2.2374e-05
-5.48526e-05
2.42679e-05
-5.26541e-05
2.71715e-05
-5.17571e-05
3.05196e-05
-5.22366e-05
3.38593e-05
-5.45155e-05
3.80862e-05
-6.00266e-05
4.47454e-05
-6.94365e-05
5.27148e-05
-7.82842e-05
5.79289e-05
-7.94079e-05
5.67319e-05
-6.97185e-05
4.76125e-05
-5.12836e-05
3.13302e-05
-2.96795e-05
1.01424e-05
-1.02895e-06
-1.16148e-05
-8.22495e-06
7.56907e-07
-0.000150326
-0.000269013
2.98419e-05
-6.21992e-05
2.66242e-05
-5.91646e-05
2.48074e-05
-5.63842e-05
2.43073e-05
-5.43525e-05
2.49444e-05
-5.32912e-05
2.64257e-05
-5.32384e-05
2.84277e-05
-5.42386e-05
3.12764e-05
-5.73642e-05
3.68344e-05
-6.55846e-05
4.61706e-05
-7.87726e-05
5.60757e-05
-8.81892e-05
6.12484e-05
-8.45806e-05
5.85311e-05
-6.70011e-05
4.77459e-05
-4.04983e-05
3.03952e-05
-1.23287e-05
8.90856e-06
2.04577e-05
-5.83483e-06
6.51848e-06
4.42111e-06
-0.000160582
-0.000264592
3.2034e-05
-5.76897e-05
2.86515e-05
-5.5782e-05
2.6402e-05
-5.41347e-05
2.51944e-05
-5.31449e-05
2.48663e-05
-5.29631e-05
2.52007e-05
-5.35728e-05
2.61447e-05
-5.51826e-05
2.87823e-05
-6.00017e-05
3.54058e-05
-7.22081e-05
4.57364e-05
-8.91031e-05
5.49221e-05
-9.73748e-05
5.80014e-05
-8.76599e-05
5.33438e-05
-6.23434e-05
4.21282e-05
-2.92827e-05
2.67759e-05
3.02362e-06
9.38708e-06
3.78466e-05
3.76631e-06
1.21393e-05
7.14531e-06
-0.000163961
-0.000257447
3.32312e-05
-5.32867e-05
2.97649e-05
-5.23157e-05
2.71962e-05
-5.15659e-05
2.54179e-05
-5.13665e-05
2.42728e-05
-5.1818e-05
2.35916e-05
-5.28917e-05
2.36049e-05
-5.51959e-05
2.58263e-05
-6.22231e-05
3.19197e-05
-7.83014e-05
4.01127e-05
-9.72961e-05
4.55707e-05
-0.000102833
4.52837e-05
-8.73728e-05
3.94647e-05
-5.65244e-05
3.02207e-05
-2.00387e-05
1.91805e-05
1.40639e-05
9.61676e-06
4.74104e-05
1.55334e-05
6.22264e-06
1.14e-05
-0.000159828
-0.000246047
3.37719e-05
-4.89826e-05
3.02348e-05
-4.87785e-05
2.73989e-05
-4.873e-05
2.51364e-05
-4.9104e-05
2.32866e-05
-4.99683e-05
2.17244e-05
-5.13295e-05
2.08211e-05
-5.42927e-05
2.17468e-05
-6.31487e-05
2.47299e-05
-8.12845e-05
2.74829e-05
-0.000100049
2.7229e-05
-0.000102579
2.36047e-05
-8.37485e-05
1.78501e-05
-5.07698e-05
1.23156e-05
-1.45043e-05
6.70149e-06
1.96781e-05
8.89474e-06
4.52172e-05
2.8249e-05
-1.31316e-05
1.91637e-05
-0.000150743
-0.000226883
3.37783e-05
-4.4803e-05
3.02176e-05
-4.52179e-05
2.71933e-05
-4.57056e-05
2.45751e-05
-4.64858e-05
2.22095e-05
-4.76026e-05
1.99976e-05
-4.91176e-05
1.81253e-05
-5.24203e-05
1.66683e-05
-6.16917e-05
1.4418e-05
-7.90342e-05
9.79284e-06
-9.54239e-05
3.02292e-06
-9.58089e-05
-3.22807e-06
-7.74975e-05
-7.93262e-06
-4.60652e-05
-1.16386e-05
-1.07983e-05
-1.00127e-05
1.80522e-05
1.04676e-05
2.47368e-05
3.80634e-05
-4.07274e-05
2.69189e-05
-0.000139598
-0.000199964
3.33546e-05
-4.07894e-05
2.98408e-05
-4.17041e-05
2.67508e-05
-4.26155e-05
2.39784e-05
-4.37135e-05
2.14002e-05
-4.50244e-05
1.8907e-05
-4.66243e-05
1.62193e-05
-4.97326e-05
1.21605e-05
-5.76328e-05
4.62426e-06
-7.14979e-05
-6.84993e-06
-8.39497e-05
-1.85224e-05
-8.41364e-05
-2.75657e-05
-6.84542e-05
-3.32749e-05
-4.0356e-05
-3.26214e-05
-1.14518e-05
-1.80401e-05
3.47091e-06
1.84151e-05
-1.17184e-05
4.39979e-05
-6.63102e-05
3.08321e-05
-0.000126432
-0.000169132
3.26039e-05
-3.70062e-05
2.92444e-05
-3.83445e-05
2.62592e-05
-3.96303e-05
2.35838e-05
-4.1038e-05
2.11408e-05
-4.25814e-05
1.87881e-05
-4.42716e-05
1.58295e-05
-4.6774e-05
1.03711e-05
-5.21744e-05
1.8822e-07
-6.1315e-05
-1.46756e-05
-6.90859e-05
-2.92604e-05
-6.95515e-05
-3.88911e-05
-5.88235e-05
-4.10061e-05
-3.8241e-05
-3.13732e-05
-2.10846e-05
-5.43682e-06
-2.24655e-05
3.12294e-05
-4.83846e-05
4.47144e-05
-7.97953e-05
2.94749e-05
-0.000111193
-0.000139657
3.1651e-05
-3.35322e-05
2.85637e-05
-3.52572e-05
2.58484e-05
-3.69151e-05
2.34787e-05
-3.86683e-05
2.14141e-05
-4.05168e-05
1.95014e-05
-4.23588e-05
1.69705e-05
-4.42432e-05
1.20139e-05
-4.72177e-05
2.81029e-06
-5.21114e-05
-1.04323e-05
-5.58433e-05
-2.37799e-05
-5.62039e-05
-3.05536e-05
-5.20498e-05
-2.58922e-05
-4.29024e-05
-1.01516e-05
-3.68252e-05
1.31982e-05
-4.58152e-05
3.38067e-05
-6.89932e-05
3.78687e-05
-8.38573e-05
2.39882e-05
-9.73126e-05
-0.000115669
3.05914e-05
-3.04346e-05
2.78605e-05
-3.25263e-05
2.55044e-05
-3.4559e-05
2.35084e-05
-3.66724e-05
2.18365e-05
-3.8845e-05
2.03678e-05
-4.08901e-05
1.85913e-05
-4.24667e-05
1.54198e-05
-4.40462e-05
9.87941e-06
-4.6571e-05
2.06071e-06
-4.80246e-05
-6.36637e-06
-4.77768e-05
-1.05241e-05
-4.7892e-05
-5.03155e-06
-4.83949e-05
9.27766e-06
-5.11344e-05
2.35077e-05
-6.00452e-05
2.97207e-05
-7.52062e-05
2.79619e-05
-8.20985e-05
1.76811e-05
-8.70319e-05
-9.79882e-05
2.94274e-05
-2.77257e-05
2.70468e-05
-3.01458e-05
2.50067e-05
-3.25189e-05
2.32758e-05
-3.49415e-05
2.18002e-05
-3.73695e-05
2.05074e-05
-3.95973e-05
1.92121e-05
-4.11714e-05
1.76348e-05
-4.2469e-05
1.55516e-05
-4.44877e-05
1.32482e-05
-4.57212e-05
1.07528e-05
-4.52813e-05
9.7134e-06
-4.68526e-05
1.25741e-05
-5.12556e-05
1.89758e-05
-5.7536e-05
2.35536e-05
-6.46231e-05
2.3338e-05
-7.49906e-05
1.97833e-05
-7.8544e-05
1.28253e-05
-8.0074e-05
-8.5163e-05
2.80089e-05
-2.53289e-05
2.58665e-05
-2.80034e-05
2.39883e-05
-3.06408e-05
2.23207e-05
-3.3274e-05
2.08031e-05
-3.5852e-05
1.93855e-05
-3.81798e-05
1.80864e-05
-3.98722e-05
1.71583e-05
-4.1541e-05
1.66908e-05
-4.40203e-05
1.67597e-05
-4.57901e-05
1.74166e-05
-4.59382e-05
1.82422e-05
-4.76782e-05
1.95567e-05
-5.25701e-05
2.09323e-05
-5.89116e-05
2.06222e-05
-6.4313e-05
1.78221e-05
-7.21905e-05
1.41768e-05
-7.48989e-05
9.24606e-06
-7.51433e-05
-7.5917e-05
2.60799e-05
-2.30992e-05
2.40233e-05
-2.59469e-05
2.2158e-05
-2.87756e-05
2.04231e-05
-3.15392e-05
1.87711e-05
-3.42001e-05
1.71387e-05
-3.65474e-05
1.56433e-05
-3.83769e-05
1.47594e-05
-4.06571e-05
1.45244e-05
-4.37853e-05
1.48525e-05
-4.61183e-05
1.59817e-05
-4.70674e-05
1.73408e-05
-4.90372e-05
1.79602e-05
-5.31895e-05
1.77961e-05
-5.87474e-05
1.64244e-05
-6.29414e-05
1.33919e-05
-6.9158e-05
1.00559e-05
-7.1563e-05
6.22597e-06
-7.13135e-05
-6.9691e-05
2.34525e-05
-2.09142e-05
2.14111e-05
-2.39056e-05
1.95438e-05
-2.69084e-05
1.77879e-05
-2.97834e-05
1.61128e-05
-3.25249e-05
1.44556e-05
-3.48904e-05
1.30201e-05
-3.69414e-05
1.2233e-05
-3.987e-05
1.19232e-05
-4.34756e-05
1.20179e-05
-4.6213e-05
1.28909e-05
-4.79403e-05
1.42163e-05
-5.03626e-05
1.47781e-05
-5.37513e-05
1.43193e-05
-5.82886e-05
1.28058e-05
-6.1428e-05
9.99303e-06
-6.63453e-05
6.83814e-06
-6.84081e-05
3.67992e-06
-6.81554e-05
-6.60111e-05
2.02036e-05
-1.87735e-05
1.82593e-05
-2.19614e-05
1.65182e-05
-2.51674e-05
1.49053e-05
-2.81705e-05
1.34205e-05
-3.10401e-05
1.20859e-05
-3.35559e-05
1.11676e-05
-3.60231e-05
1.08162e-05
-3.95186e-05
1.06869e-05
-4.33462e-05
1.07842e-05
-4.63103e-05
1.13529e-05
-4.8509e-05
1.20933e-05
-5.1103e-05
1.22043e-05
-5.38622e-05
1.14848e-05
-5.7569e-05
1.00079e-05
-5.99511e-05
7.44496e-06
-6.37823e-05
4.44792e-06
-6.54111e-05
1.89083e-06
-6.55983e-05
-6.41203e-05
1.66918e-05
-1.68113e-05
1.50066e-05
-2.02763e-05
1.3536e-05
-2.36968e-05
1.22138e-05
-2.68483e-05
1.11157e-05
-2.99421e-05
1.03865e-05
-3.28267e-05
1.02027e-05
-3.58393e-05
1.03267e-05
-3.96426e-05
1.03683e-05
-4.33878e-05
1.03711e-05
-4.6313e-05
1.04649e-05
-4.86027e-05
1.04318e-05
-5.10698e-05
1.00032e-05
-5.34337e-05
9.02548e-06
-5.65913e-05
7.64609e-06
-5.85718e-05
5.46108e-06
-6.15973e-05
2.95227e-06
-6.29024e-05
1.05774e-06
-6.37038e-05
-6.30626e-05
1.33234e-05
-1.51853e-05
1.19893e-05
-1.89423e-05
1.08512e-05
-2.25587e-05
9.92455e-06
-2.59216e-05
9.34006e-06
-2.93576e-05
9.22289e-06
-3.27095e-05
9.50526e-06
-3.61217e-05
9.70582e-06
-3.98431e-05
9.55926e-06
-4.32412e-05
9.20395e-06
-4.59577e-05
8.82772e-06
-4.82265e-05
8.36045e-06
-5.06025e-05
7.78762e-06
-5.28608e-05
6.82996e-06
-5.56336e-05
5.7159e-06
-5.74577e-05
4.06562e-06
-5.99471e-05
2.3008e-06
-6.11376e-05
9.42805e-07
-6.23458e-05
-6.21198e-05
1.02888e-05
-1.3945e-05
9.28478e-06
-1.79383e-05
8.51292e-06
-2.17868e-05
8.05982e-06
-2.54685e-05
7.94236e-06
-2.92401e-05
8.09917e-06
-3.28663e-05
8.31475e-06
-3.63372e-05
8.20901e-06
-3.97374e-05
7.74938e-06
-4.27816e-05
7.17342e-06
-4.53817e-05
6.68744e-06
-4.77404e-05
6.22146e-06
-5.01365e-05
5.76571e-06
-5.2405e-05
5.01009e-06
-5.4878e-05
4.23571e-06
-5.66833e-05
3.12344e-06
-5.88348e-05
2.02252e-06
-6.00367e-05
9.78885e-07
-6.13022e-05
-6.11409e-05
7.53863e-06
-1.30061e-05
6.83982e-06
-1.72395e-05
6.4629e-06
-2.14099e-05
6.38819e-06
-2.53938e-05
6.43145e-06
-2.92834e-05
6.44349e-06
-3.28784e-05
6.31989e-06
-3.62137e-05
5.96203e-06
-3.93795e-05
5.46485e-06
-4.22844e-05
5.00875e-06
-4.49256e-05
4.67594e-06
-4.74076e-05
4.35804e-06
-4.98186e-05
4.04011e-06
-5.20871e-05
3.52504e-06
-5.4363e-05
3.03497e-06
-5.61933e-05
2.32325e-06
-5.81232e-05
1.62903e-06
-5.93425e-05
8.03511e-07
-6.04767e-05
-6.03374e-05
4.89523e-06
-1.22789e-05
4.49762e-06
-1.68419e-05
4.38358e-06
-2.12959e-05
4.37024e-06
-2.53805e-05
4.27859e-06
-2.91918e-05
4.08411e-06
-3.26839e-05
3.82963e-06
-3.59592e-05
3.53262e-06
-3.90825e-05
3.24297e-06
-4.19947e-05
3.01355e-06
-4.46962e-05
2.83622e-06
-4.72303e-05
2.65021e-06
-4.96326e-05
2.45896e-06
-5.18959e-05
2.16521e-06
-5.40692e-05
1.88851e-06
-5.59166e-05
1.45665e-06
-5.76913e-05
1.02411e-06
-5.89099e-05
4.62082e-07
-5.99147e-05
-5.98753e-05
1.88709e-06
1.76662e-06
1.69659e-06
1.61053e-06
1.48925e-06
1.37211e-06
1.27423e-06
1.18441e-06
1.10441e-06
1.03731e-06
9.77196e-07
9.15899e-07
8.52525e-07
7.54351e-07
6.62494e-07
5.01292e-07
3.45293e-07
1.24108e-07
)
;

boundaryField
{
    leftWall
    {
        type            calculated;
        value           uniform 0;
    }
    rightWall
    {
        type            calculated;
        value           uniform 0;
    }
    lowerWall
    {
        type            calculated;
        value           uniform 0;
    }
    atmosphere
    {
        type            calculated;
        value           nonuniform List<scalar> 
46
(
5.75785e-05
6.42767e-05
5.77029e-05
5.56769e-05
5.4815e-05
5.34027e-05
5.15299e-05
4.93387e-05
4.68515e-05
4.40915e-05
4.10895e-05
3.78868e-05
3.45288e-05
3.10607e-05
2.75257e-05
2.39634e-05
2.04094e-05
1.68911e-05
1.34252e-05
1.00151e-05
6.65314e-06
3.30744e-06
-6.96576e-08
-1.21031e-06
-1.98542e-06
-2.79495e-06
-3.63765e-06
-1.19567e-05
-1.67214e-05
-2.12259e-05
-2.52944e-05
-2.90705e-05
-3.25668e-05
-3.58613e-05
-3.89927e-05
-4.19148e-05
-4.46291e-05
-4.71702e-05
-4.95713e-05
-5.18325e-05
-5.39711e-05
-5.58248e-05
-5.75301e-05
-5.87539e-05
-5.96935e-05
-5.97512e-05
)
;
    }
    defaultFaces
    {
        type            empty;
    }
}


// ************************************************************************* //
