/*--------------------------------*- C++ -*----------------------------------*\
  =========                 |
  \\      /  F ield         | OpenFOAM: The Open Source CFD Toolbox
   \\    /   O peration     | Website:  https://openfoam.org
    \\  /    A nd           | Version:  13
     \\/     M anipulation  |
\*---------------------------------------------------------------------------*/
FoamFile
{
    format      ascii;
    class       volVectorField;
    location    "0.9";
    object      U;
}
// * * * * * * * * * * * * * * * * * * * * * * * * * * * * * * * * * * * * * //

dimensions      [0 1 -1 0 0 0 0];

internalField   nonuniform List<vector> 
2268
(
(0.00600808 -0.00864118 0)
(-0.00164436 0.000664118 0)
(-0.039597 0.0121693 0)
(-0.100917 0.0171687 0)
(-0.140148 0.00891909 0)
(-0.12866 -0.0033814 0)
(-0.0963726 -0.00610766 0)
(-0.0757847 -0.00295205 0)
(-0.0676957 -9.34251e-05 0)
(-0.0700648 0.00236297 0)
(-0.081405 0.00467246 0)
(-0.101356 0.0057543 0)
(-0.125703 0.00325092 0)
(-0.141726 -0.00435571 0)
(-0.139379 -0.0111933 0)
(-0.137497 -0.000895639 0)
(-0.185283 0.0210264 0)
(-0.270672 0.0226313 0)
(-0.292162 0.000987359 0)
(-0.228061 -0.0198034 0)
(-0.159814 -0.0240277 0)
(-0.0937576 -0.02379 0)
(-0.0290261 -0.0184819 0)
(-0.0284498 0.00683174 0)
(-0.0874756 0.0227254 0)
(-0.149372 0.0357452 0)
(-0.18816 0.0302706 0)
(-0.177839 0.00404615 0)
(-0.139773 -0.0183177 0)
(-0.105794 -0.0201972 0)
(-0.080299 -0.0108336 0)
(-0.0698515 -0.001814 0)
(-0.0700239 0.00501418 0)
(-0.0777575 0.0112735 0)
(-0.0925423 0.0164002 0)
(-0.114722 0.0174642 0)
(-0.144504 0.0119838 0)
(-0.184192 0.00811363 0)
(-0.230816 0.0234711 0)
(-0.269195 0.039239 0)
(-0.266564 0.0219026 0)
(-0.184632 -0.0203282 0)
(-0.113899 -0.0449339 0)
(-0.0771071 -0.0442951 0)
(-0.0471706 -0.0459018 0)
(-0.0108967 -0.0415319 0)
(-0.0418495 0.0417406 0)
(-0.111394 0.0532694 0)
(-0.168277 0.054964 0)
(-0.193679 0.0333442 0)
(-0.182388 -0.00867461 0)
(-0.151546 -0.0374743 0)
(-0.115989 -0.0370096 0)
(-0.089905 -0.0204361 0)
(-0.0767299 -0.00462679 0)
(-0.074119 0.00638941 0)
(-0.0779482 0.0152849 0)
(-0.0854277 0.0227678 0)
(-0.0959893 0.0276048 0)
(-0.112772 0.0290719 0)
(-0.140654 0.0298549 0)
(-0.173658 0.0354151 0)
(-0.181052 0.0292548 0)
(-0.128873 -0.0119874 0)
(-0.0473335 -0.0586694 0)
(-0.0109451 -0.0671172 0)
(0.00822676 -0.0512324 0)
(-0.00341295 -0.0490074 0)
(0.00908406 -0.0456309 0)
(-0.0401038 0.0763647 0)
(-0.0995365 0.0816545 0)
(-0.14992 0.0726659 0)
(-0.178186 0.0392071 0)
(-0.173102 -0.0153389 0)
(-0.144557 -0.0545909 0)
(-0.118281 -0.0524739 0)
(-0.0993259 -0.0296743 0)
(-0.0872625 -0.00840594 0)
(-0.0839175 0.00658886 0)
(-0.0874265 0.0178792 0)
(-0.0950558 0.0262015 0)
(-0.103404 0.0310402 0)
(-0.109811 0.033729 0)
(-0.111607 0.0364473 0)
(-0.102683 0.0359404 0)
(-0.0725468 0.0150115 0)
(-0.0168486 -0.0319441 0)
(0.0259471 -0.0700254 0)
(0.0294365 -0.0713752 0)
(0.0367085 -0.0496119 0)
(0.00912943 -0.0438967 0)
(0.014617 -0.0391012 0)
(-0.0313252 0.104959 0)
(-0.075005 0.10544 0)
(-0.118134 0.0893449 0)
(-0.144778 0.0467955 0)
(-0.137615 -0.0207317 0)
(-0.116177 -0.0662234 0)
(-0.108966 -0.060736 0)
(-0.10374 -0.0350578 0)
(-0.0954141 -0.0107464 0)
(-0.0911617 0.00690363 0)
(-0.0935379 0.021105 0)
(-0.10271 0.0307199 0)
(-0.114259 0.0346399 0)
(-0.12209 0.0340485 0)
(-0.117837 0.0299617 0)
(-0.0921015 0.0187099 0)
(-0.0461939 -0.0119842 0)
(0.00161069 -0.0548787 0)
(0.0304334 -0.0780339 0)
(0.0339801 -0.0704983 0)
(0.0341449 -0.0430523 0)
(0.00210524 -0.0372925 0)
(0.0112071 -0.035912 0)
(-0.0194668 0.125457 0)
(-0.0450771 0.123633 0)
(-0.075938 0.102198 0)
(-0.094112 0.0522954 0)
(-0.0839019 -0.0242649 0)
(-0.0729229 -0.0711883 0)
(-0.0920848 -0.0615424 0)
(-0.0978961 -0.0354146 0)
(-0.0877394 -0.0110633 0)
(-0.0796982 0.00773689 0)
(-0.0807858 0.0258138 0)
(-0.0941442 0.0383787 0)
(-0.113412 0.0416503 0)
(-0.129352 0.036956 0)
(-0.132417 0.0239651 0)
(-0.1131 0.000506422 0)
(-0.0709057 -0.037121 0)
(-0.0154475 -0.0753662 0)
(0.0364006 -0.0913554 0)
(0.0561097 -0.0721146 0)
(0.0447331 -0.0335237 0)
(0.00430342 -0.0300776 0)
(0.00632758 -0.0343747 0)
(-0.00501961 0.133327 0)
(-0.0129111 0.133422 0)
(-0.0307512 0.108903 0)
(-0.0384539 0.056533 0)
(-0.0190798 -0.0217566 0)
(-0.0198308 -0.0681296 0)
(-0.0719776 -0.0537506 0)
(-0.0739511 -0.0359844 0)
(-0.0567214 -0.0155023 0)
(-0.0495468 0.00144733 0)
(-0.0502048 0.0255897 0)
(-0.0637062 0.0440675 0)
(-0.0893355 0.0493311 0)
(-0.118173 0.0433682 0)
(-0.134822 0.0236147 0)
(-0.125629 -0.0114789 0)
(-0.0799948 -0.0648948 0)
(-0.00484733 -0.115935 0)
(0.0616923 -0.122151 0)
(0.0986207 -0.0760595 0)
(0.0811002 -0.0219822 0)
(0.0183994 -0.0177667 0)
(0.00414094 -0.0340724 0)
(0.00963665 0.139125 0)
(0.0201156 0.139488 0)
(0.0193793 0.109945 0)
(0.0398612 0.0440951 0)
(0.0775785 -0.0338781 0)
(0.0235949 -0.0455886 0)
(-0.0564675 -0.0346635 0)
(-0.051683 -0.041816 0)
(-0.0574829 -0.0127983 0)
(-0.0734079 0.0128367 0)
(-0.0721021 0.0415016 0)
(-0.0664974 0.0627751 0)
(-0.0717203 0.0686321 0)
(-0.0959261 0.059258 0)
(-0.124059 0.029424 0)
(-0.127078 -0.0227397 0)
(-0.0813153 -0.0994412 0)
(-0.0201336 -0.13823 0)
(0.0562487 -0.129058 0)
(0.120258 -0.0718454 0)
(0.120263 0.00828401 0)
(0.0354387 0.00318872 0)
(0.000443661 -0.030426 0)
(0.0495152 0.000667365 0)
(-0.240102 0.0578176 0)
(-0.375128 0.0108394 0)
(-0.16316 -0.0678957 0)
(0.0818613 -0.0758776 0)
(0.241863 -0.0411501 0)
(0.267712 -0.0050324 0)
(-0.0995289 0.0725846 0)
(-0.262009 0.0188743 0)
(-0.181474 -0.0226435 0)
(-0.220108 0.00335902 0)
(-0.200866 -0.0181609 0)
(-0.0554309 -0.0406362 0)
(0.163553 -0.0541098 0)
(0.381297 -0.00851538 0)
(0.387102 0.0692961 0)
(0.0959576 0.0749492 0)
(-0.196301 -0.0291105 0)
(-0.0473991 -0.047192 0)
(-0.0965758 0.0787369 0)
(-0.367044 0.123 0)
(-0.326447 -0.017696 0)
(-0.16179 -0.161369 0)
(-0.00842126 -0.148391 0)
(0.0745734 -0.0293533 0)
(-0.0498149 0.126832 0)
(-0.268098 0.128975 0)
(-0.289135 0.0214802 0)
(-0.392616 0.0137317 0)
(-0.40196 0.00362391 0)
(-0.417212 -0.0411174 0)
(-0.339629 -0.0965103 0)
(-0.146218 -0.145246 0)
(0.109341 -0.0923351 0)
(0.38385 0.0626468 0)
(0.319344 0.154435 0)
(0.0288078 0.0775305 0)
(-0.0355635 -0.0700872 0)
(-0.141883 0.166528 0)
(-0.329486 0.158556 0)
(-0.252407 -0.0517496 0)
(-0.177255 -0.20617 0)
(-0.140983 -0.158636 0)
(-0.199019 0.0182345 0)
(-0.286744 0.18182 0)
(-0.444209 0.161034 0)
(-0.643654 0.0811355 0)
(-0.74301 0.0528864 0)
(-0.787557 0.0362265 0)
(-0.797082 -0.0466949 0)
(-0.665438 -0.182703 0)
(-0.47773 -0.268906 0)
(-0.240683 -0.2207 0)
(0.109172 0.0220175 0)
(0.286677 0.193741 0)
(0.141956 0.134094 0)
(0.0323157 -0.0306114 0)
(-0.123858 0.246861 0)
(-0.245146 0.190266 0)
(-0.2027 -0.0536897 0)
(-0.147211 -0.223799 0)
(-0.179023 -0.153749 0)
(-0.267189 0.0357169 0)
(-0.462922 0.264041 0)
(-0.928246 0.290299 0)
(-1.17999 0.146647 0)
(-1.21827 0.0724398 0)
(-1.08617 -0.00220185 0)
(-0.895608 -0.124494 0)
(-0.780158 -0.252295 0)
(-0.691824 -0.350549 0)
(-0.508656 -0.333458 0)
(-0.230108 -0.118735 0)
(0.103564 0.168626 0)
(0.124418 0.147782 0)
(0.0181818 0.00917313 0)
(-0.0779191 0.304702 0)
(-0.142732 0.213649 0)
(-0.1498 -0.0604226 0)
(-0.0954549 -0.234453 0)
(-0.169908 -0.118063 0)
(-0.375654 0.162252 0)
(-1.07264 0.474707 0)
(-1.61855 0.372357 0)
(-1.54258 0.169556 0)
(-1.25748 0.0159606 0)
(-0.922156 -0.0837026 0)
(-0.866313 -0.142006 0)
(-0.942359 -0.252144 0)
(-0.93594 -0.388557 0)
(-0.719988 -0.421175 0)
(-0.437012 -0.221531 0)
(-0.127438 0.063802 0)
(0.0273832 0.132053 0)
(-0.0622847 0.0273398 0)
(-0.0251834 0.333744 0)
(-0.0293064 0.226022 0)
(-0.0724978 -0.0550247 0)
(-0.026365 -0.227989 0)
(-0.154502 -0.0550468 0)
(-0.402833 0.360161 0)
(-1.2572 0.81382 0)
(-1.56316 0.472921 0)
(-1.28134 0.0273447 0)
(-1.04361 -0.173335 0)
(-0.946232 -0.180798 0)
(-1.16221 -0.157568 0)
(-1.43894 -0.282055 0)
(-1.32783 -0.499684 0)
(-0.976791 -0.552949 0)
(-0.613304 -0.325759 0)
(-0.352655 -0.0287528 0)
(-0.110982 0.0944317 0)
(-0.106736 0.00460678 0)
(0.0244391 0.326612 0)
(0.075509 0.237643 0)
(0.0588574 -0.0490434 0)
(0.0671796 -0.198107 0)
(-0.141681 0.0406482 0)
(-0.385035 0.571951 0)
(-1.0724 1.04452 0)
(-1.13984 0.425384 0)
(-0.933513 -0.043378 0)
(-0.927416 -0.166993 0)
(-1.18481 -0.0870562 0)
(-1.9248 0.0613852 0)
(-2.39334 -0.22931 0)
(-1.85722 -0.694982 0)
(-1.34095 -0.767886 0)
(-0.822546 -0.486624 0)
(-0.411517 -0.130659 0)
(-0.17392 0.00730799 0)
(-0.0605405 -0.0473806 0)
(0.0744205 0.279584 0)
(0.16527 0.239414 0)
(0.191932 -0.0270321 0)
(0.168158 -0.161794 0)
(-0.0826166 0.109153 0)
(-0.343859 0.715104 0)
(-0.804509 1.19705 0)
(-0.736824 0.405622 0)
(-0.673155 -0.0324978 0)
(-0.908933 -0.049009 0)
(-1.55724 0.194679 0)
(-2.45283 0.405026 0)
(-2.53073 -0.15974 0)
(-2.32628 -0.827104 0)
(-1.81469 -1.01892 0)
(-1.18058 -0.729395 0)
(-0.505198 -0.259091 0)
(-0.267087 -0.102198 0)
(0.018601 -0.0800116 0)
(0.0479302 0.080654 0)
(0.090274 0.121651 0)
(0.112677 0.0988358 0)
(0.132036 0.0590946 0)
(0.0803072 0.0146421 0)
(-0.03773 0.00889685 0)
(-0.0978952 -0.0213732 0)
(-0.144151 -0.0327667 0)
(-0.207485 -0.0258817 0)
(-0.28718 -0.0217968 0)
(-0.307205 -0.00881651 0)
(-0.261332 0.0193819 0)
(-0.196425 0.0599578 0)
(-0.163422 0.0833194 0)
(-0.172967 0.0444637 0)
(-0.194812 -0.0380614 0)
(-0.208723 -0.0925805 0)
(-0.134204 -0.155351 0)
(0.0309683 -0.20304 0)
(0.124396 -0.128309 0)
(0.12815 0.0141389 0)
(0.0412069 0.0631742 0)
(-0.0638529 -0.00129216 0)
(0.0692664 0.0493842 0)
(0.148109 0.120798 0)
(0.126426 0.0752071 0)
(0.116615 0.0457764 0)
(0.0261286 0.109555 0)
(-0.115041 0.142405 0)
(-0.329272 0.0642853 0)
(-0.431503 0.0282926 0)
(-0.344504 0.165256 0)
(-0.597568 0.109922 0)
(-0.691291 0.0360562 0)
(-0.663393 -0.0404815 0)
(-0.600473 -0.0513357 0)
(-0.522834 0.00695535 0)
(-0.596135 0.0739418 0)
(-0.672148 0.0523028 0)
(-0.526276 -0.192839 0)
(-0.187093 -0.465185 0)
(-0.0318319 -0.395243 0)
(0.0597114 -0.150996 0)
(-0.0670972 0.0944625 0)
(-0.0509791 0.112293 0)
(-0.0742494 0.0168106 0)
(0.0610639 -0.215139 0)
(0.180836 0.027751 0)
(0.0725135 0.119023 0)
(-0.136452 0.20936 0)
(-0.335437 0.278504 0)
(-0.379911 0.255014 0)
(-0.178134 0.142711 0)
(-0.0619311 -0.0426889 0)
(-0.159279 0.381955 0)
(-0.275213 0.373429 0)
(-0.647102 0.104163 0)
(-1.13789 -0.0562145 0)
(-1.25717 0.0210391 0)
(-1.20846 0.175998 0)
(-1.1461 0.155954 0)
(-0.998272 -0.181954 0)
(-0.6702 -0.645324 0)
(-0.510505 -0.644196 0)
(-0.500581 -0.384334 0)
(-0.558391 -0.00761279 0)
(-0.660903 0.229493 0)
(-0.643885 0.119326 0)
(-0.562453 -0.0116747 0)
(-0.0659485 -0.260933 0)
(-0.181068 0.216405 0)
(-0.478739 0.39356 0)
(-0.774211 0.44845 0)
(-0.904478 0.346883 0)
(-0.856341 0.17006 0)
(-1.00315 0.0614987 0)
(-0.953007 0.138182 0)
(-0.823677 0.246406 0)
(-0.299842 0.477515 0)
(-0.206234 0.525803 0)
(-0.242074 0.534169 0)
(-0.565386 0.0544825 0)
(-1.21248 -0.108267 0)
(-1.41343 0.016871 0)
(-0.966807 -0.475281 0)
(-0.793752 -0.769321 0)
(-0.76439 -0.682715 0)
(-0.798717 -0.409003 0)
(-0.931642 0.0355943 0)
(-0.973182 0.19978 0)
(-0.932295 -0.0142709 0)
(-0.871593 -0.248143 0)
(-0.276185 0.0825458 0)
(-0.608853 0.562747 0)
(-0.987232 0.6834 0)
(-1.43669 0.559125 0)
(-1.97322 0.265177 0)
(-1.99071 0.0235669 0)
(-1.88556 -0.125687 0)
(-1.68417 -0.16902 0)
(-1.44513 -0.132603 0)
(-1.18514 -0.0793534 0)
(-0.916545 0.0287596 0)
(-0.492309 0.421312 0)
(-0.206537 0.755166 0)
(-0.520239 0.647845 0)
(-0.894395 0.0819683 0)
(-0.985907 -0.655225 0)
(-1.03837 -0.823549 0)
(-1.01638 -0.655291 0)
(-1.02598 -0.219245 0)
(-1.11469 0.201194 0)
(-1.19565 0.250897 0)
(-1.15742 0.00170086 0)
(-1.08904 -0.249623 0)
(-0.401143 0.562194 0)
(-0.814348 0.929681 0)
(-1.20844 1.06796 0)
(-1.6531 1.12778 0)
(-1.98168 0.766788 0)
(-2.10011 0.112636 0)
(-2.0755 -0.225392 0)
(-1.97942 -0.353132 0)
(-1.81666 -0.325146 0)
(-1.62116 -0.284416 0)
(-1.40102 -0.234563 0)
(-1.13686 -0.0571933 0)
(-0.846409 0.261216 0)
(-0.607642 0.663351 0)
(-0.718722 0.673117 0)
(-1.24851 -0.410071 0)
(-1.38462 -0.835247 0)
(-1.3262 -0.669537 0)
(-1.27983 -0.17744 0)
(-1.35261 0.306506 0)
(-1.44915 0.237489 0)
(-1.27325 -0.148664 0)
(-0.976357 -0.570338 0)
(-0.365493 1.0239 0)
(-0.718975 1.32427 0)
(-1.14252 1.58143 0)
(-1.49266 1.79556 0)
(-1.71445 1.23951 0)
(-1.8536 0.31686 0)
(-2.10211 -0.14112 0)
(-2.32335 -0.383929 0)
(-2.25553 -0.455726 0)
(-2.02673 -0.460346 0)
(-1.77724 -0.410625 0)
(-1.53407 -0.212499 0)
(-1.29586 0.113656 0)
(-1.17534 0.412321 0)
(-1.10913 0.83296 0)
(-1.44598 -0.161133 0)
(-1.69439 -0.851746 0)
(-1.72998 -0.750836 0)
(-1.62056 -0.248835 0)
(-1.44965 0.257658 0)
(-1.17878 0.0561468 0)
(-0.955634 -0.367747 0)
(-0.885235 -0.755443 0)
(-0.358211 1.42942 0)
(-0.437957 1.66315 0)
(-0.885415 2.17527 0)
(-1.18664 2.04837 0)
(-1.41725 1.28043 0)
(-1.69423 0.544174 0)
(-2.02709 0.111365 0)
(-2.30928 -0.252224 0)
(-2.50764 -0.508436 0)
(-2.51808 -0.658008 0)
(-2.38596 -0.750832 0)
(-2.21206 -0.475242 0)
(-1.89879 0.121853 0)
(-1.70956 0.652268 0)
(-1.73297 0.950734 0)
(-1.50882 0.246665 0)
(-1.57233 -0.625687 0)
(-1.78172 -0.642833 0)
(-1.63369 -0.325044 0)
(-1.37706 -0.219106 0)
(-1.07147 -0.208792 0)
(-0.899792 -0.456288 0)
(-0.871601 -0.654736 0)
(-0.406119 1.73676 0)
(-0.302826 2.05537 0)
(-0.808509 2.61493 0)
(-0.977974 2.14317 0)
(-1.10091 1.36921 0)
(-1.32432 0.808774 0)
(-1.57756 0.419048 0)
(-1.83863 0.0513733 0)
(-2.11373 -0.275886 0)
(-2.38276 -0.575876 0)
(-2.67413 -0.824192 0)
(-2.90458 -0.800992 0)
(-2.87645 -0.290663 0)
(-2.51137 0.391707 0)
(-2.0285 0.471426 0)
(-1.70214 -0.235489 0)
(-1.69171 -0.599505 0)
(-1.78833 -0.663247 0)
(-1.77187 -0.526841 0)
(-1.65504 -0.464216 0)
(-1.32053 -0.430578 0)
(-1.09324 -0.504361 0)
(-0.945824 -0.663262 0)
(-0.461719 1.99709 0)
(-0.230838 2.40531 0)
(-0.807167 2.84238 0)
(-0.785387 2.2144 0)
(-0.805756 1.501 0)
(-0.883751 1.00133 0)
(-0.944387 0.628009 0)
(-1.01969 0.317436 0)
(-1.1628 0.0763049 0)
(-1.39345 -0.142958 0)
(-1.68553 -0.326962 0)
(-2.00862 -0.402185 0)
(-2.15561 -0.319469 0)
(-1.99906 -0.160604 0)
(-1.68499 -0.131739 0)
(-1.48369 -0.347899 0)
(-1.49067 -0.540159 0)
(-1.49642 -0.594287 0)
(-1.38947 -0.568184 0)
(-1.22763 -0.620525 0)
(-1.13461 -0.84656 0)
(-1.08104 -0.830892 0)
(-0.946113 -0.821824 0)
(-0.514048 2.2487 0)
(-0.130643 2.68727 0)
(-0.74314 2.95079 0)
(-0.597452 2.21713 0)
(-0.579348 1.52966 0)
(-0.579551 1.02614 0)
(-0.572675 0.644063 0)
(-0.600449 0.365979 0)
(-0.65027 0.171762 0)
(-0.723792 0.00264127 0)
(-0.855681 -0.149104 0)
(-1.04262 -0.227924 0)
(-1.17516 -0.191374 0)
(-1.15503 -0.135944 0)
(-1.05477 -0.192195 0)
(-0.968698 -0.360831 0)
(-0.985041 -0.519472 0)
(-1.03216 -0.639915 0)
(-1.01262 -0.694567 0)
(-0.944346 -0.643778 0)
(-0.866571 -0.666789 0)
(-0.792514 -0.91255 0)
(-0.799632 -1.01621 0)
(-0.560594 2.49596 0)
(-0.115327 2.92113 0)
(-0.666547 3.02047 0)
(-0.457842 2.17426 0)
(-0.468446 1.48458 0)
(-0.502774 1.00623 0)
(-0.571804 0.649483 0)
(-0.636955 0.387651 0)
(-0.647531 0.189342 0)
(-0.616546 0.045262 0)
(-0.575722 -0.0448973 0)
(-0.538367 -0.0943197 0)
(-0.510311 -0.129314 0)
(-0.484992 -0.177647 0)
(-0.454446 -0.246804 0)
(-0.43631 -0.355813 0)
(-0.458222 -0.46788 0)
(-0.52999 -0.574055 0)
(-0.57674 -0.679179 0)
(-0.615672 -0.740092 0)
(-0.632466 -0.798501 0)
(-0.654469 -0.850978 0)
(-0.696133 -0.870009 0)
(-0.604258 2.79936 0)
(-0.0940976 3.10294 0)
(-0.679433 3.0378 0)
(-0.372322 2.15116 0)
(-0.523645 1.49486 0)
(-0.653434 1.09955 0)
(-0.835981 0.751553 0)
(-0.932856 0.42907 0)
(-0.924017 0.141962 0)
(-0.829658 -0.071682 0)
(-0.685153 -0.197544 0)
(-0.525637 -0.244516 0)
(-0.364774 -0.240372 0)
(-0.220754 -0.230253 0)
(-0.115523 -0.255297 0)
(-0.0792546 -0.334754 0)
(-0.0857822 -0.427222 0)
(-0.150322 -0.510497 0)
(-0.198789 -0.589726 0)
(-0.281846 -0.653705 0)
(-0.326681 -0.732441 0)
(-0.401972 -0.825445 0)
(-0.495568 -0.883422 0)
(-0.632136 3.06291 0)
(0.0975413 3.27522 0)
(-0.927117 2.96983 0)
(-0.332844 2.17861 0)
(-0.710867 1.63597 0)
(-0.902981 1.30969 0)
(-1.15262 0.910226 0)
(-1.2508 0.476835 0)
(-1.21383 0.0767597 0)
(-1.0606 -0.217697 0)
(-0.844421 -0.383146 0)
(-0.622073 -0.445256 0)
(-0.41777 -0.44995 0)
(-0.235133 -0.431426 0)
(-0.0770202 -0.409951 0)
(0.0417004 -0.399876 0)
(0.105134 -0.411214 0)
(0.103431 -0.456713 0)
(0.057271 -0.525317 0)
(-0.0169594 -0.590545 0)
(-0.0545761 -0.65686 0)
(-0.137916 -0.700223 0)
(-0.266659 -0.746719 0)
(-0.633341 3.16469 0)
(0.36554 3.95452 0)
(-1.15772 2.82057 0)
(-0.355702 2.23132 0)
(-0.87024 1.8744 0)
(-1.08514 1.57465 0)
(-1.3803 1.09463 0)
(-1.50424 0.518945 0)
(-1.46646 -0.038113 0)
(-1.26238 -0.449881 0)
(-0.967562 -0.649509 0)
(-0.673339 -0.687567 0)
(-0.431261 -0.656076 0)
(-0.242196 -0.607766 0)
(-0.0903589 -0.563584 0)
(0.0339481 -0.528061 0)
(0.1314 -0.496591 0)
(0.199033 -0.475514 0)
(0.216488 -0.48467 0)
(0.175813 -0.527925 0)
(0.118105 -0.595138 0)
(0.0461866 -0.634047 0)
(-0.0424493 -0.672214 0)
(-0.577381 3.11329 0)
(0.407889 4.64559 0)
(-0.703085 2.86309 0)
(-0.386456 2.24575 0)
(-0.80598 2.15028 0)
(-1.04656 1.86591 0)
(-1.39325 1.31297 0)
(-1.57616 0.573552 0)
(-1.56652 -0.202689 0)
(-1.35271 -0.788921 0)
(-1.01386 -1.02781 0)
(-0.657547 -1.00513 0)
(-0.375341 -0.889237 0)
(-0.179427 -0.776014 0)
(-0.0442147 -0.692592 0)
(0.0571842 -0.631837 0)
(0.138112 -0.584665 0)
(0.204538 -0.545447 0)
(0.256578 -0.512286 0)
(0.280361 -0.501668 0)
(0.260076 -0.526016 0)
(0.210206 -0.560668 0)
(0.159112 -0.604898 0)
(-0.442498 2.94898 0)
(0.585149 4.64138 0)
(0.368394 3.46589 0)
(-0.09781 2.34575 0)
(-0.449886 2.40452 0)
(-0.660808 2.17997 0)
(-1.03917 1.57776 0)
(-1.2406 0.67255 0)
(-1.22443 -0.351411 0)
(-1.10103 -1.1247 0)
(-0.840346 -1.44342 0)
(-0.5066 -1.36177 0)
(-0.229963 -1.13356 0)
(-0.0496956 -0.935299 0)
(0.0606825 -0.796764 0)
(0.133686 -0.705448 0)
(0.184511 -0.64282 0)
(0.223874 -0.596152 0)
(0.257111 -0.558679 0)
(0.285434 -0.530191 0)
(0.299676 -0.51659 0)
(0.290559 -0.525636 0)
(0.256538 -0.554648 0)
(-0.0802443 2.56013 0)
(0.867237 4.18272 0)
(1.23059 3.86254 0)
(0.812186 2.83176 0)
(0.251146 2.61244 0)
(0.0493407 2.45456 0)
(-0.223281 1.87402 0)
(-0.324429 0.844009 0)
(-0.247067 -0.318838 0)
(-0.301976 -1.2131 0)
(-0.312348 -1.68792 0)
(-0.150611 -1.63431 0)
(0.0266101 -1.33156 0)
(0.141212 -1.05536 0)
(0.207796 -0.866311 0)
(0.244016 -0.746716 0)
(0.263005 -0.669159 0)
(0.272477 -0.615563 0)
(0.277801 -0.575783 0)
(0.282105 -0.545621 0)
(0.283773 -0.525681 0)
(0.278899 -0.518893 0)
(0.256153 -0.524003 0)
(0.225383 2.01746 0)
(1.0608 3.51858 0)
(1.78267 3.76141 0)
(1.85536 3.36474 0)
(1.39165 2.99124 0)
(1.06501 2.68295 0)
(0.885247 2.06038 0)
(0.826233 0.997297 0)
(0.828423 -0.129357 0)
(0.733864 -1.05753 0)
(0.495519 -1.63656 0)
(0.371615 -1.69511 0)
(0.372573 -1.40434 0)
(0.379309 -1.09536 0)
(0.37604 -0.883472 0)
(0.366088 -0.750961 0)
(0.351871 -0.665469 0)
(0.334749 -0.607432 0)
(0.316155 -0.566052 0)
(0.29776 -0.535585 0)
(0.279626 -0.514102 0)
(0.260023 -0.501389 0)
(0.231363 -0.494481 0)
(0.202836 1.28224 0)
(1.09573 2.49799 0)
(1.98888 3.14935 0)
(2.5307 3.44297 0)
(2.52363 3.35716 0)
(2.28734 2.9734 0)
(2.12079 2.23225 0)
(1.99506 1.15902 0)
(1.84105 0.0307464 0)
(1.61063 -0.860437 0)
(1.27229 -1.40819 0)
(0.93469 -1.52756 0)
(0.738815 -1.3038 0)
(0.620239 -1.03194 0)
(0.54036 -0.83789 0)
(0.481747 -0.71431 0)
(0.434844 -0.63305 0)
(0.394351 -0.576887 0)
(0.357626 -0.53667 0)
(0.323642 -0.507322 0)
(0.291486 -0.485851 0)
(0.259946 -0.470644 0)
(0.22492 -0.458294 0)
(0.155904 0.689764 0)
(0.852899 1.42139 0)
(1.82666 2.23067 0)
(2.61365 2.91456 0)
(3.04927 3.27306 0)
(3.14782 3.11285 0)
(3.07439 2.42182 0)
(2.89479 1.40456 0)
(2.62863 0.353939 0)
(2.25445 -0.496954 0)
(1.80187 -1.0416 0)
(1.35269 -1.19983 0)
(1.02647 -1.06412 0)
(0.813105 -0.876124 0)
(0.673534 -0.73519 0)
(0.575616 -0.640637 0)
(0.501888 -0.575308 0)
(0.442746 -0.528457 0)
(0.392815 -0.493961 0)
(0.349049 -0.468144 0)
(0.309215 -0.448673 0)
(0.271757 -0.433565 0)
(0.234273 -0.41933 0)
(0.148419 0.311841 0)
(0.492343 0.630624 0)
(1.29818 1.35519 0)
(2.1304 2.14539 0)
(2.76915 2.77446 0)
(3.15719 2.92102 0)
(3.26716 2.47366 0)
(3.15504 1.62816 0)
(2.86826 0.715648 0)
(2.4644 -0.064614 0)
(1.9998 -0.599082 0)
(1.53581 -0.790727 0)
(1.17204 -0.756728 0)
(0.924146 -0.670418 0)
(0.757266 -0.597013 0)
(0.63774 -0.541658 0)
(0.547669 -0.499533 0)
(0.476655 -0.467274 0)
(0.418313 -0.442407 0)
(0.368733 -0.423009 0)
(0.325071 -0.407513 0)
(0.285291 -0.394637 0)
(0.247692 -0.38207 0)
(0.0677023 0.0995501 0)
(0.170762 0.232835 0)
(0.565581 0.723383 0)
(1.2714 1.4797 0)
(1.88143 2.17869 0)
(2.41567 2.5294 0)
(2.68898 2.33334 0)
(2.71182 1.73504 0)
(2.54281 0.999797 0)
(2.2601 0.309807 0)
(1.88381 -0.18046 0)
(1.49809 -0.398221 0)
(1.18062 -0.458464 0)
(0.952469 -0.461903 0)
(0.788873 -0.449481 0)
(0.666113 -0.432414 0)
(0.571239 -0.415026 0)
(0.49572 -0.399379 0)
(0.433726 -0.385985 0)
(0.381437 -0.374603 0)
(0.336097 -0.364676 0)
(0.295783 -0.355636 0)
(0.259151 -0.346033 0)
(0.000827968 0.0743765 0)
(-0.0967941 0.126991 0)
(-0.0437162 0.383686 0)
(0.337316 0.990605 0)
(0.845294 1.6587 0)
(1.35904 2.09278 0)
(1.73577 2.08611 0)
(1.91593 1.69481 0)
(1.94121 1.11603 0)
(1.81877 0.544488 0)
(1.58899 0.141007 0)
(1.32793 -0.0957288 0)
(1.09975 -0.219391 0)
(0.91952 -0.281739 0)
(0.777915 -0.312522 0)
(0.665261 -0.32596 0)
(0.574784 -0.330363 0)
(0.500943 -0.330405 0)
(0.439431 -0.328376 0)
(0.387155 -0.325287 0)
(0.341817 -0.321493 0)
(0.301841 -0.317129 0)
(0.266217 -0.311516 0)
(-0.0280319 0.166414 0)
(-0.213065 0.213809 0)
(-0.33962 0.313168 0)
(-0.268285 0.689775 0)
(0.0438129 1.22766 0)
(0.481465 1.64777 0)
(0.894432 1.74185 0)
(1.18849 1.50258 0)
(1.34439 1.08278 0)
(1.36667 0.658107 0)
(1.27408 0.320865 0)
(1.12934 0.0932501 0)
(0.982748 -0.0504692 0)
(0.851604 -0.14033 0)
(0.738629 -0.196219 0)
(0.642874 -0.23056 0)
(0.562241 -0.251587 0)
(0.494179 -0.264532 0)
(0.436126 -0.272431 0)
(0.385997 -0.277002 0)
(0.34216 -0.279213 0)
(0.303468 -0.279703 0)
(0.269138 -0.278318 0)
(-0.0283562 0.275395 0)
(-0.192976 0.371596 0)
(-0.34321 0.397146 0)
(-0.395278 0.589697 0)
(-0.267073 0.925094 0)
(0.035402 1.23879 0)
(0.397962 1.34729 0)
(0.715623 1.221 0)
(0.932969 0.953137 0)
(1.02342 0.653774 0)
(1.01267 0.394919 0)
(0.946822 0.19972 0)
(0.859385 0.0610463 0)
(0.768811 -0.0358148 0)
(0.683366 -0.10317 0)
(0.606195 -0.149718 0)
(0.537831 -0.181995 0)
(0.477739 -0.204501 0)
(0.425003 -0.220268 0)
(0.378578 -0.231299 0)
(0.337445 -0.238876 0)
(0.300871 -0.243917 0)
(0.268317 -0.246575 0)
(-0.0217628 0.358571 0)
(-0.122492 0.503691 0)
(-0.218296 0.504575 0)
(-0.261138 0.594386 0)
(-0.20202 0.773399 0)
(-0.0104089 0.959418 0)
(0.255052 1.03327 0)
(0.508954 0.966413 0)
(0.693774 0.800349 0)
(0.790799 0.599908 0)
(0.815163 0.411366 0)
(0.792179 0.254094 0)
(0.743579 0.131028 0)
(0.683801 0.0378402 0)
(0.621637 -0.0318736 0)
(0.561514 -0.0840806 0)
(0.505387 -0.12283 0)
(0.454147 -0.151662 0)
(0.407758 -0.173198 0)
(0.365943 -0.189343 0)
(0.328312 -0.201409 0)
(0.294496 -0.210407 0)
(0.264127 -0.216676 0)
(-0.0178783 0.407972 0)
(-0.0635293 0.57166 0)
(-0.100662 0.557607 0)
(-0.105829 0.59389 0)
(-0.0543416 0.687805 0)
(0.0707342 0.786309 0)
(0.243423 0.823964 0)
(0.414921 0.781651 0)
(0.549252 0.676052 0)
(0.631948 0.540187 0)
(0.666692 0.402007 0)
(0.665412 0.277647 0)
(0.640851 0.173045 0)
(0.603174 0.0881981 0)
(0.559056 0.0208823 0)
(0.513314 -0.0321769 0)
(0.468607 -0.0738532 0)
(0.425901 -0.106394 0)
(0.38602 -0.131833 0)
(0.349264 -0.15173 0)
(0.315581 -0.167311 0)
(0.284871 -0.179579 0)
(0.256964 -0.188925 0)
(-0.014717 0.435012 0)
(-0.0284253 0.591072 0)
(-0.0278885 0.56265 0)
(-0.00930713 0.567967 0)
(0.0411969 0.617204 0)
(0.127901 0.669823 0)
(0.240284 0.687233 0)
(0.355068 0.655974 0)
(0.451461 0.582927 0)
(0.518052 0.485906 0)
(0.553423 0.382402 0)
(0.562477 0.28407 0)
(0.552301 0.196576 0)
(0.529524 0.121662 0)
(0.49931 0.0590299 0)
(0.46515 0.00773815 0)
(0.429804 -0.0342792 0)
(0.395013 -0.0685087 0)
(0.361478 -0.0961826 0)
(0.329759 -0.118592 0)
(0.300088 -0.136797 0)
(0.272618 -0.151632 0)
(0.247322 -0.163478 0)
(-0.0104291 0.448774 0)
(-0.00798985 0.585485 0)
(0.012038 0.545475 0)
(0.0403992 0.532996 0)
(0.0853429 0.557919 0)
(0.149276 0.587157 0)
(0.227582 0.593246 0)
(0.308599 0.566757 0)
(0.379896 0.511869 0)
(0.433064 0.439302 0)
(0.465438 0.359863 0)
(0.478773 0.281364 0)
(0.476903 0.208391 0)
(0.463982 0.143163 0)
(0.443636 0.0863884 0)
(0.418725 0.0378656 0)
(0.391342 -0.00293345 0)
(0.363219 -0.0372276 0)
(0.335403 -0.0659461 0)
(0.30837 -0.0899239 0)
(0.28258 -0.109927 0)
(0.258353 -0.126651 0)
(0.235742 -0.140463 0)
(-0.00582625 0.452826 0)
(0.00568402 0.568244 0)
(0.0338559 0.519607 0)
(0.0646603 0.497569 0)
(0.103281 0.509866 0)
(0.152532 0.525955 0)
(0.210537 0.524736 0)
(0.270653 0.500533 0)
(0.324915 0.456802 0)
(0.367411 0.400336 0)
(0.395693 0.337749 0)
(0.410187 0.274142 0)
(0.412895 0.212992 0)
(0.406344 0.156434 0)
(0.392997 0.105561 0)
(0.375004 0.0607072 0)
(0.354108 0.0217148 0)
(0.331651 -0.0118157 0)
(0.308691 -0.0407042 0)
(0.285963 -0.0654278 0)
(0.263866 -0.0865324 0)
(0.242767 -0.104595 0)
(0.222837 -0.11993 0)
(-0.00196692 0.449523 0)
(0.0149515 0.545135 0)
(0.0455606 0.490403 0)
(0.0755489 0.46474 0)
(0.10854 0.470552 0)
(0.147713 0.47865 0)
(0.192527 0.472692 0)
(0.23871 0.44994 0)
(0.280903 0.413591 0)
(0.315049 0.36809 0)
(0.339238 0.317465 0)
(0.353362 0.265009 0)
(0.358408 0.213291 0)
(0.355875 0.164157 0)
(0.347402 0.118761 0)
(0.334555 0.0776665 0)
(0.318708 0.041005 0)
(0.300944 0.00862993 0)
(0.28223 -0.0197668 0)
(0.263296 -0.0446787 0)
(0.244562 -0.0664127 0)
(0.226439 -0.0854121 0)
(0.209169 -0.101933 0)
(0.000908516 0.441314 0)
(0.0206745 0.519237 0)
(0.0509354 0.461199 0)
(0.0786602 0.435344 0)
(0.106908 0.437896 0)
(0.138902 0.440917 0)
(0.174617 0.431927 0)
(0.211033 0.410371 0)
(0.244444 0.379229 0)
(0.272103 0.34145 0)
(0.292613 0.29946 0)
(0.30568 0.255394 0)
(0.311744 0.211138 0)
(0.311674 0.168209 0)
(0.30655 0.127671 0)
(0.297493 0.0901515 0)
(0.285555 0.0559309 0)
(0.271657 0.0250398 0)
(0.256517 -0.00260595 0)
(0.24087 -0.0273188 0)
(0.2252 -0.0493486 0)
(0.20981 -0.0689763 0)
(0.19501 -0.0864007 0)
(0.00308081 0.429855 0)
(0.0238402 0.492947 0)
(0.0521588 0.433716 0)
(0.0770859 0.409436 0)
(0.101395 0.4104 0)
(0.128083 0.410062 0)
(0.157235 0.39921 0)
(0.186551 0.378806 0)
(0.213431 0.35155 0)
(0.236039 0.319381 0)
(0.253385 0.283746 0)
(0.265141 0.246051 0)
(0.271462 0.207691 0)
(0.272845 0.169879 0)
(0.269996 0.133532 0)
(0.263712 0.0992579 0)
(0.254786 0.0674 0)
(0.24395 0.0380972 0)
(0.231823 0.0113437 0)
(0.218983 -0.0129121 0)
(0.205868 -0.0350072 0)
(0.192845 -0.0549959 0)
(0.180128 -0.0730585 0)
(0.0047493 0.41636 0)
(0.0253199 0.467737 0)
(0.0507934 0.408764 0)
(0.0728168 0.386796 0)
(0.0938122 0.386958 0)
(0.116414 0.384339 0)
(0.140627 0.372451 0)
(0.164601 0.353219 0)
(0.186506 0.328992 0)
(0.205138 0.301019 0)
(0.219804 0.270155 0)
(0.230201 0.237355 0)
(0.236348 0.203663 0)
(0.238519 0.170038 0)
(0.237175 0.137246 0)
(0.232877 0.105839 0)
(0.226212 0.0761716 0)
(0.217745 0.0484385 0)
(0.207993 0.0227092 0)
(0.197341 -0.0010228 0)
(0.186214 -0.0228895 0)
(0.174973 -0.0429637 0)
(0.163696 -0.0613638 0)
(0.00601002 0.401648 0)
(0.0257211 0.444435 0)
(0.0479423 0.386709 0)
(0.0671338 0.367151 0)
(0.0852559 0.366809 0)
(0.104568 0.362614 0)
(0.1249 0.350274 0)
(0.144704 0.332228 0)
(0.162713 0.31044 0)
(0.17815 0.285685 0)
(0.190531 0.25847 0)
(0.199599 0.229478 0)
(0.205305 0.199502 0)
(0.207795 0.1693 0)
(0.207362 0.139505 0)
(0.20439 0.110602 0)
(0.199301 0.0829361 0)
(0.192514 0.0567261 0)
(0.184414 0.032087 0)
(0.175335 0.00905032 0)
(0.165571 -0.0123508 0)
(0.15543 -0.0322348 0)
(0.144998 -0.050661 0)
(0.00690349 0.386322 0)
(0.0254111 0.423414 0)
(0.0443414 0.367654 0)
(0.0608266 0.350265 0)
(0.0763577 0.349457 0)
(0.0928943 0.344157 0)
(0.110031 0.331765 0)
(0.126447 0.314893 0)
(0.141296 0.295114 0)
(0.154082 0.272881 0)
(0.164462 0.248512 0)
(0.172224 0.222523 0)
(0.177288 0.195534 0)
(0.179718 0.16815 0)
(0.179691 0.140893 0)
(0.177463 0.11419 0)
(0.173324 0.0883617 0)
(0.167575 0.0636383 0)
(0.160506 0.0401642 0)
(0.152384 0.0180171 0)
(0.14343 -0.00277648 0)
(0.133934 -0.0222363 0)
(0.124044 -0.0404959 0)
(0.00743879 0.370828 0)
(0.0245792 0.404664 0)
(0.0404198 0.35151 0)
(0.0543244 0.335937 0)
(0.067433 0.33458 0)
(0.0815147 0.328488 0)
(0.0958838 0.316309 0)
(0.10942 0.30057 0)
(0.121592 0.28247 0)
(0.132081 0.262252 0)
(0.140635 0.240148 0)
(0.147078 0.216572 0)
(0.151318 0.192023 0)
(0.153367 0.166989 0)
(0.153327 0.141911 0)
(0.151361 0.117159 0)
(0.147671 0.0930293 0)
(0.142477 0.0697465 0)
(0.136005 0.0474637 0)
(0.128482 0.0262693 0)
(0.12012 0.00618497 0)
(0.111224 -0.0127833 0)
(0.102006 -0.0308563 0)
(0.00763034 0.355742 0)
(0.023371 0.388224 0)
(0.0364518 0.338214 0)
(0.0478714 0.324083 0)
(0.0586557 0.322052 0)
(0.0704822 0.31539 0)
(0.0823423 0.303591 0)
(0.0933273 0.288923 0)
(0.103138 0.272234 0)
(0.111551 0.253654 0)
(0.118382 0.233386 0)
(0.123478 0.211782 0)
(0.126749 0.189251 0)
(0.128184 0.1662 0)
(0.127842 0.142999 0)
(0.125832 0.11997 0)
(0.122304 0.0973793 0)
(0.117434 0.0754339 0)
(0.111416 0.0542763 0)
(0.104465 0.0339812 0)
(0.0968123 0.014551 0)
(0.0887423 -0.00404785 0)
(0.0804944 -0.0220894 0)
(0.00744671 0.340833 0)
(0.0216511 0.37329 0)
(0.0322767 0.327282 0)
(0.0413204 0.314389 0)
(0.0498412 0.311552 0)
(0.0594981 0.304459 0)
(0.0689525 0.293137 0)
(0.0775711 0.279463 0)
(0.0851984 0.263978 0)
(0.0916585 0.246767 0)
(0.0968161 0.22803 0)
(0.100548 0.208074 0)
(0.102779 0.187239 0)
(0.103498 0.165868 0)
(0.102748 0.144274 0)
(0.100618 0.122734 0)
(0.0972344 0.101481 0)
(0.092748 0.080697 0)
(0.0873359 0.0605002 0)
(0.0811966 0.040936 0)
(0.0745562 0.0219777 0)
(0.0676523 0.00354111 0)
(0.0606936 -0.014575 0)
(0.00715894 0.329085 0)
(0.0201939 0.362125 0)
(0.0288494 0.31969 0)
(0.0356629 0.307568 0)
(0.0421707 0.303981 0)
(0.0499588 0.29665 0)
(0.0573258 0.285794 0)
(0.0639292 0.272941 0)
(0.0696911 0.258385 0)
(0.07446 0.242218 0)
(0.0781521 0.22465 0)
(0.0806754 0.205943 0)
(0.081985 0.186395 0)
(0.0820867 0.166296 0)
(0.0810247 0.145918 0)
(0.0788791 0.125497 0)
(0.075756 0.105243 0)
(0.0717739 0.0853142 0)
(0.0670729 0.0658097 0)
(0.0617933 0.0467489 0)
(0.0561018 0.0280843 0)
(0.0501634 0.00967346 0)
(0.0438369 -0.00865833 0)
(0.00615887 0.310734 0)
(0.0160773 0.346811 0)
(0.0216046 0.311325 0)
(0.0258204 0.300391 0)
(0.0296087 0.295742 0)
(0.0346127 0.288122 0)
(0.0389082 0.27801 0)
(0.0427896 0.266179 0)
(0.0460313 0.252749 0)
(0.0485712 0.237845 0)
(0.0503728 0.221636 0)
(0.0513838 0.204343 0)
(0.0516016 0.186214 0)
(0.0510445 0.167492 0)
(0.0497492 0.148412 0)
(0.0477691 0.129187 0)
(0.0451639 0.110008 0)
(0.0419973 0.0910244 0)
(0.0383453 0.0723241 0)
(0.0342649 0.0539254 0)
(0.0298483 0.0357844 0)
(0.02516 0.0177283 0)
(0.0205648 -0.000483996 0)
(-0.032856 -0.0254754 0)
(-0.00166715 -0.0440664 0)
(0.064065 -0.0288271 0)
(0.0807781 -0.015814 0)
(-0.0421032 -0.087506 0)
(-0.0202867 -0.133109 0)
(0.0539414 -0.132306 0)
(0.0790684 -0.112032 0)
(-0.511338 -0.16282 0)
(-0.420935 -0.252975 0)
(-0.33203 -0.278224 0)
(-0.236582 -0.213788 0)
(-0.773763 -0.439521 0)
(-0.669931 -0.549662 0)
(-0.582078 -0.542185 0)
(-0.499329 -0.432671 0)
(-0.834543 -0.569147 0)
(-0.745264 -0.721472 0)
(-0.7032 -0.65853 0)
(-0.65679 -0.510201 0)
(-0.832878 -0.796309 0)
(-0.769954 -0.829243 0)
(-0.772993 -0.773654 0)
(-0.768542 -0.594013 0)
(-0.893956 -0.857892 0)
(-0.913302 -0.88721 0)
(-0.894452 -0.807827 0)
(-0.878375 -0.659539 0)
(-0.885736 -0.770337 0)
(-0.929864 -0.814146 0)
(-0.965478 -0.801882 0)
(-0.967954 -0.719143 0)
(-0.87897 -0.740337 0)
(-0.887093 -0.749485 0)
(-0.894289 -0.741917 0)
(-0.910687 -0.715553 0)
(-0.882361 -0.822472 0)
(-0.900072 -0.788901 0)
(-0.871583 -0.760902 0)
(-0.858522 -0.711374 0)
(-0.787628 -0.782126 0)
(-0.745399 -0.827096 0)
(-0.783991 -0.835116 0)
(-0.828649 -0.729211 0)
(-0.695546 -0.831774 0)
(-0.67737 -0.779716 0)
(-0.659737 -0.727265 0)
(-0.641297 -0.695559 0)
(-0.533116 -0.885941 0)
(-0.531016 -0.85356 0)
(-0.53382 -0.78194 0)
(-0.527439 -0.704821 0)
(-0.321729 -0.817614 0)
(-0.331186 -0.829245 0)
(-0.344333 -0.775357 0)
(-0.355603 -0.705677 0)
(-0.0882752 -0.736649 0)
(-0.120275 -0.784992 0)
(-0.151858 -0.763364 0)
(-0.177597 -0.696545 0)
(0.113196 -0.644123 0)
(0.0760992 -0.673025 0)
(0.0307547 -0.687616 0)
(-0.00738024 -0.66771 0)
(0.219333 -0.58082 0)
(0.188615 -0.592587 0)
(0.152601 -0.5941 0)
(0.114569 -0.589021 0)
(0.227486 -0.531043 0)
(0.202997 -0.532996 0)
(0.176674 -0.529309 0)
(0.148513 -0.520517 0)
(0.203627 -0.490868 0)
(0.182629 -0.486629 0)
(0.160645 -0.478935 0)
(0.138013 -0.467052 0)
(0.196148 -0.449987 0)
(0.176311 -0.442918 0)
(0.156227 -0.433534 0)
(0.13602 -0.421989 0)
(0.206041 -0.409361 0)
(0.187886 -0.401778 0)
(0.170247 -0.392864 0)
(0.153117 -0.383176 0)
(0.220901 -0.373475 0)
(0.204585 -0.367255 0)
(0.189218 -0.360142 0)
(0.174629 -0.352364 0)
(0.23384 -0.339412 0)
(0.21869 -0.334713 0)
(0.204472 -0.329553 0)
(0.191001 -0.324235 0)
(0.242061 -0.307588 0)
(0.227789 -0.304691 0)
(0.214463 -0.301439 0)
(0.201855 -0.298037 0)
(0.246 -0.2772 0)
(0.232346 -0.276091 0)
(0.219589 -0.274684 0)
(0.207495 -0.273175 0)
(0.246384 -0.248148 0)
(0.233401 -0.248702 0)
(0.22124 -0.248948 0)
(0.209677 -0.249073 0)
(0.243574 -0.220683 0)
(0.23133 -0.222747 0)
(0.219817 -0.224481 0)
(0.208828 -0.22607 0)
(0.237954 -0.195015 0)
(0.226542 -0.198369 0)
(0.215756 -0.201363 0)
(0.205416 -0.204174 0)
(0.229951 -0.17128 0)
(0.219437 -0.17571 0)
(0.209453 -0.179758 0)
(0.199847 -0.183584 0)
(0.22009 -0.149639 0)
(0.210551 -0.154951 0)
(0.201462 -0.159874 0)
(0.192697 -0.164543 0)
(0.208958 -0.130209 0)
(0.200467 -0.136256 0)
(0.192367 -0.141926 0)
(0.184547 -0.147321 0)
(0.197087 -0.113115 0)
(0.189671 -0.119792 0)
(0.182591 -0.12611 0)
(0.175751 -0.132131 0)
(0.184605 -0.0983137 0)
(0.178189 -0.105512 0)
(0.17204 -0.112366 0)
(0.166069 -0.118893 0)
(0.171067 -0.085508 0)
(0.165412 -0.0930855 0)
(0.159939 -0.10031 0)
(0.154574 -0.10717 0)
(0.155512 -0.0741086 0)
(0.150317 -0.0818834 0)
(0.145213 -0.089281 0)
(0.140142 -0.0962681 0)
(0.137275 -0.0634645 0)
(0.1323 -0.0712711 0)
(0.127369 -0.0786788 0)
(0.122426 -0.0856334 0)
(0.116689 -0.0532377 0)
(0.111941 -0.0610039 0)
(0.107225 -0.0683643 0)
(0.102486 -0.0752456 0)
(0.0952134 -0.0435714 0)
(0.0908685 -0.0513398 0)
(0.0865733 -0.0587038 0)
(0.0822898 -0.0656271 0)
(0.0745237 -0.0348837 0)
(0.0707611 -0.0427128 0)
(0.067076 -0.0501992 0)
(0.0634995 -0.0574532 0)
(0.0557093 -0.0275668 0)
(0.0525717 -0.0355609 0)
(0.0495474 -0.0433912 0)
(0.0467493 -0.0512505 0)
(0.039091 -0.0215834 0)
(0.0361898 -0.0296295 0)
(0.0335328 -0.0377793 0)
(0.0312094 -0.0461674 0)
(0.0173034 -0.0139005 0)
(0.0153904 -0.0227322 0)
(0.0137382 -0.0319582 0)
(0.0124067 -0.0415653 0)
(0.158549 0.191654 0)
(0.249131 0.208793 0)
(0.307328 -0.00167248 0)
(0.173048 -0.0771661 0)
(-0.142617 0.266931 0)
(-0.447612 0.996326 0)
(-0.6588 1.32989 0)
(-0.474355 0.422895 0)
(-0.629808 0.168515 0)
(-1.03655 0.216659 0)
(-1.8847 0.82729 0)
(-2.5362 0.797086 0)
(-2.55833 -0.195083 0)
(-2.56896 -0.99281 0)
(-2.4739 -1.35208 0)
(-1.93618 -1.1704 0)
(-1.014 -0.638446 0)
(-0.486461 -0.315747 0)
(-0.0997948 -0.137923 0)
(0.187595 0.0579858 0)
(0.285226 0.123965 0)
(0.277454 0.0701927 0)
(-0.0915881 0.182672 0)
(-0.423672 0.604065 0)
(-0.77078 1.35308 0)
(-0.681532 0.968943 0)
(-0.629249 0.369211 0)
(-0.861331 0.352775 0)
(-1.3908 0.826623 0)
(-2.17335 1.56763 0)
(-2.24151 0.82501 0)
(-2.07614 -0.214826 0)
(-2.14975 -0.891729 0)
(-2.64392 -1.46656 0)
(-2.93551 -1.73502 0)
(-2.39643 -1.49704 0)
(-1.23797 -1.13003 0)
(-0.21644 -0.521927 0)
(-0.107831 -0.0526572 0)
(0.0338504 0.125348 0)
(-0.0680787 0.269903 0)
(-0.38649 0.460975 0)
(-0.696919 0.887795 0)
(-0.964257 1.35252 0)
(-0.855477 0.790223 0)
(-0.946293 0.512752 0)
(-1.20171 0.842473 0)
(-1.70093 1.51972 0)
(-1.87977 1.59627 0)
(-1.45364 0.657574 0)
(-0.935851 -0.213136 0)
(-0.772046 -0.598823 0)
(-1.20881 -0.886045 0)
(-1.97588 -1.39422 0)
(-2.52964 -1.81383 0)
(-1.62233 -2.27929 0)
(-0.196833 -1.93375 0)
(-0.417401 -0.191492 0)
(-0.337458 0.157273 0)
(-0.390784 0.451991 0)
(-0.627489 0.721677 0)
(-0.896218 1.15469 0)
(-1.01459 1.36582 0)
(-0.930067 0.863076 0)
(-1.0653 0.696309 0)
(-1.28657 1.18362 0)
(-1.46725 1.59663 0)
(-1.16121 1.18536 0)
(-0.514425 0.14123 0)
(-0.175408 -0.557145 0)
(-0.103369 -0.786909 0)
(0.0883885 -0.650733 0)
(0.142088 -0.823736 0)
(-0.171412 -1.14243 0)
(-0.538204 -2.47663 0)
(0.0221535 -2.39465 0)
(-0.600739 -0.23281 0)
(-0.546113 0.179754 0)
(-0.575058 0.573001 0)
(-0.759499 0.920603 0)
(-1.02237 1.34813 0)
(-1.05734 1.45226 0)
(-0.967664 1.00725 0)
(-1.05833 0.960687 0)
(-1.03776 1.2412 0)
(-0.719055 1.3102 0)
(-0.179658 0.755977 0)
(0.477818 -0.0984868 0)
(0.0291533 -0.413655 0)
(-0.100431 -0.86129 0)
(-0.0992537 -0.933603 0)
(-0.00989131 -1.27484 0)
(0.762892 -1.0115 0)
(-0.192208 -2.23189 0)
(0.0744418 -2.6749 0)
(-0.718261 -0.279791 0)
(-0.644539 0.168942 0)
(-0.644076 0.63185 0)
(-0.789717 1.06288 0)
(-1.01225 1.46594 0)
(-0.913679 1.37478 0)
(-0.959576 1.00396 0)
(-0.911536 0.815567 0)
(-0.637117 0.779025 0)
(-0.21097 0.735823 0)
(0.0432229 0.288359 0)
(-0.0308811 -0.0222035 0)
(-0.138747 -0.393939 0)
(0.0772817 -0.904305 0)
(0.0255913 -1.07261 0)
(0.252538 -1.56165 0)
(0.604916 -1.47065 0)
(0.0612091 -1.5056 0)
(0.119905 -2.72643 0)
(-0.802469 -0.336479 0)
(-0.671136 0.139535 0)
(-0.620456 0.663891 0)
(-0.708234 1.192 0)
(-0.750223 1.51984 0)
(-0.713531 1.24748 0)
(-0.836252 0.865976 0)
(-0.73458 0.601432 0)
(-0.506497 0.48915 0)
(-0.271541 0.465314 0)
(0.0480188 0.351442 0)
(0.0110131 0.037087 0)
(0.4578 -0.565151 0)
(0.680124 -0.989445 0)
(0.669028 -1.20276 0)
(0.691463 -1.40153 0)
(0.537239 -1.33272 0)
(0.215813 -1.33018 0)
(0.147971 -2.61937 0)
(-0.881266 -0.452379 0)
(-0.677633 -0.00117522 0)
(-0.519452 0.568073 0)
(-0.496884 1.13226 0)
(-0.12618 1.47848 0)
(-0.106674 1.40281 0)
(-0.489749 0.93451 0)
(-0.519222 0.519628 0)
(-0.407266 0.332475 0)
(-0.139619 0.300734 0)
(0.355019 0.0845183 0)
(0.883959 -0.324456 0)
(1.25413 -0.748346 0)
(1.20068 -1.05429 0)
(1.23287 -1.07382 0)
(0.810803 -1.1209 0)
(0.542647 -1.1044 0)
(0.281529 -1.16557 0)
(0.164357 -2.4522 0)
(-0.900889 -0.577467 0)
(-0.729881 -0.207162 0)
(-0.430047 0.392217 0)
(-0.275025 0.901356 0)
(0.264904 1.22624 0)
(0.571254 1.6017 0)
(0.221986 1.26712 0)
(-0.0342417 0.562069 0)
(0.176679 0.0634657 0)
(0.758465 -0.299826 0)
(1.18605 -0.537169 0)
(1.4334 -0.664702 0)
(1.48668 -0.770399 0)
(1.25528 -0.863092 0)
(1.06191 -0.883639 0)
(0.776645 -0.881971 0)
(0.620383 -0.899828 0)
(0.42784 -0.925101 0)
(0.182347 -2.15323 0)
(-0.842575 -0.605334 0)
(-0.750403 -0.404658 0)
(-0.489165 0.0246366 0)
(-0.145558 0.560247 0)
(0.0565478 1.06725 0)
(0.331754 1.40116 0)
(0.647718 1.35818 0)
(0.664477 0.616935 0)
(1.00696 -0.249555 0)
(1.22557 -0.626588 0)
(1.21727 -0.648791 0)
(1.14125 -0.645511 0)
(1.08784 -0.672271 0)
(0.916759 -0.709752 0)
(0.802415 -0.717332 0)
(0.679194 -0.749825 0)
(0.649494 -0.804698 0)
(0.523609 -0.738686 0)
(0.170205 -1.96909 0)
(-0.835874 -0.622022 0)
(-0.742588 -0.451286 0)
(-0.551383 -0.166154 0)
(-0.22069 0.242826 0)
(0.0601348 0.701057 0)
(0.399976 1.10473 0)
(0.660353 1.18228 0)
(0.812949 0.250391 0)
(0.953526 -0.566103 0)
(0.905325 -0.589767 0)
(0.885986 -0.519621 0)
(0.852006 -0.49228 0)
(0.713564 -0.51339 0)
(0.622293 -0.591371 0)
(0.606492 -0.65174 0)
(0.609157 -0.714511 0)
(0.554862 -0.784897 0)
(0.354094 -0.491114 0)
(0.142044 -1.58718 0)
(-0.685458 -0.665089 0)
(-0.747496 -0.588597 0)
(-0.648121 -0.354969 0)
(-0.417219 -0.035597 0)
(-0.0473703 0.421873 0)
(0.255692 0.898959 0)
(0.492733 1.05125 0)
(0.751466 0.0369143 0)
(0.553145 -0.284701 0)
(0.53691 -0.438675 0)
(0.509795 -0.451295 0)
(0.529314 -0.426669 0)
(0.491473 -0.425573 0)
(0.4858 -0.518145 0)
(0.530272 -0.641716 0)
(0.488767 -0.705384 0)
(0.246184 -0.642066 0)
(-0.0332736 -0.285241 0)
(0.118748 -1.57339 0)
(-0.519278 -0.606154 0)
(-0.573947 -0.530235 0)
(-0.668751 -0.483035 0)
(-0.577662 -0.251972 0)
(-0.324218 0.154709 0)
(0.0329777 0.629631 0)
(0.320979 0.932619 0)
(0.463611 0.43113 0)
(0.269298 -0.143281 0)
(0.135092 -0.443031 0)
(0.156108 -0.483817 0)
(0.239341 -0.42164 0)
(0.341182 -0.401325 0)
(0.370715 -0.628602 0)
(0.292184 -0.73566 0)
(0.0653283 -0.507255 0)
(-0.00887663 -0.405275 0)
(-0.029028 -0.322067 0)
(0.121911 -1.53797 0)
(-0.339853 -0.606928 0)
(-0.340984 -0.437516 0)
(-0.453417 -0.387475 0)
(-0.609223 -0.361695 0)
(-0.507184 -0.0762505 0)
(-0.229928 0.32608 0)
(0.110104 0.592256 0)
(0.15158 0.0585506 0)
(0.119402 -0.185091 0)
(0.296071 -0.419235 0)
(0.169031 -0.617071 0)
(0.165318 -0.687125 0)
(0.170522 -0.687809 0)
(0.0112792 -0.67072 0)
(-0.0663236 -0.43814 0)
(-0.0758605 -0.457141 0)
(-0.00376019 -0.449471 0)
(0.0158251 -0.383409 0)
(0.10965 -1.47713 0)
(-0.173117 -0.609976 0)
(-0.174753 -0.450473 0)
(-0.152398 -0.286857 0)
(-0.24819 -0.24979 0)
(-0.481017 -0.1614 0)
(-0.345403 0.142442 0)
(-0.049493 0.389779 0)
(0.103037 0.17046 0)
(0.395961 -0.142334 0)
(0.346506 -0.410787 0)
(0.201413 -0.553572 0)
(0.100182 -0.464557 0)
(0.0720607 -0.371425 0)
(0.0150843 -0.442023 0)
(0.0500436 -0.49094 0)
(-0.00551202 -0.495615 0)
(0.0110979 -0.481429 0)
(0.00307244 -0.433164 0)
(0.100136 -1.43217 0)
(-0.0369564 -0.59256 0)
(-0.0573906 -0.462707 0)
(-0.0524059 -0.3167 0)
(-0.0258759 -0.146122 0)
(-0.0413473 0.0242716 0)
(0.060978 -0.242004 0)
(-0.0638653 0.25743 0)
(0.182783 -0.245862 0)
(0.287572 -0.382287 0)
(0.314398 -0.380676 0)
(0.252872 -0.375473 0)
(0.172532 -0.421911 0)
(0.142975 -0.482305 0)
(0.0948779 -0.515759 0)
(0.0888221 -0.480505 0)
(-0.018502 -0.437538 0)
(0.00806267 -0.48063 0)
(-0.0115139 -0.471046 0)
(0.0953079 -1.39019 0)
(0.059549 -0.543109 0)
(0.0118422 -0.437069 0)
(-0.00421899 -0.314691 0)
(0.00777909 -0.205762 0)
(0.0900223 -0.0907302 0)
(0.144447 0.0411793 0)
(0.237612 0.0604868 0)
(0.402709 -0.194378 0)
(0.367423 -0.260201 0)
(0.293274 -0.316303 0)
(0.24563 -0.374549 0)
(0.198923 -0.402875 0)
(0.165186 -0.402805 0)
(0.106475 -0.419411 0)
(0.103361 -0.431623 0)
(0.00419049 -0.392904 0)
(0.021992 -0.485894 0)
(-0.0246372 -0.510733 0)
(0.0913211 -1.35471 0)
(0.0990158 -0.481077 0)
(0.0422473 -0.399768 0)
(0.0184274 -0.307431 0)
(0.0277174 -0.22102 0)
(0.066984 -0.142884 0)
(0.128002 -0.132883 0)
(0.226147 -0.0835963 0)
(0.292363 -0.180602 0)
(0.285525 -0.258494 0)
(0.257438 -0.297683 0)
(0.232026 -0.326729 0)
(0.201586 -0.353953 0)
(0.181769 -0.381297 0)
(0.143393 -0.407273 0)
(0.136923 -0.407668 0)
(0.0445059 -0.342978 0)
(0.0313421 -0.457816 0)
(-0.0431802 -0.541302 0)
(0.088408 -1.32849 0)
(0.0996397 -0.430005 0)
(0.054569 -0.364917 0)
(0.0333757 -0.297345 0)
(0.038864 -0.236563 0)
(0.0698552 -0.186289 0)
(0.119178 -0.15424 0)
(0.182731 -0.144551 0)
(0.233519 -0.188819 0)
(0.248876 -0.238068 0)
(0.243622 -0.276932 0)
(0.235362 -0.312597 0)
(0.224611 -0.343818 0)
(0.217778 -0.363718 0)
(0.186762 -0.373077 0)
(0.164126 -0.363608 0)
(0.0789724 -0.289484 0)
(0.0358507 -0.401647 0)
(-0.0640035 -0.567767 0)
(0.0856021 -1.30951 0)
(0.105136 -0.391926 0)
(0.0722877 -0.341899 0)
(0.0581738 -0.292731 0)
(0.0631717 -0.250595 0)
(0.0857163 -0.21768 0)
(0.12168 -0.198553 0)
(0.16481 -0.195574 0)
(0.202286 -0.218308 0)
(0.223554 -0.250665 0)
(0.232534 -0.281955 0)
(0.240123 -0.312164 0)
(0.246517 -0.338199 0)
(0.249949 -0.350473 0)
(0.225858 -0.344371 0)
(0.18947 -0.317445 0)
(0.107802 -0.229559 0)
(0.0215408 -0.312382 0)
(-0.0831946 -0.594727 0)
(0.0797477 -1.30226 0)
(0.127702 -0.360978 0)
(0.101457 -0.325127 0)
(0.0900624 -0.290269 0)
(0.0927251 -0.261078 0)
(0.107141 -0.239717 0)
(0.130699 -0.22792 0)
(0.159166 -0.227191 0)
(0.185742 -0.240052 0)
(0.205537 -0.262834 0)
(0.222737 -0.292799 0)
(0.246712 -0.32579 0)
(0.272105 -0.34858 0)
(0.285659 -0.345237 0)
(0.263646 -0.311755 0)
(0.210806 -0.257979 0)
(0.123348 -0.153139 0)
(-0.0144388 -0.199249 0)
(-0.0829767 -0.636301 0)
(0.0665756 -1.30819 0)
(0.15317 -0.335409 0)
(0.130181 -0.30987 0)
(0.117871 -0.285822 0)
(0.115997 -0.266064 0)
(0.122845 -0.252361 0)
(0.136318 -0.245876 0)
(0.153799 -0.247265 0)
(0.171735 -0.257812 0)
(0.190179 -0.280409 0)
(0.21797 -0.317716 0)
(0.260818 -0.357092 0)
(0.301807 -0.371103 0)
(0.318743 -0.341945 0)
(0.291751 -0.272911 0)
(0.223932 -0.185713 0)
(0.129134 -0.0583341 0)
(-0.0478686 -0.088353 0)
(-0.0437609 -0.699065 0)
(0.0448573 -1.31383 0)
(0.171452 -0.312672 0)
(0.149802 -0.294836 0)
(0.135851 -0.278203 0)
(0.129657 -0.265494 0)
(0.130313 -0.257972 0)
(0.136432 -0.256009 0)
(0.14617 -0.259741 0)
(0.157927 -0.272138 0)
(0.17776 -0.303537 0)
(0.218201 -0.357301 0)
(0.275571 -0.403183 0)
(0.321633 -0.3998 0)
(0.333229 -0.335294 0)
(0.297604 -0.226256 0)
(0.220985 -0.104579 0)
(0.129131 0.0454479 0)
(-0.0595396 -0.000262961 0)
(0.0184764 -0.76584 0)
(0.0183013 -1.30124 0)
(0.183204 -0.290243 0)
(0.161586 -0.278411 0)
(0.14613 -0.268001 0)
(0.136879 -0.261074 0)
(0.132942 -0.258487 0)
(0.133295 -0.26025 0)
(0.136622 -0.266703 0)
(0.143807 -0.285307 0)
(0.166953 -0.334187 0)
(0.215223 -0.408566 0)
(0.273077 -0.454472 0)
(0.309389 -0.424043 0)
(0.309234 -0.319793 0)
(0.267922 -0.173558 0)
(0.19352 -0.0226211 0)
(0.121326 0.141927 0)
(-0.0415482 0.0563262 0)
(0.0814549 -0.804972 0)
(0.00210055 -1.27158 0)
(0.189512 -0.268943 0)
(0.168143 -0.262109 0)
(0.151724 -0.256495 0)
(0.140092 -0.25388 0)
(0.132409 -0.254856 0)
(0.12777 -0.259271 0)
(0.125292 -0.26888 0)
(0.128804 -0.297711 0)
(0.152302 -0.368041 0)
(0.193712 -0.458774 0)
(0.232518 -0.495216 0)
(0.246589 -0.433757 0)
(0.234678 -0.294805 0)
(0.196972 -0.122018 0)
(0.13691 0.04738 0)
(0.0907951 0.209667 0)
(0.00398145 0.0614083 0)
(0.133144 -0.797892 0)
(0.0189848 -1.23277 0)
(0.192296 -0.24776 0)
(0.171129 -0.245015 0)
(0.153917 -0.243261 0)
(0.140275 -0.243931 0)
(0.129422 -0.247406 0)
(0.120404 -0.253579 0)
(0.112937 -0.266663 0)
(0.112225 -0.306583 0)
(0.126792 -0.393325 0)
(0.142715 -0.489172 0)
(0.146211 -0.509615 0)
(0.133404 -0.424213 0)
(0.114912 -0.266123 0)
(0.0869312 -0.0832327 0)
(0.0522986 0.0793861 0)
(0.0317279 0.239331 0)
(0.0697136 0.00550074 0)
(0.183445 -0.753309 0)
(0.0639031 -1.15861 0)
(0.19212 -0.227261 0)
(0.171324 -0.227869 0)
(0.153612 -0.229064 0)
(0.138492 -0.232003 0)
(0.12532 -0.236937 0)
(0.113043 -0.244034 0)
(0.101925 -0.2598 0)
(0.0948329 -0.306016 0)
(0.0901832 -0.395901 0)
(0.068983 -0.483578 0)
(0.0303639 -0.488763 0)
(-0.00679871 -0.395405 0)
(-0.0292044 -0.23685 0)
(-0.0516721 -0.0630102 0)
(-0.0653351 0.1093 0)
(-0.0285667 0.202563 0)
(0.137055 -0.123932 0)
(0.225015 -0.701039 0)
(0.103498 -1.03907 0)
(0.189499 -0.207392 0)
(0.169333 -0.210671 0)
(0.151583 -0.214127 0)
(0.135827 -0.218724 0)
(0.121634 -0.224611 0)
(0.108007 -0.232176 0)
(0.0952134 -0.24832 0)
(0.0808689 -0.291822 0)
(0.0549044 -0.369548 0)
(-0.000795331 -0.439278 0)
(-0.0766283 -0.437196 0)
(-0.133386 -0.349378 0)
(-0.16357 -0.198046 0)
(-0.185611 -0.0323953 0)
(-0.150929 0.0835306 0)
(-0.0233726 0.0581308 0)
(0.200429 -0.261363 0)
(0.245458 -0.643697 0)
(0.116819 -0.891859 0)
(0.184913 -0.18847 0)
(0.165793 -0.193955 0)
(0.148708 -0.199289 0)
(0.133438 -0.205337 0)
(0.119781 -0.212177 0)
(0.106994 -0.22009 0)
(0.0947867 -0.23393 0)
(0.076455 -0.266691 0)
(0.0384376 -0.322308 0)
(-0.0347291 -0.369874 0)
(-0.128678 -0.36879 0)
(-0.196277 -0.298142 0)
(-0.219138 -0.172886 0)
(-0.208907 -0.0660668 0)
(-0.129618 -0.0405184 0)
(0.0788384 -0.166704 0)
(0.235773 -0.364108 0)
(0.231513 -0.574768 0)
(0.108404 -0.742777 0)
(0.178994 -0.170844 0)
(0.161413 -0.178265 0)
(0.145744 -0.18538 0)
(0.131985 -0.193007 0)
(0.120094 -0.201181 0)
(0.109589 -0.209689 0)
(0.0997223 -0.220121 0)
(0.0831129 -0.239656 0)
(0.048063 -0.272113 0)
(-0.0153946 -0.298225 0)
(-0.100665 -0.300392 0)
(-0.162239 -0.264786 0)
(-0.162653 -0.191668 0)
(-0.106191 -0.138725 0)
(-0.00287879 -0.177351 0)
(0.141231 -0.306923 0)
(0.215189 -0.410357 0)
(0.185156 -0.505688 0)
(0.0892988 -0.61417 0)
(0.172301 -0.154885 0)
(0.156663 -0.164135 0)
(0.142896 -0.173079 0)
(0.13113 -0.182471 0)
(0.121287 -0.192275 0)
(0.112996 -0.20173 0)
(0.105654 -0.209793 0)
(0.0942955 -0.219612 0)
(0.0722565 -0.235657 0)
(0.0363811 -0.246664 0)
(-0.0149837 -0.247984 0)
(-0.0572787 -0.245027 0)
(-0.0536791 -0.233424 0)
(0.00331745 -0.230506 0)
(0.0956414 -0.276644 0)
(0.151983 -0.363713 0)
(0.165413 -0.410014 0)
(0.132742 -0.447008 0)
(0.0694659 -0.515218 0)
(0.16503 -0.140829 0)
(0.151372 -0.151795 0)
(0.139408 -0.162517 0)
(0.129276 -0.173598 0)
(0.12069 -0.184886 0)
(0.113303 -0.195369 0)
(0.106919 -0.202857 0)
(0.0996605 -0.2089 0)
(0.0901642 -0.218437 0)
(0.0781786 -0.224109 0)
(0.0635075 -0.222617 0)
(0.04889 -0.229372 0)
(0.0554152 -0.247959 0)
(0.0826403 -0.276578 0)
(0.120593 -0.314407 0)
(0.13013 -0.370879 0)
(0.118407 -0.392166 0)
(0.0939942 -0.405168 0)
(0.0528592 -0.442285 0)
(0.156641 -0.128527 0)
(0.144473 -0.140935 0)
(0.133607 -0.153146 0)
(0.124142 -0.165505 0)
(0.115617 -0.177763 0)
(0.10773 -0.188955 0)
(0.100428 -0.19689 0)
(0.0940812 -0.203607 0)
(0.0904496 -0.213895 0)
(0.0891442 -0.220966 0)
(0.0911082 -0.220247 0)
(0.0928649 -0.228312 0)
(0.102187 -0.25155 0)
(0.109796 -0.28371 0)
(0.116412 -0.31453 0)
(0.104148 -0.358304 0)
(0.084978 -0.373035 0)
(0.0678575 -0.376778 0)
(0.0380019 -0.388902 0)
(0.145937 -0.117426 0)
(0.134435 -0.130853 0)
(0.123837 -0.144138 0)
(0.114242 -0.15728 0)
(0.105176 -0.170034 0)
(0.0963414 -0.181458 0)
(0.0876309 -0.189972 0)
(0.080694 -0.199376 0)
(0.0779717 -0.213051 0)
(0.0776092 -0.223183 0)
(0.0820351 -0.225743 0)
(0.0880142 -0.234375 0)
(0.0973337 -0.256846 0)
(0.0964691 -0.286487 0)
(0.0958805 -0.309874 0)
(0.0804021 -0.343641 0)
(0.0614195 -0.356074 0)
(0.0473343 -0.355787 0)
(0.023918 -0.3513 0)
(0.131781 -0.106812 0)
(0.120385 -0.120938 0)
(0.109808 -0.135061 0)
(0.100167 -0.148746 0)
(0.0909764 -0.161842 0)
(0.0819203 -0.173224 0)
(0.0732289 -0.182435 0)
(0.0669658 -0.195093 0)
(0.0643876 -0.211761 0)
(0.0629288 -0.224211 0)
(0.0662015 -0.230949 0)
(0.0714843 -0.242012 0)
(0.0809512 -0.260317 0)
(0.077929 -0.28467 0)
(0.0764466 -0.302259 0)
(0.0616486 -0.329172 0)
(0.0441208 -0.340327 0)
(0.0300602 -0.338618 0)
(0.012081 -0.327373 0)
(0.114187 -0.0963099 0)
(0.103118 -0.111203 0)
(0.0931553 -0.126251 0)
(0.0843051 -0.140508 0)
(0.0758991 -0.154057 0)
(0.0679852 -0.165666 0)
(0.0617751 -0.176358 0)
(0.0584835 -0.192177 0)
(0.0574562 -0.21056 0)
(0.0566106 -0.224619 0)
(0.0593462 -0.234743 0)
(0.0621003 -0.247733 0)
(0.0680281 -0.262565 0)
(0.0628005 -0.282071 0)
(0.0608556 -0.29488 0)
(0.0474034 -0.315858 0)
(0.0313916 -0.324911 0)
(0.0170679 -0.324271 0)
(0.00460826 -0.314545 0)
(0.0947285 -0.0862453 0)
(0.084877 -0.102328 0)
(0.0763585 -0.118439 0)
(0.0690704 -0.133331 0)
(0.0622257 -0.147636 0)
(0.0568209 -0.16046 0)
(0.0547632 -0.173723 0)
(0.0550284 -0.19188 0)
(0.0555602 -0.210615 0)
(0.0552643 -0.225226 0)
(0.0563044 -0.236531 0)
(0.0556709 -0.249017 0)
(0.0568387 -0.261074 0)
(0.0501698 -0.277481 0)
(0.0471052 -0.287719 0)
(0.0356266 -0.304123 0)
(0.0222144 -0.311036 0)
(0.0100558 -0.313443 0)
(0.00198686 -0.308511 0)
(0.0756458 -0.0774442 0)
(0.0677712 -0.0950281 0)
(0.0609797 -0.112104 0)
(0.0556022 -0.127759 0)
(0.0510658 -0.143449 0)
(0.0488818 -0.158595 0)
(0.0502541 -0.174523 0)
(0.0519581 -0.193201 0)
(0.0519659 -0.210709 0)
(0.050342 -0.22445 0)
(0.0486591 -0.235476 0)
(0.0458095 -0.247101 0)
(0.0444765 -0.258146 0)
(0.0386666 -0.272505 0)
(0.0351312 -0.281564 0)
(0.0265028 -0.294738 0)
(0.0167181 -0.300541 0)
(0.00835978 -0.305841 0)
(0.00218984 -0.304152 0)
(0.0583513 -0.0705328 0)
(0.0524214 -0.0894446 0)
(0.0472671 -0.107422 0)
(0.0441556 -0.124365 0)
(0.0424073 -0.141962 0)
(0.0425912 -0.159224 0)
(0.0445048 -0.176272 0)
(0.0448657 -0.193589 0)
(0.0430153 -0.209037 0)
(0.0399727 -0.221757 0)
(0.0371468 -0.232919 0)
(0.0344415 -0.244506 0)
(0.0327579 -0.255551 0)
(0.0287164 -0.268173 0)
(0.025526 -0.276863 0)
(0.0198359 -0.287902 0)
(0.0136043 -0.29356 0)
(0.00828092 -0.299854 0)
(0.00257767 -0.298866 0)
(0.0428679 -0.0654578 0)
(0.0383504 -0.0853118 0)
(0.0350698 -0.104647 0)
(0.0342677 -0.12336 0)
(0.0342846 -0.142205 0)
(0.0346137 -0.159914 0)
(0.0346924 -0.176422 0)
(0.0331872 -0.1921 0)
(0.0305994 -0.20629 0)
(0.0279263 -0.218949 0)
(0.0258803 -0.230794 0)
(0.0242161 -0.242498 0)
(0.0228031 -0.253499 0)
(0.0202507 -0.264778 0)
(0.0179091 -0.273543 0)
(0.014413 -0.283201 0)
(0.0106493 -0.289027 0)
(0.00683524 -0.294778 0)
(0.00208688 -0.293771 0)
(0.028003 -0.0611886 0)
(0.0247846 -0.0825065 0)
(0.0234492 -0.103674 0)
(0.0235601 -0.1235 0)
(0.0233094 -0.142221 0)
(0.0225619 -0.159345 0)
(0.0213366 -0.175265 0)
(0.0197114 -0.190382 0)
(0.0180515 -0.204448 0)
(0.0166895 -0.217471 0)
(0.0156751 -0.229704 0)
(0.0147388 -0.241337 0)
(0.0137851 -0.252267 0)
(0.0123882 -0.262859 0)
(0.0110016 -0.271769 0)
(0.00899664 -0.280498 0)
(0.00676445 -0.286405 0)
(0.00406259 -0.291374 0)
(0.00112299 -0.290909 0)
(0.0107599 -0.0580897 0)
(0.00959423 -0.0812193 0)
(0.00925369 -0.10309 0)
(0.00891805 -0.12284 0)
(0.00830787 -0.141168 0)
(0.00765109 -0.158136 0)
(0.00706138 -0.174127 0)
(0.00656455 -0.18933 0)
(0.00611494 -0.203518 0)
(0.00573462 -0.216698 0)
(0.0054015 -0.229037 0)
(0.00507252 -0.240698 0)
(0.00475069 -0.251682 0)
(0.00430541 -0.262076 0)
(0.00382464 -0.271081 0)
(0.0031285 -0.279377 0)
(0.00230571 -0.285324 0)
(0.00122563 -0.289901 0)
(0.000266529 -0.290158 0)
)
;

boundaryField
{
    leftWall
    {
        type            noSlip;
    }
    rightWall
    {
        type            noSlip;
    }
    lowerWall
    {
        type            noSlip;
    }
    atmosphere
    {
        type            pressureInletOutletVelocity;
        value           nonuniform List<vector> 
46
(
(0.00615887 0.310734 0)
(0.0160773 0.346811 0)
(0.0216046 0.311325 0)
(0.0258204 0.300391 0)
(0.0296087 0.295742 0)
(0.0346127 0.288122 0)
(0.0389082 0.27801 0)
(0.0427896 0.266179 0)
(0.0460313 0.252749 0)
(0.0485712 0.237845 0)
(0.0503728 0.221636 0)
(0.0513838 0.204343 0)
(0.0516016 0.186214 0)
(0.0510445 0.167492 0)
(0.0497492 0.148412 0)
(0.0477691 0.129187 0)
(0.0451639 0.110008 0)
(0.0419973 0.0910244 0)
(0.0383453 0.0723241 0)
(0.0342649 0.0539254 0)
(0.0298483 0.0357844 0)
(0.02516 0.0177283 0)
(0 -0.000483996 0)
(0 -0.0139005 0)
(0 -0.0227322 0)
(0 -0.0319582 0)
(0 -0.0415653 0)
(0 -0.0580897 0)
(0 -0.0812193 0)
(0 -0.10309 0)
(0 -0.12284 0)
(0 -0.141168 0)
(0 -0.158136 0)
(0 -0.174127 0)
(0 -0.18933 0)
(0 -0.203518 0)
(0 -0.216698 0)
(0 -0.229037 0)
(0 -0.240698 0)
(0 -0.251682 0)
(0 -0.262076 0)
(0 -0.271081 0)
(0 -0.279377 0)
(0 -0.285324 0)
(0 -0.289901 0)
(0 -0.290158 0)
)
;
    }
    defaultFaces
    {
        type            empty;
    }
}


// ************************************************************************* //
