/*--------------------------------*- C++ -*----------------------------------*\
  =========                 |
  \\      /  F ield         | OpenFOAM: The Open Source CFD Toolbox
   \\    /   O peration     | Website:  https://openfoam.org
    \\  /    A nd           | Version:  13
     \\/     M anipulation  |
\*---------------------------------------------------------------------------*/
FoamFile
{
    format      ascii;
    class       surfaceScalarField;
    location    "0.65";
    object      phi;
}
// * * * * * * * * * * * * * * * * * * * * * * * * * * * * * * * * * * * * * //

dimensions      [0 3 -1 0 0 0 0];

internalField   nonuniform List<scalar> 
4432
(
-3.223e-06
3.223e-06
-6.28009e-06
3.05709e-06
-7.6932e-06
1.41312e-06
-8.01867e-06
3.25462e-07
-7.31185e-06
-7.06816e-07
-5.22107e-06
-2.09078e-06
-1.91031e-06
-3.31076e-06
1.48395e-06
-3.39426e-06
3.91668e-06
-2.43273e-06
5.07248e-06
-1.1558e-06
5.07869e-06
-6.21775e-09
4.14164e-06
9.37056e-07
2.5733e-06
1.56833e-06
5.36204e-07
2.0371e-06
-2.00477e-06
2.54097e-06
-5.3457e-06
3.34093e-06
-9.15201e-06
3.8063e-06
-1.20417e-05
2.88966e-06
-1.49805e-05
2.93887e-06
-2.05294e-05
5.54886e-06
-2.36342e-05
3.10483e-06
-1.60756e-05
-7.55859e-06
-1.60756e-05
-3.92629e-06
7.14929e-06
-6.29213e-06
5.42293e-06
-7.16798e-06
2.28896e-06
-7.62356e-06
7.81037e-07
-7.29778e-06
-1.03259e-06
-5.46295e-06
-3.92561e-06
-2.14781e-06
-6.62591e-06
1.40533e-06
-6.9474e-06
3.96746e-06
-4.99487e-06
5.19103e-06
-2.37936e-06
5.42375e-06
-2.38948e-07
5.11299e-06
1.24782e-06
4.44862e-06
2.23269e-06
3.5379e-06
2.94783e-06
2.315e-06
3.76386e-06
4.9711e-07
5.15881e-06
-2.66136e-06
6.96478e-06
-7.6855e-06
7.91379e-06
-1.36862e-05
8.93957e-06
-1.82329e-05
1.00955e-05
-1.80099e-05
2.8819e-06
-1.1344e-05
-1.42245e-05
-2.74197e-05
-3.00016e-06
1.01495e-05
-4.79263e-06
7.2154e-06
-5.86163e-06
3.35797e-06
-6.83003e-06
1.74943e-06
-7.0486e-06
-8.1402e-07
-5.56472e-06
-5.40949e-06
-2.46806e-06
-9.72257e-06
9.96025e-07
-1.04115e-05
3.55031e-06
-7.54916e-06
4.74765e-06
-3.57669e-06
4.8515e-06
-3.42803e-07
4.33089e-06
1.76844e-06
3.57312e-06
2.99044e-06
2.8685e-06
3.65245e-06
2.41755e-06
4.2148e-06
2.27799e-06
5.29837e-06
1.98917e-06
7.2536e-06
2.64587e-07
9.63837e-06
-2.9441e-06
1.21483e-05
-6.28011e-06
1.34316e-05
-7.23855e-06
3.84033e-06
-4.2352e-06
-1.72278e-05
-3.16549e-05
-1.56035e-06
1.17098e-05
-2.56083e-06
8.21587e-06
-3.57031e-06
4.36745e-06
-4.48287e-06
2.66199e-06
-4.52667e-06
-7.70223e-07
-3.13826e-06
-6.7979e-06
-8.45612e-07
-1.20152e-05
1.47932e-06
-1.27364e-05
3.23598e-06
-9.30582e-06
4.07483e-06
-4.41554e-06
4.06355e-06
-3.31522e-07
3.49008e-06
2.34191e-06
2.67439e-06
3.80613e-06
1.94898e-06
4.37786e-06
1.55315e-06
4.61063e-06
1.65415e-06
5.19736e-06
2.52516e-06
6.3826e-06
3.68048e-06
8.48305e-06
4.82699e-06
1.10018e-05
5.75759e-06
1.2501e-05
4.76328e-06
4.83464e-06
3.16436e-06
-1.56289e-05
-2.84905e-05
3.41293e-07
1.13685e-05
7.34155e-07
7.82301e-06
5.36112e-07
4.56549e-06
6.88798e-07
2.5093e-06
1.74352e-06
-1.82494e-06
3.09124e-06
-8.14563e-06
3.83661e-06
-1.27606e-05
3.96618e-06
-1.2866e-05
3.74761e-06
-9.08725e-06
3.47459e-06
-4.14252e-06
3.09025e-06
5.28171e-08
2.49653e-06
2.93564e-06
1.7585e-06
4.54415e-06
1.1806e-06
4.95576e-06
9.6319e-07
4.82805e-06
1.09866e-06
5.06189e-06
1.88092e-06
5.60035e-06
3.72704e-06
6.63691e-06
6.95578e-06
7.77303e-06
1.0707e-05
8.74973e-06
1.13696e-05
4.17208e-06
7.26354e-06
-1.15229e-05
-2.1227e-05
2.76189e-06
8.60662e-06
5.1987e-06
5.3862e-06
6.88707e-06
2.87713e-06
8.98886e-06
4.07508e-07
1.13082e-05
-4.14431e-06
1.20355e-05
-8.87291e-06
1.06434e-05
-1.13685e-05
8.0213e-06
-1.02439e-05
5.31848e-06
-6.38444e-06
3.31958e-06
-2.14361e-06
2.19796e-06
1.17443e-06
1.4104e-06
3.7232e-06
7.37481e-07
5.21707e-06
3.69713e-07
5.32353e-06
4.58294e-07
4.73947e-06
8.21702e-07
4.69848e-06
1.54453e-06
4.87752e-06
3.04119e-06
5.14025e-06
5.83686e-06
4.97736e-06
9.94273e-06
4.64387e-06
1.18409e-05
2.27388e-06
8.34053e-06
-8.02248e-06
-1.28865e-05
4.71063e-06
3.89599e-06
1.01988e-05
-1.02008e-07
1.54066e-05
-2.33065e-06
1.99677e-05
-4.15357e-06
2.18679e-05
-6.04452e-06
2.01456e-05
-7.1506e-06
1.60092e-05
-7.23206e-06
1.13078e-05
-5.54246e-06
7.07743e-06
-2.1541e-06
3.76126e-06
1.17256e-06
1.72816e-06
3.20753e-06
4.56586e-07
4.99478e-06
-2.76127e-07
5.94978e-06
-4.7316e-07
5.52057e-06
-5.11541e-08
4.31747e-06
6.02911e-07
4.04441e-06
1.46017e-06
4.02027e-06
2.79654e-06
3.80388e-06
4.70544e-06
3.06846e-06
7.66447e-06
1.68486e-06
9.79224e-06
1.46101e-07
8.15693e-06
-6.38717e-06
-4.72953e-06
8.72013e-06
-4.82414e-06
1.81511e-05
-9.53299e-06
2.4356e-05
-8.53553e-06
2.69618e-05
-6.75943e-06
2.54499e-05
-4.53259e-06
2.0809e-05
-2.50968e-06
1.54462e-05
-1.86926e-06
1.08141e-05
-9.10351e-07
7.20737e-06
1.45261e-06
4.347e-06
4.03293e-06
2.19216e-06
5.36237e-06
3.51234e-07
6.83571e-06
-9.5522e-07
7.25623e-06
-1.32921e-06
5.89456e-06
-7.11775e-07
3.70003e-06
1.85347e-07
3.14728e-06
1.22186e-06
2.98376e-06
2.67725e-06
2.34849e-06
4.41684e-06
1.32887e-06
6.28683e-06
-1.85134e-07
7.53079e-06
-1.09786e-06
6.48789e-06
-5.34428e-06
1.75836e-06
-3.67014e-05
3.67014e-05
-4.8155e-05
1.14536e-05
-3.35632e-05
-1.45918e-05
-1.1065e-05
-2.24981e-05
9.3846e-06
-2.04496e-05
2.74594e-05
-1.80748e-05
4.7868e-05
-2.04085e-05
2.26915e-05
2.51764e-05
-5.07846e-05
7.34762e-05
-0.000114728
6.39432e-05
-0.000143245
2.85176e-05
-0.000152138
8.8927e-06
-0.000152053
-8.48077e-08
-0.000145778
-6.27515e-06
-0.000133246
-1.25319e-05
-0.000109447
-2.37995e-05
-6.12353e-05
-4.82115e-05
-2.59547e-06
-5.86398e-05
-2.59548e-06
-3.45791e-05
7.12805e-05
-3.37943e-05
1.06688e-05
-1.50931e-05
-3.3293e-05
3.24946e-06
-4.08407e-05
2.02394e-05
-3.74396e-05
3.58018e-05
-3.36373e-05
3.52674e-05
-1.98741e-05
-3.64409e-05
9.68847e-05
-0.000132799
0.000169834
-0.000181162
0.000112307
-0.000186764
3.41195e-05
-0.000182145
4.27369e-06
-0.00017655
-5.67958e-06
-0.000166787
-1.6038e-05
-0.000150737
-2.85827e-05
-0.000125963
-4.85726e-05
-8.06781e-05
-9.34969e-05
-2.14916e-05
-0.000117826
-2.40871e-05
-1.61821e-05
8.74626e-05
-1.0989e-05
5.47569e-06
4.0022e-06
-4.82842e-05
2.09348e-05
-5.77733e-05
3.42193e-05
-5.07241e-05
4.03466e-05
-3.97646e-05
1.67509e-05
3.72164e-06
-7.20635e-05
0.000185699
-0.00016081
0.000258581
-0.000214579
0.000166075
-0.00023274
5.22807e-05
-0.000227873
-5.93254e-07
-0.000218529
-1.50235e-05
-0.0002022
-3.23673e-05
-0.000175935
-5.48476e-05
-0.000143518
-8.09896e-05
-9.49689e-05
-0.000142046
-3.67573e-05
-0.000176038
-6.08444e-05
1.63933e-06
8.58233e-05
9.86307e-06
-2.74805e-06
2.13463e-05
-5.97675e-05
3.64233e-05
-7.28503e-05
4.51134e-05
-5.94142e-05
4.40393e-05
-3.86905e-05
1.62572e-05
3.15038e-05
-7.07306e-05
0.000272687
-0.000149513
0.000337364
-0.000193011
0.000209572
-0.000212738
7.20074e-05
-0.000226886
1.35548e-05
-0.000241333
-5.76649e-07
-0.000234416
-3.92838e-05
-0.000207457
-8.18067e-05
-0.000164991
-0.000123455
-0.000104654
-0.000202384
-4.53526e-05
-0.000235339
-0.000106197
1.89241e-05
6.68992e-05
2.46032e-05
-8.42716e-06
3.68319e-05
-7.19962e-05
4.99052e-05
-8.59235e-05
5.49441e-05
-6.4453e-05
5.03658e-05
-3.41122e-05
2.88442e-05
5.30254e-05
-8.88502e-07
0.00030242
-7.74488e-05
0.000413924
-0.000142143
0.000274266
-0.000158529
8.83933e-05
-0.000182327
3.73533e-05
-0.000206828
2.39238e-05
-0.00021857
-2.75411e-05
-0.000206686
-9.36911e-05
-0.00016454
-0.000165601
-0.000111356
-0.000255568
-4.7982e-05
-0.000298713
-0.000154179
2.1964e-05
4.49351e-05
3.59063e-05
-2.23695e-05
4.88118e-05
-8.49016e-05
5.91138e-05
-9.62256e-05
6.19636e-05
-6.73029e-05
5.65717e-05
-2.87203e-05
3.70395e-05
7.25576e-05
4.83042e-05
0.000291155
2.3102e-05
0.000439126
-5.61006e-05
0.000353469
-9.68758e-05
0.000129168
-0.000128456
6.89342e-05
-0.000164239
5.97061e-05
-0.000182693
-9.08765e-06
-0.000172592
-0.000103792
-0.000137094
-0.000201099
-0.000100094
-0.000292568
-4.36753e-05
-0.000355132
-0.000197854
2.22404e-05
2.26947e-05
4.48701e-05
-4.49991e-05
5.55491e-05
-9.55806e-05
6.24403e-05
-0.000103117
6.45506e-05
-6.94132e-05
5.90986e-05
-2.32682e-05
3.91753e-05
9.24809e-05
5.29455e-05
0.000277385
7.52434e-05
0.000416828
2.31914e-05
0.000405521
-5.07028e-05
0.000203063
-9.31812e-05
0.000111413
-0.000135937
0.000102462
-0.000153142
8.11739e-06
-0.000135747
-0.000121187
-0.000100308
-0.000236538
-6.6984e-05
-0.000325891
-3.54437e-05
-0.000386672
-0.000233298
3.06831e-05
-7.98844e-06
5.05086e-05
-6.48246e-05
5.59599e-05
-0.000101032
6.14467e-05
-0.000108604
6.32054e-05
-7.11719e-05
5.72118e-05
-1.72747e-05
4.53549e-05
0.000104338
5.69753e-05
0.000265764
8.93353e-05
0.000384468
7.57168e-05
0.000419139
-1.87293e-06
0.000280652
-6.86116e-05
0.000178151
-0.000112699
0.000146551
-0.000125206
2.06239e-05
-0.000107015
-0.000139378
-7.27217e-05
-0.000270832
-3.87634e-05
-0.00035985
-2.60117e-05
-0.000399424
-0.00025931
1.71e-05
-2.19242e-05
2.05368e-05
-1.29697e-05
1.26326e-05
-6.31308e-07
7.9291e-06
-2.05596e-06
5.61679e-06
-2.22028e-06
4.27338e-06
-1.16626e-06
3.86608e-06
-1.46196e-06
3.4874e-06
-5.3167e-07
3.38957e-06
1.55044e-06
3.73288e-06
3.68962e-06
3.49187e-06
5.60338e-06
1.50949e-06
8.81809e-06
-1.27814e-06
1.00439e-05
-2.10665e-06
6.72307e-06
-3.84691e-07
1.97808e-06
1.23638e-06
1.52621e-06
2.54223e-06
1.67791e-06
4.84394e-06
4.67805e-08
8.524e-06
-2.35119e-06
1.24067e-05
-4.06783e-06
1.62485e-05
-4.93966e-06
1.9001e-05
-8.09674e-06
-6.27785e-06
2.70372e-05
-7.28788e-05
5.09546e-05
-0.000130419
4.457e-05
-0.000124807
-6.24295e-06
-8.98256e-05
-3.70374e-05
-6.96042e-05
-2.24417e-05
-6.36276e-05
-7.14289e-06
-6.19452e-05
-3.14432e-06
-5.5503e-05
-6.97388e-06
-4.38062e-05
-1.01464e-05
-3.1908e-05
-8.20858e-06
-2.0476e-05
-5.82865e-06
-1.15439e-05
-1.14046e-07
-5.08445e-06
3.58446e-06
6.44157e-07
9.94462e-07
4.31829e-06
-1.69606e-06
5.07899e-06
7.65516e-07
4.69367e-06
2.06323e-06
6.23397e-06
-1.49352e-06
1.0146e-05
-6.26317e-06
1.34486e-05
-7.37047e-06
1.48336e-05
-6.32467e-06
1.33172e-05
-6.58031e-06
-8.32652e-06
1.53658e-05
-2.88874e-05
7.98419e-05
-6.96132e-05
8.52956e-05
-9.82192e-05
2.2363e-05
-0.000130678
-4.5784e-06
-0.000162499
9.37882e-06
-0.000188756
1.91143e-05
-0.000205614
1.37135e-05
-0.000207715
-4.87283e-06
-0.000192935
-2.4926e-05
-0.000165108
-3.60357e-05
-0.000137273
-3.36635e-05
-9.19805e-05
-4.54067e-05
-6.46562e-05
-2.37399e-05
-4.75184e-05
-1.61433e-05
-3.13446e-05
-1.78698e-05
-1.5356e-05
-1.52231e-05
-4.20731e-06
-9.08545e-06
4.5662e-06
-1.0267e-05
1.32536e-05
-1.49506e-05
1.92428e-05
-1.33597e-05
2.09156e-05
-7.99745e-06
1.70459e-05
-2.7106e-06
-1.41914e-06
1.01385e-05
5.68353e-06
7.41583e-05
-5.84807e-06
9.68271e-05
-3.2701e-05
4.92158e-05
-6.23218e-05
2.50422e-05
-8.1513e-05
2.85699e-05
-9.54326e-05
3.30339e-05
-0.000102144
2.04245e-05
-0.000110804
3.78733e-06
-0.000128292
-7.43768e-06
-0.000154855
-9.47277e-06
-0.000175067
-1.34517e-05
-0.000196104
-2.43688e-05
-0.000198926
-2.09181e-05
-0.000191073
-2.39959e-05
-0.000171695
-3.72485e-05
-0.000144963
-4.19544e-05
-0.000105946
-4.81033e-05
-8.77727e-05
-2.844e-05
-6.51581e-05
-3.75651e-05
-4.34364e-05
-3.50814e-05
-3.07267e-05
-2.07071e-05
-4.01865e-05
6.74911e-06
2.10541e-05
-6.26597e-05
8.81134e-06
6.53469e-05
2.06878e-05
8.49506e-05
6.74306e-06
6.31604e-05
9.35899e-08
3.16916e-05
-5.07769e-06
3.37411e-05
-9.47997e-06
3.74361e-05
-7.51691e-06
1.84615e-05
-6.65891e-06
2.92942e-06
-1.17478e-05
-2.3487e-06
-2.42277e-05
3.00734e-06
-5.10712e-05
1.33919e-05
-8.18847e-05
6.4449e-06
-0.000102213
-5.89819e-07
-0.000122468
-3.74052e-06
-0.000147649
-1.20684e-05
-0.000177385
-1.22186e-05
-0.000215746
-9.74187e-06
-0.000238093
-6.09254e-06
-0.000252636
-2.30222e-05
-0.000243952
-4.37653e-05
-0.000217737
-4.69223e-05
-0.000196386
-1.46018e-05
1.2487e-05
-0.000187819
1.02521e-06
6.43216e-05
2.01138e-05
6.5862e-05
2.33664e-05
5.99078e-05
1.62403e-05
3.88176e-05
1.26823e-05
3.7299e-05
1.14841e-05
3.86343e-05
2.40395e-06
2.75416e-05
-1.19889e-05
1.73223e-05
-2.29552e-05
8.61766e-06
-2.44466e-05
4.49892e-06
-1.96618e-05
8.60712e-06
-2.43075e-05
1.10908e-05
-4.13419e-05
1.64445e-05
-6.01584e-05
1.5076e-05
-7.46743e-05
2.44746e-06
-9.27692e-05
5.87631e-06
-0.000117619
1.51074e-05
-0.000145681
2.19696e-05
-0.000190192
2.1489e-05
-0.00024556
1.16024e-05
-0.00028975
-2.73182e-06
-0.000299817
-4.53458e-06
-8.04716e-07
-0.000286526
-4.90566e-07
6.48122e-05
1.26639e-05
5.27075e-05
1.83294e-05
5.42422e-05
1.26699e-05
4.4477e-05
7.86032e-06
4.21086e-05
6.40499e-06
4.00896e-05
1.7e-07
3.37766e-05
-9.82246e-06
2.73148e-05
-2.22826e-05
2.10779e-05
-3.48039e-05
1.70203e-05
-4.08551e-05
1.46583e-05
-4.58539e-05
1.60895e-05
-5.32083e-05
2.37988e-05
-6.42013e-05
2.6069e-05
-7.77713e-05
1.60174e-05
-8.76924e-05
1.57975e-05
-9.59226e-05
2.33377e-05
-0.000106807
3.28536e-05
-0.000127732
4.2414e-05
-0.000162482
4.63524e-05
-0.000206859
4.16448e-05
-0.000242522
3.11293e-05
2.24171e-05
-0.000265744
2.11804e-07
6.46004e-05
6.07511e-06
4.68441e-05
8.62998e-06
5.16872e-05
5.80323e-06
4.73036e-05
2.82171e-06
4.509e-05
2.39717e-07
4.26715e-05
-5.26785e-06
3.92842e-05
-1.36125e-05
3.56595e-05
-2.35858e-05
3.10512e-05
-3.27722e-05
2.62068e-05
-4.11061e-05
2.29922e-05
-4.84758e-05
2.34592e-05
-5.33491e-05
2.8672e-05
-5.87308e-05
3.14506e-05
-7.04796e-05
2.77661e-05
-8.41802e-05
2.94982e-05
-9.64355e-05
3.55932e-05
-0.000106643
4.30612e-05
-0.000115226
5.0997e-05
-0.00012312
5.42466e-05
-0.000131442
4.99662e-05
-0.000146007
4.5694e-05
4.89261e-05
-0.000172516
-4.0517e-07
6.50055e-05
1.81035e-06
4.46285e-05
3.01394e-06
5.04835e-05
1.49279e-06
4.88246e-05
-6.58528e-07
4.72412e-05
-3.17343e-06
4.51863e-05
-7.33e-06
4.34407e-05
-1.30047e-05
4.13341e-05
-2.03267e-05
3.83732e-05
-2.91922e-05
3.50723e-05
-3.86725e-05
3.24724e-05
-4.67268e-05
3.15135e-05
-5.15955e-05
3.35407e-05
-5.5999e-05
3.58541e-05
-6.47231e-05
3.64902e-05
-7.56969e-05
4.0472e-05
-8.61936e-05
4.60899e-05
-9.45554e-05
5.14231e-05
-9.97273e-05
5.61688e-05
-0.000103238
5.77569e-05
-0.000107345
5.40736e-05
-0.000113546
5.18953e-05
6.66403e-05
-0.00013126
-1.20795e-06
6.62134e-05
-4.27654e-07
4.38481e-05
2.02774e-07
4.9853e-05
-9.11701e-07
4.99389e-05
-2.69574e-06
4.90251e-05
-4.91344e-06
4.7404e-05
-7.86527e-06
4.63924e-05
-1.18462e-05
4.5315e-05
-1.73104e-05
4.38374e-05
-2.41583e-05
4.19202e-05
-3.17203e-05
4.00343e-05
-3.93209e-05
3.9114e-05
-4.59301e-05
4.01499e-05
-5.24337e-05
4.23577e-05
-6.10385e-05
4.50951e-05
-7.02883e-05
4.97218e-05
-7.88472e-05
5.46488e-05
-8.60145e-05
5.85904e-05
-9.15071e-05
6.16614e-05
-9.69323e-05
6.3182e-05
-0.00010558
6.27212e-05
-0.00012281
6.91252e-05
0.000108305
-0.000164475
-1.50578e-06
6.77191e-05
-1.50727e-06
4.38495e-05
-1.37208e-06
4.97176e-05
-2.48451e-06
5.10513e-05
-4.00566e-06
5.05462e-05
-6.02985e-06
4.94281e-05
-8.47603e-06
4.88385e-05
-1.15569e-05
4.83959e-05
-1.55349e-05
4.78154e-05
-2.05238e-05
4.69091e-05
-2.65215e-05
4.60319e-05
-3.33365e-05
4.59289e-05
-4.0417e-05
4.72304e-05
-4.78528e-05
4.97935e-05
-5.61485e-05
5.33909e-05
-6.46292e-05
5.82025e-05
-7.29206e-05
6.29401e-05
-8.09436e-05
6.66134e-05
-8.88731e-05
6.95909e-05
-9.87992e-05
7.31082e-05
-0.00011644
8.03619e-05
-0.000150628
0.000103313
0.000164403
-0.000206726
-1.5034e-06
6.92225e-05
-1.99232e-06
4.43383e-05
-2.32664e-06
5.00519e-05
-3.45094e-06
5.21755e-05
-4.90063e-06
5.19958e-05
-6.806e-06
5.13334e-05
-9.02183e-06
5.10543e-05
-1.16179e-05
5.09918e-05
-1.48004e-05
5.09978e-05
-1.88576e-05
5.09662e-05
-2.39481e-05
5.11223e-05
-2.99615e-05
5.19422e-05
-3.65923e-05
5.38612e-05
-4.36798e-05
5.6881e-05
-5.11803e-05
6.08914e-05
-5.88679e-05
6.58902e-05
-6.69833e-05
7.10556e-05
-7.58387e-05
7.5469e-05
-8.59453e-05
7.96975e-05
-0.000100154
8.73169e-05
-0.000124307
0.000104515
-0.000162879
0.000141885
0.000207071
-0.000205546
-1.37999e-06
7.06024e-05
-2.15166e-06
4.511e-05
-2.8043e-06
5.07045e-05
-3.9553e-06
5.33265e-05
-5.37992e-06
5.34204e-05
-7.17842e-06
5.31319e-05
-9.26541e-06
5.31412e-05
-1.16665e-05
5.33929e-05
-1.45222e-05
5.38535e-05
-1.80656e-05
5.45096e-05
-2.24459e-05
5.55025e-05
-2.76266e-05
5.71229e-05
-3.34048e-05
5.96395e-05
-3.9617e-05
6.30932e-05
-4.61885e-05
6.74628e-05
-5.31023e-05
7.2804e-05
-6.08168e-05
7.87701e-05
-7.00001e-05
8.46523e-05
-8.12601e-05
9.09575e-05
-9.63671e-05
0.000102424
-0.000119363
0.000127511
-0.000151393
0.000173915
0.000237104
-0.000181427
-1.20522e-06
7.18076e-05
-2.11867e-06
4.60234e-05
-2.96913e-06
5.1555e-05
-4.11557e-06
5.4473e-05
-5.48373e-06
5.47885e-05
-7.1581e-06
5.48062e-05
-9.11578e-06
5.50989e-05
-1.13727e-05
5.56497e-05
-1.39986e-05
5.64793e-05
-1.71247e-05
5.76356e-05
-2.08538e-05
5.92316e-05
-2.51745e-05
6.14435e-05
-2.99681e-05
6.44332e-05
-3.51549e-05
6.828e-05
-4.07412e-05
7.3049e-05
-4.68032e-05
7.8866e-05
-5.3754e-05
8.57208e-05
-6.24308e-05
9.33291e-05
-7.35115e-05
0.000102038
-8.69408e-05
0.000115853
-0.000103258
0.000143828
-0.000123067
0.000193724
0.000258406
-0.000144369
-1.02545e-06
7.28331e-05
-1.98134e-06
4.69794e-05
-2.91654e-06
5.24903e-05
-4.02121e-06
5.55778e-05
-5.29431e-06
5.60617e-05
-6.80688e-06
5.63187e-05
-8.56827e-06
5.68603e-05
-1.05987e-05
5.76802e-05
-1.29281e-05
5.88086e-05
-1.56127e-05
6.03202e-05
-1.8698e-05
6.23168e-05
-2.21724e-05
6.49179e-05
-2.59845e-05
6.82453e-05
-3.01158e-05
7.24115e-05
-3.46147e-05
7.75479e-05
-3.9568e-05
8.38193e-05
-4.5235e-05
9.13877e-05
-5.23069e-05
0.000100401
-6.15125e-05
0.000111244
-7.1896e-05
0.000126237
-8.05951e-05
0.000152527
-8.63668e-05
0.000199496
0.000265622
-9.35824e-05
-8.58387e-07
7.36915e-05
-1.7825e-06
4.79037e-05
-2.71696e-06
5.34249e-05
-3.73749e-06
5.65984e-05
-4.87863e-06
5.7203e-05
-6.19531e-06
5.76355e-05
-7.70648e-06
5.83714e-05
-9.4291e-06
5.94029e-05
-1.13785e-05
6.07579e-05
-1.35675e-05
6.25093e-05
-1.6002e-05
6.47514e-05
-1.86667e-05
6.75826e-05
-2.15352e-05
7.11138e-05
-2.45978e-05
7.5474e-05
-2.7875e-05
8.08253e-05
-3.14083e-05
8.73527e-05
-3.5296e-05
9.52753e-05
-3.98519e-05
0.000104957
-4.55754e-05
0.000116967
-5.17672e-05
0.000132429
-5.43993e-05
0.000155159
-4.81239e-05
0.000193221
0.00025144
-3.39418e-05
-7.0588e-07
7.43974e-05
-1.54962e-06
4.87475e-05
-2.41882e-06
5.42943e-05
-3.31757e-06
5.74972e-05
-4.29579e-06
5.81812e-05
-5.39587e-06
5.87357e-05
-6.63087e-06
5.96065e-05
-8.0089e-06
6.07811e-05
-9.53395e-06
6.2283e-05
-1.12019e-05
6.41772e-05
-1.29962e-05
6.65457e-05
-1.48929e-05
6.94793e-05
-1.68598e-05
7.30806e-05
-1.88607e-05
7.74749e-05
-2.08575e-05
8.2822e-05
-2.28118e-05
8.93068e-05
-2.4681e-05
9.71445e-05
-2.64067e-05
0.000106683
-2.79596e-05
0.00011852
-2.88965e-05
0.000133366
-2.6326e-05
0.000152589
-1.31515e-05
0.000180047
0.000220512
1.77765e-05
-5.62913e-07
7.49605e-05
-1.29612e-06
4.94808e-05
-2.05493e-06
5.50531e-05
-2.80475e-06
5.82472e-05
-3.59854e-06
5.89751e-05
-4.4701e-06
5.96073e-05
-5.42193e-06
6.05584e-05
-6.45229e-06
6.18113e-05
-7.5531e-06
6.33838e-05
-8.7096e-06
6.53338e-05
-9.89525e-06
6.77315e-05
-1.10714e-05
7.06556e-05
-1.21873e-05
7.41963e-05
-1.31755e-05
7.8463e-05
-1.3944e-05
8.35905e-05
-1.43736e-05
8.97365e-05
-1.43071e-05
9.70779e-05
-1.34662e-05
0.000105842
-1.14116e-05
0.000116466
-7.35484e-06
0.000129309
2.36487e-07
0.000144997
1.62885e-05
0.000163995
0.000188188
4.86126e-05
-4.22648e-07
7.53832e-05
-1.02973e-06
5.00881e-05
-1.65102e-06
5.56745e-05
-2.23413e-06
5.88303e-05
-2.83138e-06
5.95725e-05
-3.46901e-06
6.02449e-05
-4.14072e-06
6.12302e-05
-4.83557e-06
6.25063e-05
-5.53493e-06
6.40834e-05
-6.21426e-06
6.60131e-05
-6.83656e-06
6.83535e-05
-7.35044e-06
7.11694e-05
-7.68812e-06
7.45341e-05
-7.75723e-06
7.85322e-05
-7.43158e-06
8.32649e-05
-6.53566e-06
8.88406e-05
-4.8474e-06
9.53897e-05
-1.96091e-06
0.000102955
2.75017e-06
0.000111755
9.88594e-06
0.000122173
2.07956e-05
0.000134087
3.74808e-05
0.000147309
0.0001609
6.47687e-05
-2.80792e-07
7.5664e-05
-7.56728e-07
5.05641e-05
-1.22688e-06
5.61447e-05
-1.63438e-06
5.92379e-05
-2.03196e-06
5.99701e-05
-2.43728e-06
6.06503e-05
-2.83939e-06
6.16323e-05
-3.21665e-06
6.28834e-05
-3.54596e-06
6.44126e-05
-3.79157e-06
6.62587e-05
-3.90798e-06
6.847e-05
-3.83373e-06
7.10951e-05
-3.48992e-06
7.41902e-05
-2.76921e-06
7.78116e-05
-1.53123e-06
8.20268e-05
4.44422e-07
8.68649e-05
3.40532e-06
9.24288e-05
7.60172e-06
9.87589e-05
1.35639e-05
0.000105793
2.2176e-05
0.000113561
3.43562e-05
0.000121907
5.12047e-05
0.000130461
0.000138118
7.39869e-05
-1.3532e-07
7.57994e-05
-4.82441e-07
5.09112e-05
-7.9814e-07
5.64605e-05
-1.02973e-06
5.94696e-05
-1.23139e-06
6.01718e-05
-1.415e-06
6.0834e-05
-1.56207e-06
6.17794e-05
-1.64796e-06
6.29695e-05
-1.64034e-06
6.4405e-05
-1.50193e-06
6.61202e-05
-1.17783e-06
6.81458e-05
-5.98593e-07
7.05158e-05
3.22424e-07
7.32692e-05
1.69171e-06
7.64425e-05
3.65807e-06
8.00606e-05
6.34526e-06
8.41778e-05
1.00541e-05
8.872e-05
1.50675e-05
9.37456e-05
2.17903e-05
9.90699e-05
3.07694e-05
0.000104582
4.26916e-05
0.000109985
5.82832e-05
0.000114869
0.000118466
7.79353e-05
2.12532e-08
7.57782e-05
-2.14302e-07
5.11469e-05
-3.76548e-07
5.66228e-05
-4.39684e-07
5.95329e-05
-4.55349e-07
6.01876e-05
-4.33045e-07
6.08118e-05
-3.4647e-07
6.16929e-05
-1.70484e-07
6.27935e-05
1.38146e-07
6.40964e-05
6.1926e-07
6.5639e-05
1.32177e-06
6.74433e-05
2.30639e-06
6.95312e-05
3.65858e-06
7.19171e-05
5.48961e-06
7.46116e-05
7.92993e-06
7.76203e-05
1.11613e-05
8.09464e-05
1.53465e-05
8.45349e-05
2.07733e-05
8.83187e-05
2.76837e-05
9.21595e-05
3.64425e-05
9.58229e-05
4.74354e-05
9.89919e-05
6.10611e-05
0.000101243
0.000102045
7.74819e-05
1.79796e-07
7.55984e-05
4.9631e-08
5.12772e-05
3.05686e-08
5.66421e-05
1.2516e-07
5.94384e-05
2.78899e-07
6.0034e-05
4.89674e-07
6.06011e-05
7.82592e-07
6.14001e-05
1.1938e-06
6.23824e-05
1.74483e-06
6.35455e-05
2.48865e-06
6.48952e-05
3.47939e-06
6.64526e-05
4.78453e-06
6.82262e-05
6.47976e-06
7.0222e-05
8.65885e-06
7.24325e-05
1.1437e-05
7.48422e-05
1.49619e-05
7.74214e-05
1.93698e-05
8.01269e-05
2.48697e-05
8.28188e-05
3.1646e-05
8.53832e-05
3.99006e-05
8.75681e-05
4.97933e-05
8.9099e-05
6.14618e-05
8.95744e-05
8.86164e-05
7.48899e-05
3.34966e-07
7.52635e-05
2.93799e-07
5.13185e-05
4.09853e-07
5.65263e-05
6.47879e-07
5.92005e-05
9.51418e-07
5.97306e-05
1.32488e-06
6.02276e-05
1.79339e-06
6.09317e-05
2.39079e-06
6.17851e-05
3.15261e-06
6.27837e-05
4.11896e-06
6.39289e-05
5.34152e-06
6.52301e-05
6.88448e-06
6.66832e-05
8.81394e-06
6.82926e-05
1.12136e-05
7.00329e-05
1.41777e-05
7.18779e-05
1.78255e-05
7.37736e-05
2.22834e-05
7.56689e-05
2.76558e-05
7.74464e-05
3.40899e-05
7.8949e-05
4.16834e-05
7.99746e-05
5.05015e-05
8.02807e-05
6.05129e-05
7.9563e-05
7.75339e-05
7.15953e-05
4.82698e-07
7.4781e-05
5.21373e-07
5.12801e-05
7.64518e-07
5.62833e-05
1.12509e-06
5.88402e-05
1.56029e-06
5.92953e-05
2.06882e-06
5.97192e-05
2.68676e-06
6.03137e-05
3.43736e-06
6.10346e-05
4.36186e-06
6.18592e-05
5.49881e-06
6.27919e-05
6.8955e-06
6.38335e-05
8.59626e-06
6.49826e-05
1.06731e-05
6.62158e-05
1.31942e-05
6.75118e-05
1.62403e-05
6.88317e-05
1.98847e-05
7.01291e-05
2.4228e-05
7.13256e-05
2.93572e-05
7.2317e-05
3.53443e-05
7.29619e-05
4.22346e-05
7.30842e-05
5.00313e-05
7.2484e-05
5.86606e-05
7.09336e-05
6.82276e-05
6.79668e-05
6.20719e-07
7.41604e-05
7.34851e-07
5.11662e-05
1.09392e-06
5.59243e-05
1.55945e-06
5.83748e-05
2.09991e-06
5.87548e-05
2.72569e-06
5.90935e-05
3.45697e-06
5.95825e-05
4.33165e-06
6.016e-05
5.37414e-06
6.08168e-05
6.62737e-06
6.15388e-05
8.13033e-06
6.23305e-05
9.93391e-06
6.31789e-05
1.2087e-05
6.40626e-05
1.4645e-05
6.49535e-05
1.76689e-05
6.58077e-05
2.12266e-05
6.65713e-05
2.53821e-05
6.71702e-05
3.01861e-05
6.75131e-05
3.56745e-05
6.74735e-05
4.18622e-05
6.68963e-05
4.87258e-05
6.56203e-05
5.61787e-05
6.34807e-05
6.0339e-05
6.40671e-05
7.52516e-07
7.34079e-05
9.27735e-07
5.09911e-05
1.38611e-06
5.54661e-05
1.9352e-06
5.78257e-05
2.56858e-06
5.81214e-05
3.28247e-06
5.83796e-05
4.10679e-06
5.87583e-05
5.06841e-06
5.91985e-05
6.19933e-06
5.9686e-05
7.525e-06
6.02131e-05
9.0894e-06
6.0766e-05
1.09319e-05
6.13363e-05
1.30953e-05
6.18991e-05
1.56258e-05
6.2423e-05
1.85694e-05
6.2864e-05
2.19721e-05
6.31686e-05
2.58742e-05
6.32682e-05
3.03121e-05
6.30753e-05
3.52934e-05
6.24922e-05
4.0807e-05
6.13826e-05
4.6817e-05
5.96103e-05
5.3245e-05
5.70527e-05
5.36284e-05
5.99555e-05
8.85435e-07
7.25226e-05
1.09717e-06
5.07794e-05
1.63661e-06
5.49268e-05
2.26109e-06
5.72011e-05
2.96701e-06
5.74155e-05
3.74983e-06
5.75968e-05
4.64253e-06
5.78656e-05
5.66309e-06
5.81778e-05
6.84329e-06
5.85057e-05
8.21066e-06
5.88457e-05
9.79747e-06
5.91791e-05
1.16372e-05
5.94965e-05
1.37654e-05
5.97709e-05
1.62186e-05
5.99698e-05
1.90305e-05
6.00521e-05
2.22327e-05
5.99665e-05
2.5852e-05
5.9649e-05
2.98973e-05
5.903e-05
3.43707e-05
5.80187e-05
3.92489e-05
5.65044e-05
4.44886e-05
5.43705e-05
5.00148e-05
5.15264e-05
4.79292e-05
5.57139e-05
1.03189e-06
7.14907e-05
1.24482e-06
5.05666e-05
1.83887e-06
5.43329e-05
2.52515e-06
5.65148e-05
3.28863e-06
5.6652e-05
4.12169e-06
5.67637e-05
5.05925e-06
5.6928e-05
6.12002e-06
5.71169e-05
7.32864e-06
5.72971e-05
8.71102e-06
5.74633e-05
1.02888e-05
5.76014e-05
1.20949e-05
5.76905e-05
1.41556e-05
5.77103e-05
1.64999e-05
5.76255e-05
1.91504e-05
5.74016e-05
2.21275e-05
5.69894e-05
2.54431e-05
5.63335e-05
2.91041e-05
5.53689e-05
3.30957e-05
5.40271e-05
3.73858e-05
5.22143e-05
4.19243e-05
4.9832e-05
4.66499e-05
4.68007e-05
4.31105e-05
5.14685e-05
1.1916e-06
7.02992e-05
1.37555e-06
5.03827e-05
1.99413e-06
5.37145e-05
2.72442e-06
5.57845e-05
3.52577e-06
5.58506e-05
4.39489e-06
5.58945e-05
5.35971e-06
5.59631e-05
6.4407e-06
5.60359e-05
7.6561e-06
5.60817e-05
9.02962e-06
5.60898e-05
1.05831e-05
5.6048e-05
1.23377e-05
5.5936e-05
1.43154e-05
5.57326e-05
1.65335e-05
5.54074e-05
1.90106e-05
5.49245e-05
2.17596e-05
5.42404e-05
2.47845e-05
5.33086e-05
2.8078e-05
5.20755e-05
3.16236e-05
5.04815e-05
3.53846e-05
4.84533e-05
3.93117e-05
4.59049e-05
4.33419e-05
4.27703e-05
3.90502e-05
4.74022e-05
1.34821e-06
6.8951e-05
1.49029e-06
5.02407e-05
2.10097e-06
5.31039e-05
2.85454e-06
5.50309e-05
3.67426e-06
5.50307e-05
4.55611e-06
5.50125e-05
5.52793e-06
5.49911e-05
6.60828e-06
5.49555e-05
7.81389e-06
5.48762e-05
9.16359e-06
5.47402e-05
1.06745e-05
5.45372e-05
1.2363e-05
5.42476e-05
1.42463e-05
5.38492e-05
1.63371e-05
5.33165e-05
1.8647e-05
5.26146e-05
2.11791e-05
5.17082e-05
2.39329e-05
5.05548e-05
2.68984e-05
4.911e-05
3.00576e-05
4.73224e-05
3.33719e-05
4.51388e-05
3.6789e-05
4.24877e-05
4.02495e-05
3.93098e-05
3.56058e-05
4.36938e-05
1.49318e-06
6.74579e-05
1.58349e-06
5.01505e-05
2.15267e-06
5.25348e-05
2.90385e-06
5.42796e-05
3.71721e-06
5.42172e-05
4.58695e-06
5.41427e-05
5.54288e-06
5.40351e-05
6.59909e-06
5.38994e-05
7.77222e-06
5.37031e-05
9.07674e-06
5.34357e-05
1.05271e-05
5.3087e-05
1.21352e-05
5.26394e-05
1.39137e-05
5.20707e-05
1.58715e-05
5.13586e-05
1.80145e-05
5.04716e-05
2.03442e-05
4.93785e-05
2.28567e-05
4.80423e-05
2.554e-05
4.64267e-05
2.83729e-05
4.44894e-05
3.13218e-05
4.21897e-05
3.43401e-05
3.94693e-05
3.73697e-05
3.62801e-05
3.26186e-05
4.03568e-05
1.62689e-06
6.58309e-05
1.64851e-06
5.01289e-05
2.14231e-06
5.20409e-05
2.86324e-06
5.35588e-05
3.64099e-06
5.34395e-05
4.47017e-06
5.33136e-05
5.38033e-06
5.3125e-05
6.38336e-06
5.28965e-05
7.4947e-06
5.25918e-05
8.72589e-06
5.22045e-05
1.00887e-05
5.17242e-05
1.1593e-05
5.11352e-05
1.32451e-05
5.04186e-05
1.50546e-05
4.95491e-05
1.70239e-05
4.85023e-05
1.91532e-05
4.72491e-05
2.14351e-05
4.57602e-05
2.38601e-05
4.40015e-05
2.64087e-05
4.19406e-05
2.9054e-05
3.95442e-05
3.17535e-05
3.67698e-05
3.44585e-05
3.35752e-05
2.99578e-05
3.71193e-05
1.74528e-06
6.40856e-05
1.68432e-06
5.019e-05
2.07229e-06
5.16529e-05
2.73141e-06
5.28997e-05
3.44009e-06
5.27308e-05
4.19736e-06
5.25563e-05
5.02957e-06
5.22928e-05
5.94757e-06
5.19785e-05
6.96478e-06
5.15746e-05
8.08919e-06
5.10801e-05
9.32944e-06
5.0484e-05
1.06943e-05
4.97704e-05
1.21903e-05
4.89225e-05
1.38228e-05
4.79165e-05
1.55928e-05
4.6732e-05
1.74995e-05
4.53422e-05
1.95394e-05
4.37201e-05
2.17017e-05
4.1839e-05
2.39696e-05
3.96727e-05
2.63231e-05
3.71907e-05
2.87292e-05
3.43638e-05
3.11472e-05
3.11572e-05
2.75713e-05
3.35338e-05
1.83248e-06
6.22531e-05
1.68878e-06
5.03337e-05
1.95208e-06
5.13898e-05
2.51768e-06
5.23342e-05
3.12657e-06
5.21219e-05
3.78406e-06
5.18987e-05
4.50996e-06
5.15669e-05
5.31261e-06
5.11759e-05
6.20313e-06
5.06842e-05
7.18794e-06
5.00955e-05
8.27384e-06
4.93982e-05
9.46722e-06
4.8577e-05
1.07728e-05
4.76169e-05
1.2193e-05
4.64962e-05
1.37315e-05
4.51933e-05
1.53872e-05
4.36864e-05
1.7155e-05
4.19521e-05
1.9025e-05
3.99689e-05
2.09864e-05
3.77112e-05
2.30216e-05
3.51555e-05
2.51061e-05
3.22792e-05
2.72096e-05
2.90537e-05
2.54884e-05
2.92925e-05
1.86426e-06
6.0389e-05
1.65349e-06
5.05446e-05
1.79225e-06
5.12513e-05
2.24281e-06
5.18836e-05
2.73087e-06
5.16338e-05
3.27067e-06
5.13589e-05
3.86993e-06
5.09676e-05
4.53912e-06
5.05067e-05
5.28325e-06
4.99402e-05
6.10703e-06
4.92718e-05
7.01599e-06
4.84893e-05
8.01413e-06
4.75789e-05
9.10579e-06
4.65251e-05
1.02939e-05
4.5308e-05
1.15791e-05
4.3908e-05
1.29609e-05
4.23046e-05
1.44334e-05
4.04795e-05
1.59886e-05
3.84135e-05
1.76167e-05
3.6083e-05
1.93047e-05
3.34674e-05
2.10304e-05
3.05535e-05
2.27735e-05
2.73107e-05
2.37657e-05
2.44964e-05
1.82663e-06
5.85624e-05
1.56992e-06
5.08014e-05
1.59826e-06
5.1223e-05
1.9307e-06
5.15512e-05
2.29089e-06
5.12736e-05
2.70779e-06
5.0942e-05
3.17771e-06
5.04977e-05
3.70561e-06
4.99788e-05
4.29635e-06
4.93495e-05
4.95355e-06
4.86147e-05
5.68082e-06
4.77621e-05
6.48113e-06
4.67786e-05
7.35783e-06
4.56485e-05
8.31205e-06
4.43539e-05
9.34417e-06
4.28758e-05
1.04521e-05
4.11966e-05
1.16305e-05
3.9301e-05
1.28726e-05
3.71714e-05
1.41706e-05
3.4785e-05
1.55089e-05
3.21292e-05
1.68739e-05
2.91887e-05
1.82472e-05
2.59376e-05
2.24211e-05
1.95918e-05
1.72004e-06
5.68424e-05
1.43782e-06
5.10838e-05
1.37668e-06
5.12842e-05
1.60072e-06
5.13272e-05
1.8413e-06
5.10331e-05
2.14462e-06
5.06388e-05
2.48759e-06
5.01547e-05
2.8829e-06
4.95836e-05
3.32962e-06
4.89029e-05
3.82859e-06
4.81157e-05
4.38436e-06
4.72064e-05
4.99884e-06
4.61643e-05
5.67438e-06
4.49731e-05
6.41069e-06
4.36176e-05
7.20896e-06
4.20775e-05
8.06605e-06
4.03395e-05
8.97655e-06
3.83905e-05
9.93326e-06
3.62147e-05
1.09287e-05
3.37895e-05
1.19504e-05
3.11074e-05
1.29883e-05
2.81508e-05
1.40201e-05
2.49057e-05
2.14165e-05
1.50247e-05
1.53469e-06
5.53078e-05
1.25286e-06
5.13657e-05
1.1359e-06
5.14011e-05
1.26794e-06
5.11951e-05
1.40754e-06
5.08935e-05
1.60917e-06
5.04371e-05
1.84249e-06
4.99214e-05
2.11931e-06
4.93068e-05
2.43601e-06
4.85862e-05
2.79541e-06
4.77564e-05
3.19961e-06
4.68023e-05
3.64943e-06
4.57145e-05
4.14604e-06
4.44766e-05
4.69039e-06
4.30733e-05
5.281e-06
4.14869e-05
5.91541e-06
3.9705e-05
6.58708e-06
3.77187e-05
7.29614e-06
3.55054e-05
8.02724e-06
3.30582e-05
8.77598e-06
3.03586e-05
9.52559e-06
2.74011e-05
1.02664e-05
2.41649e-05
2.07064e-05
1.09764e-05
1.26141e-06
5.40464e-05
1.01467e-06
5.16124e-05
8.82713e-07
5.1533e-05
9.44229e-07
5.11336e-05
1.00703e-06
5.08307e-05
1.12715e-06
5.0317e-05
1.26875e-06
4.97798e-05
1.44661e-06
4.9129e-05
1.65342e-06
4.83795e-05
1.89306e-06
4.75168e-05
2.1658e-06
4.65296e-05
2.47221e-06
4.54082e-05
2.81353e-06
4.41353e-05
3.18903e-06
4.26979e-05
3.59677e-06
4.10792e-05
4.0335e-06
3.92682e-05
4.49626e-06
3.72558e-05
4.98085e-06
3.50207e-05
5.47855e-06
3.25605e-05
5.9832e-06
2.98539e-05
6.4792e-06
2.6905e-05
6.9569e-06
2.36871e-05
2.02609e-05
7.40237e-06
9.65764e-07
5.30807e-05
7.57464e-07
5.18206e-05
6.22593e-07
5.16679e-05
6.31614e-07
5.11246e-05
6.35431e-07
5.08269e-05
6.92764e-07
5.02596e-05
7.56246e-07
4.97163e-05
8.51749e-07
4.90335e-05
9.64141e-07
4.82671e-05
1.09818e-06
4.73828e-05
1.25497e-06
4.63729e-05
1.43553e-06
4.52278e-05
1.63649e-06
4.39345e-05
1.85827e-06
4.24762e-05
2.09956e-06
4.0838e-05
2.3581e-06
3.90097e-05
2.63006e-06
3.69837e-05
2.91101e-06
3.47397e-05
3.19638e-06
3.2275e-05
3.4763e-06
2.95738e-05
3.74148e-06
2.66398e-05
3.97603e-06
2.34525e-05
2.0051e-05
4.18595e-06
4.85131e-07
3.72599e-07
2.88536e-07
2.68256e-07
2.44947e-07
2.5325e-07
2.59e-07
2.82402e-07
3.12774e-07
3.51654e-07
3.96755e-07
4.50445e-07
5.13623e-07
5.84687e-07
6.60001e-07
7.38483e-07
8.23665e-07
9.06289e-07
9.88785e-07
1.06129e-06
1.12698e-06
1.17839e-06
1.22222e-06
3.01843e-05
-3.14712e-06
3.4663e-05
-4.47875e-06
4.16572e-05
-6.99415e-06
-9.64676e-06
5.13039e-05
1.88919e-05
-6.6732e-06
2.40814e-05
-9.66827e-06
2.99812e-05
-1.28939e-05
-1.58648e-05
3.61992e-05
7.86403e-06
-4.39869e-06
5.12008e-06
-6.92433e-06
9.94495e-07
-8.76835e-06
-1.19245e-05
-2.94575e-06
-7.09752e-05
3.91675e-06
-7.54688e-05
-2.43066e-06
-8.01847e-05
-4.05246e-06
-3.14359e-06
-8.89657e-05
-0.000190976
7.07334e-06
-0.000198902
5.49581e-06
-0.000211672
8.71744e-06
1.91233e-05
-0.000233939
-0.000287431
7.97911e-06
-0.000298889
1.69535e-05
-0.000306922
1.67506e-05
1.89271e-05
-0.000306726
-0.000257223
-5.42473e-07
-0.000229239
-1.10305e-05
-0.000193992
-1.84963e-05
-8.65321e-06
-0.000166411
-0.000184541
1.14828e-05
-0.000187334
-8.23731e-06
-0.000189977
-1.58534e-05
-1.67725e-05
-0.000181858
-0.000153045
3.32674e-05
-0.000174734
1.34514e-05
-0.000184212
-6.37551e-06
-1.85579e-05
-0.000182426
-0.000194361
6.31536e-05
-0.000222435
4.15261e-05
-0.000242312
1.35018e-05
-6.62195e-06
-0.000254248
-0.000236168
9.25961e-05
-0.00026693
7.22878e-05
-0.000295825
4.23964e-05
1.44235e-05
-0.00031687
-0.000222357
0.000109407
-0.00023956
8.94901e-05
-0.000253324
5.61604e-05
2.23425e-05
-0.000261243
-0.000194746
0.000122726
-0.000212078
0.000106822
-0.000231256
7.53391e-05
4.15569e-05
-0.000250471
-0.000157703
0.000136061
-0.000176101
0.00012522
-0.000197847
9.70856e-05
6.84441e-05
-0.000224735
-0.000103307
0.000145786
-0.000120737
0.000142649
-0.000143441
0.00011979
9.547e-05
-0.000170467
-3.01771e-05
0.000142021
-3.58216e-05
0.000148294
-5.2302e-05
0.00013627
0.000115468
-7.22996e-05
3.71823e-05
0.000122615
5.27613e-05
0.000132715
5.67343e-05
0.000132297
0.00012006
5.21419e-05
7.27473e-05
9.84806e-05
0.000100075
0.000105387
0.000123384
0.000108988
0.000105258
0.000138187
8.34377e-05
7.98118e-05
0.000106762
8.20624e-05
0.000132314
8.34358e-05
8.23427e-05
0.000155229
8.72156e-05
6.6583e-05
0.000102742
6.6536e-05
0.000120406
6.57717e-05
6.41482e-05
0.000138601
8.83114e-05
5.62068e-05
9.93022e-05
5.55451e-05
0.000110787
5.42872e-05
5.24508e-05
0.000122484
8.59318e-05
4.77569e-05
9.45991e-05
4.68777e-05
0.000103239
4.56474e-05
4.40726e-05
0.000111617
8.16782e-05
4.09684e-05
8.86152e-05
3.99406e-05
9.55522e-05
3.87103e-05
3.73172e-05
0.000102308
7.70872e-05
3.54764e-05
8.26569e-05
3.43709e-05
8.82451e-05
3.31219e-05
3.17844e-05
9.37779e-05
7.25052e-05
3.0938e-05
7.70682e-05
2.98079e-05
8.16268e-05
2.85633e-05
2.72515e-05
8.61597e-05
6.78747e-05
2.71303e-05
7.168e-05
2.60026e-05
7.54616e-05
2.47816e-05
2.35039e-05
7.92092e-05
6.31688e-05
2.39169e-05
6.63658e-05
2.28054e-05
6.95285e-05
2.16189e-05
2.03838e-05
7.26486e-05
5.84235e-05
2.12072e-05
6.11077e-05
2.01212e-05
6.37522e-05
1.89745e-05
1.77835e-05
6.63525e-05
5.37425e-05
1.89331e-05
5.59853e-05
1.78784e-05
5.81867e-05
1.67732e-05
1.56232e-05
6.03471e-05
4.93043e-05
1.70311e-05
5.11722e-05
1.60106e-05
5.29993e-05
1.49461e-05
1.38334e-05
5.4789e-05
4.52955e-05
1.54294e-05
4.68629e-05
1.44432e-05
4.83917e-05
1.34172e-05
1.23399e-05
4.98852e-05
4.17377e-05
1.40485e-05
4.30868e-05
1.3094e-05
4.44007e-05
1.21032e-05
1.10607e-05
4.56801e-05
3.83478e-05
1.282e-05
3.95474e-05
1.18945e-05
4.07164e-05
1.09343e-05
9.92183e-06
4.18553e-05
3.46375e-05
1.17164e-05
3.57159e-05
1.08162e-05
3.677e-05
9.88014e-06
8.88814e-06
3.78036e-05
3.02556e-05
1.07533e-05
3.11968e-05
9.87492e-06
3.21215e-05
8.95547e-06
7.97267e-06
3.3037e-05
2.52902e-05
9.95956e-06
2.60671e-05
9.09804e-06
2.6835e-05
8.18761e-06
7.20905e-06
2.75986e-05
2.02082e-05
9.34309e-06
2.0815e-05
8.49119e-06
2.14191e-05
7.58348e-06
6.6113e-06
2.20169e-05
1.54851e-05
8.88261e-06
1.59425e-05
8.03382e-06
1.63977e-05
7.12834e-06
6.16827e-06
1.68407e-05
1.13044e-05
8.55466e-06
1.16342e-05
7.70399e-06
1.19571e-05
6.80539e-06
5.86336e-06
1.22621e-05
7.61355e-06
8.34347e-06
7.82513e-06
7.49247e-06
8.02749e-06
6.60306e-06
5.68224e-06
8.20871e-06
4.29529e-06
8.23419e-06
4.40249e-06
7.38531e-06
4.49623e-06
6.50932e-06
5.60273e-06
4.57582e-06
1.25141e-06
1.27898e-06
1.30477e-06
1.32975e-06
8.29193e-05
-3.96038e-05
9.68404e-05
-7.87457e-05
0.000106036
-0.000110228
0.000134876
-0.000137443
0.000133159
-6.94547e-05
0.000117766
-1.88195e-06
0.000129248
9.2856e-05
0.000155225
0.000239788
0.000203244
0.00033645
0.000221562
0.000400821
0.000117669
0.000384545
-2.89614e-05
0.000324782
-0.000123763
0.000241353
-0.000139526
3.63868e-05
-0.000115056
-0.000163848
-7.78946e-05
-0.000307994
-1.80682e-05
-0.000419676
-3.02929e-05
-0.000387199
-0.000289603
4.87471e-05
-5.21517e-05
5.51558e-05
-8.51544e-05
7.95472e-05
-0.000134619
0.000139034
-0.00019693
0.000168446
-9.88667e-05
0.000164063
2.50057e-06
0.000144975
0.000111944
0.00016171
0.000223052
0.00018591
0.000312249
0.000211651
0.00037508
0.000175023
0.000421173
6.69723e-05
0.000432833
1.31273e-05
0.000295198
3.39547e-05
1.55593e-05
6.02198e-05
-0.000190113
4.89761e-05
-0.00029675
3.00519e-05
-0.000400752
1.1311e-06
-0.000358278
-0.000288471
-1.15669e-05
-4.35305e-05
-2.11138e-05
-7.56076e-05
-5.2346e-06
-0.000150498
3.4779e-05
-0.000236944
6.7945e-05
-0.000132033
5.16512e-05
1.87944e-05
7.03004e-05
9.32952e-05
0.000115782
0.000177571
0.000140344
0.000287687
0.000155332
0.000360092
0.000130885
0.00044562
7.26228e-05
0.000491095
0.000118264
0.000249556
0.000189758
-5.59343e-05
0.000207759
-0.000208114
0.000169525
-0.000258516
6.87691e-05
-0.000299996
1.76142e-05
-0.000307123
-0.000270857
-0.000126332
-6.16378e-06
-0.000193017
-8.92319e-06
-0.000205803
-0.000137712
-0.000212935
-0.000229811
-0.000134968
-0.000209999
-5.58578e-05
-6.03163e-05
1.77684e-05
1.9669e-05
7.11045e-05
0.000124235
8.45483e-05
0.000274243
5.95705e-05
0.00038507
9.04409e-06
0.000496147
3.28389e-05
0.0004673
0.000178359
0.000104036
0.000265309
-0.000142884
0.000266727
-0.000209532
0.000220968
-0.000212757
0.000106458
-0.000185487
3.00973e-05
-0.000230762
-0.00024076
-0.000301724
6.16209e-05
-0.000313898
3.25138e-06
-0.000277875
-0.000173735
-0.000246566
-0.00026112
-0.000199308
-0.000257258
-8.78497e-05
-0.000171774
-1.96642e-05
-4.85166e-05
-3.47734e-05
0.000139344
-6.60374e-05
0.000305507
-0.000134727
0.00045376
-0.000162271
0.00052369
-9.6042e-06
0.000314633
0.000150514
-5.60818e-05
0.00020036
-0.00019273
0.000205952
-0.000215124
0.000182383
-0.000189188
0.000115
-0.000118104
3.95984e-05
-0.00015536
-0.000201162
-0.000265063
1.99578e-05
-0.000241035
-2.07769e-05
-0.000311345
-0.000103424
-0.0003548
-0.000217665
-0.000349414
-0.000262644
-0.000332582
-0.000188607
-0.000321156
-5.99424e-05
-0.000322188
0.000140376
-0.000363378
0.000346698
-0.000400028
0.000490409
-0.000269933
0.000393595
-1.99224e-05
6.46228e-05
9.24228e-05
-0.000168427
0.000128278
-0.000228585
0.000133165
-0.000220011
0.000126031
-0.000182054
9.01932e-05
-8.22664e-05
4.37008e-05
-0.000108867
-0.000157461
-0.000135034
-1.14196e-05
-0.000157999
2.18782e-06
-0.00026175
3.26467e-07
-0.000392836
-8.6579e-05
-0.000495941
-0.000159539
-0.000583559
-0.000100989
-0.000628053
-1.54481e-05
-0.000643969
0.000156292
-0.000606666
0.000309394
-0.000459557
0.0003433
-0.000193743
0.000127781
1.19593e-05
-0.000141079
7.52408e-05
-0.000231708
9.24195e-05
-0.000245764
9.86777e-05
-0.000226269
9.09575e-05
-0.000174334
7.56618e-05
-6.69707e-05
4.49061e-05
-7.81117e-05
-0.000112555
-0.000154481
-3.87963e-05
-0.000150791
-1.50191e-06
-0.000191897
4.14323e-05
-0.000303087
2.46114e-05
-0.000438998
-2.36284e-05
-0.000578334
3.83475e-05
-0.00066443
7.06478e-05
-0.00065002
0.000141881
-0.000518332
0.000177707
-0.000266079
9.10468e-05
-2.71146e-05
-0.000111184
3.6923e-05
-0.000205117
3.57978e-05
-0.000230583
4.54955e-05
-0.000255461
5.36249e-05
-0.000234399
5.0372e-05
-0.000171081
6.26442e-05
-7.9243e-05
4.66894e-05
-6.21568e-05
-6.58653e-05
-0.000177961
-4.32619e-05
-0.000161515
-1.79475e-05
-0.000158416
3.83333e-05
-0.000221265
8.746e-05
-0.000315037
7.01439e-05
-0.000377332
0.000100642
-0.000436739
0.000130055
-0.000383624
8.87659e-05
-0.00020966
3.74369e-06
-1.69378e-05
-0.000101675
2.61789e-05
-0.000154301
-4.24798e-06
-0.00017469
-1.36242e-05
-0.000221207
-9.97991e-07
-0.000268088
1.25184e-05
-0.000247915
2.69913e-05
-0.000185554
5.63365e-05
-0.000108588
4.23696e-05
-4.81899e-05
-2.34957e-05
-0.000244991
-5.25189e-05
-0.000208443
-5.44955e-05
-0.000159003
-1.11068e-05
-0.00013673
6.51868e-05
-0.000171378
0.000104792
-0.000145748
7.50117e-05
-5.58607e-05
4.01676e-05
2.95603e-05
3.34497e-06
7.34789e-05
-4.01749e-05
3.91389e-05
-6.73353e-05
-1.05135e-05
-0.000104648
-4.4718e-05
-0.000140486
-4.78069e-05
-0.000218118
-3.3562e-05
-0.000282332
-2.67247e-05
-0.000254752
-1.72303e-05
-0.000195049
1.13118e-06
-0.00012695
6.57057e-06
-5.36293e-05
-1.69251e-05
-0.000330268
-3.91209e-05
-0.000300304
-8.44597e-05
-0.000235816
-7.55946e-05
-0.000146497
-2.41325e-05
-7.45283e-05
3.28235e-05
-3.57153e-05
3.61987e-05
-1.09644e-05
1.54167e-05
-3.29553e-07
-7.28987e-06
-1.19688e-05
-2.85357e-05
-3.92884e-05
-4.00156e-05
-7.64219e-05
-6.75147e-05
-8.56405e-05
-0.000131267
-7.89939e-05
-0.000224765
-6.4762e-05
-0.000296564
-5.91494e-05
-0.000260365
-6.91844e-05
-0.000185013
-6.45788e-05
-0.000131555
-2.90945e-05
-8.91136e-05
-4.60196e-05
-0.000268028
-3.23356e-05
-0.000258388
-9.41e-05
-0.000229693
-0.000104289
-0.000188057
-6.57681e-05
-0.000140684
-1.45502e-05
-0.000114667
1.01824e-05
-0.000113173
1.39228e-05
-0.000122832
2.36844e-06
-0.000140377
-1.09907e-05
-0.000173851
-6.54166e-06
-0.0001957
-4.56655e-05
-0.000155999
-0.000170968
-0.000126085
-0.000254679
-0.000100187
-0.000322463
-7.77131e-05
-0.000282838
-6.61592e-05
-0.000196567
-5.82454e-05
-0.000139469
-3.11566e-05
-0.000116202
-7.71761e-05
-0.000293289
1.04822e-05
-0.000303531
-8.38578e-05
-0.00026993
-0.00013789
-0.0002369
-9.87986e-05
-0.000213294
-3.81562e-05
-0.000203498
3.86305e-07
-0.000201082
1.15077e-05
-0.000208338
9.62432e-06
-0.000259059
3.97302e-05
-0.000301619
3.6018e-05
-0.000250422
-9.68623e-05
-0.00020816
-0.000213229
-0.000184096
-0.000278743
-0.000144807
-0.000361752
-0.000103372
-0.000324273
-6.74282e-05
-0.000232511
-4.36699e-05
-0.000163227
-2.48307e-05
-0.000135042
-0.000102007
-0.000294596
8.03432e-05
-0.00032958
-4.88731e-05
-0.000337156
-0.000130314
-0.000322683
-0.000113272
-0.000294114
-6.67244e-05
-0.000274519
-1.92088e-05
-0.000264655
1.6437e-06
-0.000274047
1.90155e-05
-0.000273822
3.95054e-05
-0.000249363
1.15589e-05
-0.000243869
-0.000102356
-0.000248784
-0.000208314
-0.000241019
-0.000286508
-0.000203199
-0.000399573
-0.000148522
-0.00037895
-8.89493e-05
-0.000292084
-4.06622e-05
-0.000211514
-1.09833e-05
-0.00016472
-0.00011299
-0.000233174
0.000143051
-0.000287176
5.12857e-06
-0.000335252
-8.22386e-05
-0.000340971
-0.000107553
-0.00033104
-7.66551e-05
-0.000313168
-3.70805e-05
-0.000291295
-2.023e-05
-0.000277976
5.69632e-06
-0.000264367
2.58969e-05
-0.0002506
-2.20773e-06
-0.000263617
-8.93399e-05
-0.000281371
-0.000190559
-0.000259843
-0.000308036
-0.000247927
-0.000411489
-0.00021004
-0.000416837
-0.000137375
-0.000364749
-5.8354e-05
-0.000290536
-4.7975e-06
-0.000218277
-0.000117788
-0.000111061
0.000181812
-0.000167957
6.20255e-05
-0.000238205
-1.19912e-05
-0.000292959
-5.27987e-05
-0.000317773
-5.18412e-05
-0.000317982
-3.68712e-05
-0.000310075
-2.81372e-05
-0.000291536
-1.28428e-05
-0.000264333
-1.30575e-06
-0.000234198
-3.23428e-05
-0.000221118
-0.000102419
-0.000230286
-0.000181392
-0.000252
-0.000286322
-0.000273001
-0.000390488
-0.000253881
-0.000435957
-0.000195688
-0.000422942
-0.000107182
-0.000379041
-2.20947e-05
-0.000303365
-0.000139882
3.73011e-05
0.000196652
5.13025e-06
9.41964e-05
-3.17557e-05
2.48947e-05
-7.51964e-05
-9.35798e-06
-0.000113101
-1.39363e-05
-0.000142065
-7.90794e-06
-0.000158188
-1.20138e-05
-0.000156545
-1.44855e-05
-0.000145527
-1.23239e-05
-0.000133593
-4.42765e-05
-0.000138858
-9.71541e-05
-0.000154663
-0.000165587
-0.00018459
-0.000256395
-0.000220713
-0.000354364
-0.000230599
-0.000426071
-0.000202365
-0.000451176
-0.000139693
-0.000441713
-5.41429e-05
-0.000388915
-0.000194025
0.000146263
0.000188576
0.000129809
0.00011065
0.000104042
5.06616e-05
7.97824e-05
1.49017e-05
6.42991e-05
1.54721e-06
5.53826e-05
1.00867e-06
4.27415e-05
6.2728e-07
2.97136e-05
-1.45755e-06
2.16191e-05
-4.22919e-06
9.84273e-06
-3.25002e-05
-1.29073e-05
-7.4404e-05
-4.03584e-05
-0.000138136
-7.54243e-05
-0.000221329
-0.000115011
-0.000314778
-0.00013978
-0.000401301
-0.00013647
-0.000454487
-0.000124383
-0.0004538
-6.16847e-05
-0.000451613
-0.00025571
0.000181641
0.000162164
0.000183114
0.000109177
0.000172091
6.16844e-05
0.000159016
2.79771e-05
0.000151425
9.13842e-06
0.000150685
1.74875e-06
0.000152076
-7.64006e-07
0.000154258
-3.63942e-06
0.000161213
-1.11836e-05
0.000153891
-2.51785e-05
0.000129938
-5.0451e-05
9.00032e-05
-9.82011e-05
4.23524e-05
-0.000173678
-7.37384e-06
-0.000265051
-4.76245e-05
-0.00036105
-5.89625e-05
-0.000443149
-6.66717e-05
-0.000446091
-4.10182e-05
-0.000477267
-0.000296728
0.00016776
0.000133005
0.000178505
9.8432e-05
0.000177326
6.28639e-05
0.000172201
3.31019e-05
0.000169801
1.15383e-05
0.000173749
-2.19953e-06
0.000183384
-1.03988e-05
0.00019626
-1.65153e-05
0.000208861
-2.37842e-05
0.000218975
-3.5292e-05
0.000218727
-5.02031e-05
0.000196584
-7.60588e-05
0.000150247
-0.000127341
9.13453e-05
-0.00020615
2.84652e-05
-0.00029817
-1.19762e-05
-0.000402707
-2.71724e-05
-0.000430895
-2.7524e-05
-0.000476915
-0.000324252
0.000144709
0.00011078
0.000156276
8.68646e-05
0.000159207
5.99335e-05
0.000158039
3.42695e-05
0.000157404
1.21734e-05
0.000161103
-5.89853e-06
0.000171061
-2.03568e-05
0.000186345
-3.17988e-05
0.000204413
-4.18522e-05
0.000221436
-5.23154e-05
0.000234289
-6.30559e-05
0.000234153
-7.59231e-05
0.000208996
-0.000102184
0.000157818
-0.000154971
9.22882e-05
-0.000232641
2.99383e-05
-0.000340357
-5.48968e-06
-0.000395467
-1.78702e-05
-0.000464534
-0.000342122
0.000128255
9.41414e-05
0.000138677
7.64421e-05
0.000143294
5.53166e-05
0.000144445
3.31188e-05
0.000145099
1.152e-05
0.000147989
-8.78883e-06
0.000154939
-2.73073e-05
0.000166653
-4.35123e-05
0.000181741
-5.69404e-05
0.000198059
-6.86325e-05
0.000213247
-7.8245e-05
0.000221613
-8.42883e-05
0.000212565
-9.31361e-05
0.000178152
-0.000120558
0.000123176
-0.000177665
6.00566e-05
-0.000277238
2.18023e-05
-0.000357212
5.18798e-07
-0.000443251
-0.000341603
0.000116219
8.02297e-05
0.00012625
6.64111e-05
0.000132312
4.92543e-05
0.000135629
2.98025e-05
0.000138126
9.02285e-06
0.000141629
-1.22921e-05
0.000147476
-3.31538e-05
0.00015606
-5.20967e-05
0.000166428
-6.73083e-05
0.000176991
-7.91951e-05
0.000187045
-8.82995e-05
0.000194191
-9.14341e-05
0.000190564
-8.95091e-05
0.000167638
-9.76323e-05
0.000125235
-0.000135263
7.21464e-05
-0.000224148
3.72914e-05
-0.000322357
1.12161e-05
-0.000417175
-0.000330387
0.000105772
6.82357e-05
0.000115473
5.67099e-05
0.000122544
4.21829e-05
0.000127505
2.4842e-05
0.000131507
5.02053e-06
0.000135889
-1.66743e-05
0.000141618
-3.88823e-05
0.000148831
-5.931e-05
0.000156587
-7.50644e-05
0.000162952
-8.55597e-05
0.000166902
-9.22495e-05
0.000168279
-9.28113e-05
0.000163359
-8.45888e-05
0.000145161
-7.94348e-05
0.000112203
-0.000102304
6.98637e-05
-0.00018181
4.02285e-05
-0.000292722
1.37084e-05
-0.000390655
-0.000316679
9.63456e-05
5.80497e-05
0.000105283
4.77723e-05
0.000112581
3.48846e-05
0.000118361
1.90624e-05
0.000123285
9.58591e-08
0.000128305
-2.16937e-05
0.000134048
-4.46256e-05
0.000140368
-6.56302e-05
0.000146493
-8.11893e-05
0.000150641
-8.97075e-05
0.000150965
-9.25737e-05
0.000147196
-8.90427e-05
0.000138222
-7.56142e-05
0.000120354
-6.15669e-05
9.31904e-05
-7.51407e-05
5.98199e-05
-0.000148439
3.94958e-05
-0.000272398
1.60361e-05
-0.000367195
-0.000300643
8.77705e-05
4.94882e-05
9.5668e-05
3.98747e-05
0.000102587
2.79657e-05
0.000108508
1.31412e-05
0.000113873
-5.26876e-06
0.000119448
-2.72686e-05
0.00012569
-5.08679e-05
0.000131978
-7.19186e-05
0.000137125
-8.63365e-05
0.000139519
-9.21014e-05
0.000137173
-9.02273e-05
0.00012929
-8.11601e-05
0.000115812
-6.21367e-05
9.61259e-05
-4.18803e-05
7.13783e-05
-5.03929e-05
4.46738e-05
-0.000121734
3.31792e-05
-0.000260903
1.59759e-05
-0.000349992
-0.000284667
7.98171e-05
4.23196e-05
8.66066e-05
3.30851e-05
9.2785e-05
2.17873e-05
9.83012e-05
7.62493e-06
0.000103546
-1.05138e-05
0.000109577
-3.32996e-05
0.000117112
-5.84026e-05
0.000124563
-7.93698e-05
0.000129479
-9.12521e-05
0.000130124
-9.27465e-05
0.000124999
-8.5103e-05
0.000113357
-6.95181e-05
9.57474e-05
-4.45269e-05
7.36958e-05
-1.98286e-05
4.93629e-05
-2.606e-05
2.71593e-05
-9.95305e-05
1.9818e-05
-0.000253562
9.37434e-06
-0.000339548
-0.000275292
7.23319e-05
3.63401e-05
7.80339e-05
2.73831e-05
8.32281e-05
1.65931e-05
8.7818e-05
3.03514e-06
9.23223e-05
-1.50181e-05
9.87914e-05
-3.97689e-05
0.000107927
-6.75383e-05
0.000116387
-8.78303e-05
0.000120644
-9.55084e-05
0.000119335
-9.14382e-05
0.000111667
-7.74345e-05
9.70499e-05
-5.49011e-05
7.69442e-05
-2.44213e-05
5.41922e-05
2.92332e-06
3.17979e-05
-3.66578e-06
1.85858e-05
-8.63183e-05
1.32171e-05
-0.000248193
-5.27343e-06
-0.000321058
-0.000280566
6.53033e-05
3.13841e-05
6.99688e-05
2.27175e-05
7.4053e-05
1.25088e-05
7.73451e-05
-2.57077e-07
8.08588e-05
-1.85317e-05
8.71014e-05
-4.60115e-05
9.59178e-05
-7.63546e-05
0.000103001
-9.49139e-05
0.00010522
-9.77272e-05
0.000102157
-8.8375e-05
9.3089e-05
-6.83666e-05
7.74223e-05
-3.92345e-05
5.74609e-05
-4.45995e-06
3.78485e-05
2.25358e-05
2.11332e-05
1.30495e-05
2.42838e-05
-8.9469e-05
2.30429e-05
-0.000246952
4.89474e-06
-0.000302909
-0.000275671
5.88674e-05
2.73057e-05
6.26266e-05
1.89582e-05
6.57015e-05
9.43384e-06
6.78423e-05
-2.39779e-06
7.0033e-05
-2.07223e-05
7.35728e-05
-4.95511e-05
7.83213e-05
-8.1103e-05
8.15304e-05
-9.8123e-05
8.09705e-05
-9.71673e-05
7.68049e-05
-8.42095e-05
6.76589e-05
-5.92206e-05
5.33581e-05
-2.49338e-05
3.64526e-05
1.24456e-05
2.58642e-05
3.31242e-05
1.9994e-05
1.89196e-05
3.69845e-05
-0.00010646
3.21982e-05
-0.000242166
1.17294e-05
-0.000282441
-0.000263942
5.32552e-05
2.39356e-05
5.63087e-05
1.59048e-05
5.8719e-05
7.02377e-06
6.00418e-05
-3.72041e-06
6.00674e-05
-2.07476e-05
5.85351e-05
-4.80187e-05
5.68405e-05
-7.94085e-05
5.52981e-05
-9.65806e-05
5.17814e-05
-9.36506e-05
4.65251e-05
-7.89533e-05
3.76113e-05
-5.03067e-05
2.58022e-05
-1.31245e-05
1.66437e-05
2.1604e-05
1.9025e-05
3.07427e-05
2.9167e-05
8.77747e-06
4.69666e-05
-0.000124259
3.84353e-05
-0.000233634
1.54833e-05
-0.000259489
-0.000248458
4.85316e-05
2.10841e-05
5.10732e-05
1.33634e-05
5.31612e-05
4.93607e-06
5.41103e-05
-4.66937e-06
5.22135e-05
-1.88509e-05
4.59758e-05
-4.17809e-05
3.74104e-05
-7.08432e-05
3.03681e-05
-8.95383e-05
2.34451e-05
-8.67275e-05
1.6051e-05
-7.15591e-05
8.04943e-06
-4.23051e-05
1.23011e-06
-6.30515e-06
2.94199e-06
1.9892e-05
2.05947e-05
1.30899e-05
4.58763e-05
-1.65042e-05
5.50966e-05
-0.00013348
4.3669e-05
-0.000222207
2.08986e-05
-0.000236719
-0.00022756
4.43736e-05
1.85658e-05
4.65761e-05
1.11609e-05
4.8428e-05
3.08434e-06
4.93496e-05
-5.59085e-06
4.71065e-05
-1.66078e-05
3.87292e-05
-3.34035e-05
2.48318e-05
-5.69459e-05
1.1606e-05
-7.63125e-05
4.86842e-07
-7.56084e-05
-8.52223e-06
-6.25501e-05
-1.45443e-05
-3.62831e-05
-1.50752e-05
-5.77428e-06
-8.24769e-07
5.64149e-06
2.97162e-05
-1.74511e-05
6.21224e-05
-4.89105e-05
6.04303e-05
-0.000131788
3.99917e-05
-0.000201768
1.62015e-05
-0.000212929
-0.000211358
4.00916e-05
1.62779e-05
4.20671e-05
9.18542e-06
4.36381e-05
1.51346e-06
4.45451e-05
-6.49773e-06
4.33035e-05
-1.53663e-05
3.64189e-05
-2.65189e-05
2.18971e-05
-4.2424e-05
4.66584e-06
-5.90814e-05
-8.80926e-06
-6.21333e-05
-1.95193e-05
-5.18401e-05
-2.24209e-05
-3.33815e-05
-1.42137e-05
-1.39815e-05
8.38639e-06
-1.69586e-05
3.92931e-05
-4.83579e-05
6.68644e-05
-7.6482e-05
6.17e-05
-0.000126623
3.89495e-05
-0.000179018
1.42328e-05
-0.000188212
-0.000197125
3.50667e-05
1.42483e-05
3.6809e-05
7.44314e-06
3.80874e-05
2.35241e-07
3.89066e-05
-7.31685e-06
3.88216e-05
-1.52814e-05
3.54147e-05
-2.31121e-05
2.60217e-05
-3.30311e-05
1.14874e-05
-4.45472e-05
-2.01986e-06
-4.86261e-05
-1.16407e-05
-4.22191e-05
-1.1614e-05
-3.34082e-05
3.14761e-06
-2.87432e-05
2.79442e-05
-4.17552e-05
4.88056e-05
-6.92194e-05
6.25887e-05
-9.02652e-05
5.71314e-05
-0.000121166
3.78062e-05
-0.000159693
1.47322e-05
-0.000165138
-0.000182393
2.92761e-05
1.25708e-05
3.06891e-05
6.03027e-06
3.16338e-05
-7.09414e-07
3.22406e-05
-7.92361e-06
3.24498e-05
-1.54907e-05
3.13333e-05
-2.19957e-05
2.82345e-05
-2.99326e-05
2.2276e-05
-3.85887e-05
1.52663e-05
-4.16165e-05
1.11764e-05
-3.81291e-05
1.38781e-05
-3.61099e-05
2.66143e-05
-4.14795e-05
4.26003e-05
-5.77413e-05
5.09817e-05
-7.76009e-05
5.30011e-05
-9.22846e-05
4.69966e-05
-0.000115162
3.03446e-05
-0.000143041
1.27506e-05
-0.000147544
-0.000169643
2.33035e-05
1.12842e-05
2.43224e-05
5.01141e-06
2.49462e-05
-1.33317e-06
2.52344e-05
-8.21191e-06
2.50269e-05
-1.52832e-05
2.44135e-05
-2.13824e-05
2.37769e-05
-2.9296e-05
2.29157e-05
-3.77274e-05
2.20307e-05
-4.07314e-05
2.31358e-05
-3.92343e-05
2.74366e-05
-4.04108e-05
3.45854e-05
-4.86283e-05
4.05584e-05
-6.37145e-05
4.20105e-05
-7.9053e-05
4.00949e-05
-9.0369e-05
3.42391e-05
-0.000109306
1.8133e-05
-0.000126935
9.95778e-06
-0.000139368
-0.000159685
1.77535e-05
1.03715e-05
1.83937e-05
4.37117e-06
1.8755e-05
-1.69442e-06
1.87376e-05
-8.19458e-06
1.82464e-05
-1.4792e-05
1.75486e-05
-2.06846e-05
1.68415e-05
-2.85888e-05
1.58807e-05
-3.67667e-05
1.52576e-05
-4.01084e-05
1.68679e-05
-4.08446e-05
2.1192e-05
-4.47349e-05
2.66102e-05
-5.40465e-05
2.97057e-05
-6.68101e-05
2.95801e-05
-7.89275e-05
2.69458e-05
-8.77348e-05
2.10991e-05
-0.000103459
7.36688e-06
-0.000113203
1.01759e-05
-0.000142177
-0.000149509
1.2855e-05
9.77868e-06
1.31859e-05
4.04034e-06
1.33241e-05
-1.8325e-06
1.3132e-05
-8.00239e-06
1.27529e-05
-1.4413e-05
1.21697e-05
-2.01015e-05
1.11828e-05
-2.76018e-05
9.89211e-06
-3.54759e-05
9.35385e-06
-3.95701e-05
1.15174e-05
-4.30081e-05
1.59817e-05
-4.91992e-05
1.99595e-05
-5.80243e-05
2.06965e-05
-6.75473e-05
1.91874e-05
-7.74185e-05
1.51816e-05
-8.37291e-05
8.99088e-06
-9.72687e-05
-5.34673e-06
-9.88651e-05
1.01739e-05
-0.000157698
-0.000139335
8.51501e-06
9.4725e-06
8.61903e-06
3.93648e-06
8.62596e-06
-1.83931e-06
8.42467e-06
-7.80098e-06
8.24557e-06
-1.42338e-05
8.25325e-06
-2.01091e-05
7.98989e-06
-2.73384e-05
7.5671e-06
-3.5053e-05
8.28916e-06
-4.02922e-05
1.06254e-05
-4.53444e-05
1.3086e-05
-5.16598e-05
1.42304e-05
-5.91688e-05
1.36286e-05
-6.69456e-05
1.19928e-05
-7.57828e-05
8.00932e-06
-7.97457e-05
3.40666e-06
-9.2666e-05
-1.2511e-05
-8.29475e-05
-2.02326e-06
-0.000168186
-0.000141358
4.65416e-06
9.39423e-06
4.62545e-06
3.96531e-06
4.64209e-06
-1.85588e-06
4.69336e-06
-7.85213e-06
4.86567e-06
-1.44059e-05
5.49686e-06
-2.07402e-05
6.02256e-06
-2.7864e-05
6.25677e-06
-3.52872e-05
6.92484e-06
-4.09603e-05
7.80047e-06
-4.62201e-05
8.4008e-06
-5.22602e-05
8.61205e-06
-5.93802e-05
8.46754e-06
-6.68011e-05
7.74567e-06
-7.5061e-05
6.93644e-06
-7.89365e-05
6.95153e-06
-9.26811e-05
-1.80893e-07
-7.58151e-05
-1.34906e-05
-0.000154876
-0.000154849
1.34191e-06
1.37136e-06
1.50261e-06
1.7484e-06
2.05417e-06
2.50522e-06
2.7837e-06
2.72147e-06
2.69337e-06
2.77618e-06
2.94475e-06
3.06789e-06
3.17323e-06
3.10871e-06
4.27979e-06
5.72302e-06
1.61143e-05
-1.60073e-06
)
;

boundaryField
{
    leftWall
    {
        type            calculated;
        value           uniform 0;
    }
    rightWall
    {
        type            calculated;
        value           uniform 0;
    }
    lowerWall
    {
        type            calculated;
        value           uniform 0;
    }
    atmosphere
    {
        type            calculated;
        value           nonuniform List<scalar> 
46
(
5.25955e-05
5.19331e-05
5.1752e-05
5.11449e-05
5.08502e-05
5.02513e-05
4.97107e-05
4.90102e-05
4.82368e-05
4.7344e-05
4.63279e-05
4.51742e-05
4.38714e-05
4.24051e-05
4.07626e-05
3.89311e-05
3.68985e-05
3.46569e-05
3.21924e-05
2.95014e-05
2.65741e-05
2.34011e-05
2.00072e-05
8.20506e-06
7.35784e-06
6.48362e-06
5.57782e-06
9.38213e-06
3.93597e-06
-1.98706e-06
-8.09789e-06
-1.47116e-05
-2.11912e-05
-2.81425e-05
-3.5225e-05
-4.09322e-05
-4.6303e-05
-5.24288e-05
-5.95033e-05
-6.69065e-05
-7.49965e-05
-8.01076e-05
-9.41244e-05
-8.62064e-05
-0.000137161
-0.00015645
)
;
    }
    defaultFaces
    {
        type            empty;
    }
}


// ************************************************************************* //
