/*--------------------------------*- C++ -*----------------------------------*\
  =========                 |
  \\      /  F ield         | OpenFOAM: The Open Source CFD Toolbox
   \\    /   O peration     | Website:  https://openfoam.org
    \\  /    A nd           | Version:  13
     \\/     M anipulation  |
\*---------------------------------------------------------------------------*/
FoamFile
{
    format      ascii;
    class       volVectorField;
    location    "0.65";
    object      U;
}
// * * * * * * * * * * * * * * * * * * * * * * * * * * * * * * * * * * * * * //

dimensions      [0 1 -1 0 0 0 0];

internalField   nonuniform List<vector> 
2268
(
(-0.0196561 0.00847863 0)
(-0.0584002 0.00916019 0)
(-0.0860611 0.00447099 0)
(-0.0926359 0.000953279 0)
(-0.0905894 -0.00221692 0)
(-0.0737512 -0.00582983 0)
(-0.0414469 -0.00884012 0)
(-0.00144275 -0.00896634 0)
(0.0329717 -0.00640011 0)
(0.0542312 -0.00299659 0)
(0.0616948 0.000480747 0)
(0.0554699 0.00333514 0)
(0.0403897 0.00545327 0)
(0.0196747 0.00713516 0)
(-0.00623094 0.00906015 0)
(-0.0386786 0.0121066 0)
(-0.082584 0.011979 0)
(-0.124272 0.00336393 0)
(-0.14287 0.00389058 0)
(-0.20285 0.0191384 0)
(-0.289312 0.0118129 0)
(-0.246093 -0.0259435 0)
(-0.0877494 -0.0530664 0)
(-0.0309628 0.0278743 0)
(-0.0638293 0.0231435 0)
(-0.0803069 0.00991121 0)
(-0.0862779 0.00233002 0)
(-0.0885569 -0.00567374 0)
(-0.0758363 -0.0166575 0)
(-0.0447617 -0.0268127 0)
(-0.00322217 -0.0278281 0)
(0.0330746 -0.0200953 0)
(0.0554614 -0.00971565 0)
(0.0628695 -0.000604894 0)
(0.0620506 0.00607238 0)
(0.0560243 0.0106843 0)
(0.0468292 0.0141523 0)
(0.0351447 0.0180246 0)
(0.019736 0.0245637 0)
(-0.0067356 0.0317384 0)
(-0.0535348 0.030993 0)
(-0.112877 0.0313681 0)
(-0.197253 0.0409099 0)
(-0.246037 0.0137093 0)
(-0.173243 -0.0697501 0)
(-0.0524317 -0.132509 0)
(-0.0273443 0.0470339 0)
(-0.0459441 0.0339108 0)
(-0.0628539 0.0145787 0)
(-0.0742054 0.0060093 0)
(-0.0837527 -0.00579461 0)
(-0.0754248 -0.0259774 0)
(-0.0470331 -0.0451776 0)
(-0.00761466 -0.0477539 0)
(0.0282163 -0.0344106 0)
(0.0505964 -0.0164125 0)
(0.057717 -0.00179157 0)
(0.0542148 0.00783214 0)
(0.0459838 0.0137688 0)
(0.0370112 0.0175347 0)
(0.0298554 0.0214135 0)
(0.0268012 0.0286872 0)
(0.0267133 0.0401324 0)
(0.020011 0.0508239 0)
(-0.00992158 0.0602022 0)
(-0.0556675 0.0637727 0)
(-0.105743 0.0130753 0)
(-0.0722528 -0.094805 0)
(-0.000909645 -0.173149 0)
(-0.0177492 0.060225 0)
(-0.0215686 0.0423535 0)
(-0.0358655 0.0207155 0)
(-0.0485885 0.0122053 0)
(-0.0571056 -0.00414408 0)
(-0.0456216 -0.0349359 0)
(-0.0221011 -0.0618461 0)
(0.00387145 -0.065339 0)
(0.0275357 -0.0473458 0)
(0.0437982 -0.0225312 0)
(0.0490573 -0.00214636 0)
(0.0449298 0.0109632 0)
(0.0360396 0.0182976 0)
(0.0265353 0.0216823 0)
(0.0194613 0.0238829 0)
(0.0172386 0.0285061 0)
(0.0216303 0.0373812 0)
(0.0380374 0.0512113 0)
(0.0505738 0.0674984 0)
(0.0655401 0.076768 0)
(0.0499778 0.030011 0)
(0.0459511 -0.0855273 0)
(0.0464576 -0.166551 0)
(-0.00481238 0.0653359 0)
(0.0105411 0.0442563 0)
(0.00727705 0.0263871 0)
(0.00308195 0.0165798 0)
(0.0097565 -0.00643047 0)
(0.0314207 -0.0427894 0)
(0.0454129 -0.0704842 0)
(0.0456271 -0.0726488 0)
(0.0421918 -0.052365 0)
(0.040516 -0.0245972 0)
(0.0384875 -0.00160282 0)
(0.0331854 0.0141596 0)
(0.0249963 0.0227586 0)
(0.0167796 0.0255972 0)
(0.0117835 0.0259368 0)
(0.0111845 0.0280559 0)
(0.0147981 0.0323699 0)
(0.0300208 0.0409783 0)
(0.0577804 0.0525935 0)
(0.104001 0.0626993 0)
(0.129827 0.0307888 0)
(0.11261 -0.0692971 0)
(0.0790944 -0.130954 0)
(0.0094993 0.0574681 0)
(0.0485959 0.0372495 0)
(0.0680574 0.0199476 0)
(0.0844624 0.00773329 0)
(0.116386 -0.0155198 0)
(0.143983 -0.0469504 0)
(0.139022 -0.0675012 0)
(0.107497 -0.0651513 0)
(0.0725386 -0.0444412 0)
(0.0460358 -0.0187751 0)
(0.0300021 0.00234973 0)
(0.0206225 0.0176814 0)
(0.0125371 0.025999 0)
(0.00598728 0.0273964 0)
(0.00412371 0.0257204 0)
(0.00691655 0.0264838 0)
(0.0124796 0.028506 0)
(0.0242598 0.0317153 0)
(0.046484 0.0336669 0)
(0.0874936 0.0356216 0)
(0.133987 0.0181608 0)
(0.120264 -0.0495581 0)
(0.0960191 -0.0893061 0)
(0.0213586 0.0399583 0)
(0.0823543 0.0288978 0)
(0.144121 0.0153529 0)
(0.204042 -0.00240096 0)
(0.248316 -0.0242284 0)
(0.253594 -0.0433617 0)
(0.213849 -0.0514178 0)
(0.154327 -0.04354 0)
(0.100691 -0.0245457 0)
(0.0583539 -0.00545879 0)
(0.0285787 0.00998298 0)
(0.0109166 0.0231284 0)
(-0.000107464 0.0310488 0)
(-0.00592369 0.0310511 0)
(-0.00410398 0.0260858 0)
(0.00289832 0.0244298 0)
(0.0112246 0.0240296 0)
(0.0232004 0.0235563 0)
(0.0412564 0.0202936 0)
(0.0653166 0.0141683 0)
(0.106596 0.00400664 0)
(0.104218 -0.0407916 0)
(0.106484 -0.0604345 0)
(0.0356812 -0.00313167 0)
(0.156049 -0.0319896 0)
(0.252268 -0.043507 0)
(0.303366 -0.0447448 0)
(0.310048 -0.0404103 0)
(0.273655 -0.0311863 0)
(0.207974 -0.0229319 0)
(0.145671 -0.0123974 0)
(0.0992432 0.00429074 0)
(0.0641543 0.0190762 0)
(0.035838 0.0256874 0)
(0.0132054 0.0310189 0)
(-0.00509616 0.0323001 0)
(-0.0157607 0.0267645 0)
(-0.0135859 0.019165 0)
(-0.00333244 0.0188487 0)
(0.00755064 0.0200727 0)
(0.0212042 0.0185722 0)
(0.0400987 0.0137218 0)
(0.0590551 0.00459353 0)
(0.080052 -0.00177717 0)
(0.083117 -0.0256526 0)
(0.0883727 0.0141846 0)
(-0.378892 0.0781108 0)
(-0.568247 0.0142087 0)
(-0.4605 -0.0597969 0)
(-0.251493 -0.0912997 0)
(0.0102224 -0.0816303 0)
(0.157652 -0.0625437 0)
(0.535161 -0.0868713 0)
(0.676652 0.00772993 0)
(-0.19923 0.249451 0)
(-1.07805 0.247461 0)
(-1.53842 0.129239 0)
(-1.70355 0.0673597 0)
(-1.75029 0.0369384 0)
(-1.73077 0.0145801 0)
(-1.64623 -0.00201045 0)
(-1.40842 -0.0365858 0)
(-0.954056 -0.111678 0)
(-0.355806 -0.155753 0)
(0.245956 0.0128102 0)
(-0.457577 0.252622 0)
(-0.459708 0.065989 0)
(-0.236874 -0.111168 0)
(-0.0632939 -0.146171 0)
(0.127473 -0.138183 0)
(0.285678 -0.136839 0)
(0.608731 -0.133782 0)
(0.282975 0.28447 0)
(-1.17669 0.535906 0)
(-1.97802 0.281001 0)
(-2.11938 0.0664836 0)
(-2.10136 -0.0111497 0)
(-2.05108 -0.0434608 0)
(-1.98594 -0.0731632 0)
(-1.8575 -0.109776 0)
(-1.60971 -0.186677 0)
(-1.17329 -0.345006 0)
(-0.588684 -0.42041 0)
(-0.00721726 -0.0355576 0)
(-0.30758 0.381507 0)
(-0.165754 0.0296633 0)
(-0.0324102 -0.209886 0)
(0.152437 -0.246406 0)
(0.30412 -0.222093 0)
(0.42171 -0.185577 0)
(0.624992 -0.0351575 0)
(-0.169953 0.665239 0)
(-1.67172 0.917426 0)
(-2.20574 0.549569 0)
(-2.55367 0.163709 0)
(-2.6349 0.0303745 0)
(-2.55725 -0.040881 0)
(-2.43777 -0.131414 0)
(-2.22382 -0.239486 0)
(-1.85974 -0.394656 0)
(-1.32469 -0.622912 0)
(-0.726319 -0.702962 0)
(-0.210162 -0.185062 0)
(-0.0969846 0.458746 0)
(0.0888053 0.00805634 0)
(0.191937 -0.259558 0)
(0.34276 -0.319701 0)
(0.46655 -0.27063 0)
(0.505335 -0.19024 0)
(0.675482 0.0910263 0)
(-0.310974 1.10095 0)
(-1.64716 1.36139 0)
(-2.02224 0.876206 0)
(-2.29527 0.272549 0)
(-2.35517 -0.0172022 0)
(-2.73353 -0.0764422 0)
(-2.7967 -0.197191 0)
(-2.65422 -0.337666 0)
(-2.17942 -0.531681 0)
(-1.42782 -0.907598 0)
(-0.754798 -1.00971 0)
(-0.314787 -0.399853 0)
(0.0982226 0.398576 0)
(0.227555 -0.0206406 0)
(0.380508 -0.317991 0)
(0.509029 -0.38866 0)
(0.609851 -0.301255 0)
(0.585106 -0.175424 0)
(0.76975 0.207143 0)
(-0.197414 1.43381 0)
(-0.454896 1.88494 0)
(-1.21476 1.22593 0)
(-1.40677 0.464674 0)
(-1.90388 0.134525 0)
(-2.27238 0.0672303 0)
(-2.54043 -0.153947 0)
(-2.60783 -0.409934 0)
(-2.24836 -0.667834 0)
(-1.49585 -1.14288 0)
(-0.710728 -1.32988 0)
(-0.313334 -0.63549 0)
(0.111466 0.265139 0)
(0.31194 -0.0569142 0)
(0.528595 -0.378449 0)
(0.626752 -0.447852 0)
(0.701378 -0.324066 0)
(0.653231 -0.156121 0)
(0.829171 0.309537 0)
(-0.077455 1.50905 0)
(0.59084 2.20025 0)
(-0.0515643 1.59196 0)
(-0.7142 0.514156 0)
(-1.30702 0.259989 0)
(-1.74415 0.203435 0)
(-2.12285 -0.082 0)
(-2.22579 -0.476118 0)
(-1.90223 -0.878281 0)
(-1.30962 -1.31896 0)
(-0.610369 -1.61657 0)
(-0.24055 -0.862824 0)
(0.0408404 0.190155 0)
(0.406135 -0.158503 0)
(0.627788 -0.443295 0)
(0.671534 -0.488036 0)
(0.725971 -0.342574 0)
(0.686962 -0.150258 0)
(0.826039 0.383759 0)
(0.021263 1.39909 0)
(0.84487 2.13828 0)
(0.848986 1.93567 0)
(-0.0722495 0.776092 0)
(-0.901962 0.437376 0)
(-1.40777 0.398075 0)
(-1.80343 0.0169759 0)
(-1.83733 -0.525307 0)
(-1.43909 -1.05474 0)
(-0.848216 -1.5269 0)
(-0.484564 -1.82181 0)
(-0.149967 -1.06207 0)
(0.143068 0.0103815 0)
(0.508882 -0.285433 0)
(0.648749 -0.481477 0)
(0.646701 -0.510556 0)
(0.716619 -0.351326 0)
(0.652524 -0.111329 0)
(0.8083 0.494646 0)
(0.230039 1.30917 0)
(0.795715 1.93161 0)
(1.21514 2.04151 0)
(0.666941 1.24044 0)
(-0.601147 0.687797 0)
(-1.16971 0.591367 0)
(-1.49865 0.0547665 0)
(-1.45224 -0.654261 0)
(-1.07729 -1.22098 0)
(-0.514759 -1.6585 0)
(-0.356673 -1.91862 0)
(-0.0747434 -1.22001 0)
(0.054516 -0.0682899 0)
(0.115071 -0.107532 0)
(0.0920679 -0.0740283 0)
(0.0539073 -0.03394 0)
(0.0352766 -0.00283654 0)
(0.028561 0.0121426 0)
(0.0196242 0.00582028 0)
(0.0174805 0.00278933 0)
(0.0188005 0.0100876 0)
(0.0208945 0.0205534 0)
(0.0216917 0.0313519 0)
(0.0158046 0.0484736 0)
(0.000255964 0.0571243 0)
(-0.013015 0.0461361 0)
(-0.00841927 0.022926 0)
(0.00283373 0.0129849 0)
(0.00966532 0.00609145 0)
(0.018385 -0.000713822 0)
(0.034293 -0.00679132 0)
(0.0567289 -0.0131231 0)
(0.0747602 -0.0153479 0)
(0.097122 -0.0372922 0)
(0.117217 -0.00647169 0)
(-0.104046 -0.0557351 0)
(-0.78683 0.0493638 0)
(-0.68162 0.0570235 0)
(-0.521262 0.00329363 0)
(-0.394994 -0.0171803 0)
(-0.344433 -0.0189414 0)
(-0.3534 -0.0152858 0)
(-0.329136 -0.00468257 0)
(-0.263365 0.00787963 0)
(-0.198083 0.0166225 0)
(-0.140269 0.0253784 0)
(-0.079351 0.0404803 0)
(-0.0429955 0.0458982 0)
(-0.010062 0.0248768 0)
(0.0193552 -0.000498392 0)
(0.0294725 0.00365628 0)
(0.0255524 0.0124542 0)
(0.0233447 0.000673953 0)
(0.0434846 -0.0204578 0)
(0.0634896 -0.0315327 0)
(0.0769436 -0.0343902 0)
(0.0743615 -0.0442838 0)
(0.0747366 -0.0602081 0)
(0.0259385 0.437971 0)
(-0.388584 0.312259 0)
(-0.410422 -0.0933854 0)
(-0.577158 -0.310225 0)
(-0.813471 -0.155429 0)
(-0.956817 -0.0265073 0)
(-1.07692 -0.0124883 0)
(-1.12045 -0.0769428 0)
(-1.10224 -0.128194 0)
(-1.01116 -0.124558 0)
(-0.797294 -0.0803556 0)
(-0.558417 -0.0391521 0)
(-0.387987 -0.00888081 0)
(-0.286493 -0.0120841 0)
(-0.211513 -0.0133915 0)
(-0.116816 0.00884777 0)
(-0.0464694 0.0156515 0)
(-0.000684743 -0.0133225 0)
(0.051031 -0.0416192 0)
(0.0921636 -0.0468623 0)
(0.108812 -0.0381087 0)
(0.104133 -0.0265401 0)
(0.0767185 -0.0185174 0)
(0.0319753 0.462979 0)
(0.00590408 0.5738 0)
(-0.0888821 0.269701 0)
(-0.211961 0.218459 0)
(-0.410332 0.210207 0)
(-0.512276 0.179981 0)
(-0.543024 0.134421 0)
(-0.548677 0.020879 0)
(-0.61857 -0.12612 0)
(-0.752396 -0.231684 0)
(-0.901652 -0.304831 0)
(-1.01225 -0.370644 0)
(-1.06938 -0.203026 0)
(-1.05092 -0.170414 0)
(-1.01788 -0.207506 0)
(-0.873122 -0.186992 0)
(-0.618813 -0.12842 0)
(-0.526628 -0.115451 0)
(-0.408318 -0.121393 0)
(-0.27808 -0.0943696 0)
(-0.193938 -0.0634231 0)
(-0.177834 -0.0212894 0)
(-0.272308 0.000953636 0)
(-0.0388162 0.363237 0)
(0.119062 0.53182 0)
(0.077667 0.342803 0)
(0.0185187 0.110344 0)
(-0.0145393 0.137179 0)
(-0.0551108 0.204564 0)
(-0.0531654 0.111674 0)
(-0.028414 0.0224834 0)
(-0.0388978 0.0269302 0)
(-0.0768628 0.1056 0)
(-0.190237 0.170608 0)
(-0.361849 0.0440886 0)
(-0.503057 -0.062554 0)
(-0.608329 -0.0933446 0)
(-0.701634 -0.163194 0)
(-0.866612 -0.239676 0)
(-1.06574 -0.282503 0)
(-1.22281 -0.174621 0)
(-1.31739 -0.253169 0)
(-1.3626 -0.250756 0)
(-1.3117 -0.129874 0)
(-1.10372 0.0894526 0)
(-0.970792 0.171211 0)
(-0.0612906 0.347634 0)
(0.073407 0.390352 0)
(0.125806 0.326493 0)
(0.122664 0.195739 0)
(0.0635824 0.195378 0)
(0.0632834 0.201597 0)
(0.0504573 0.113572 0)
(-0.0193348 0.0283015 0)
(-0.106546 -0.0360573 0)
(-0.144551 -0.0603764 0)
(-0.109666 -0.00191299 0)
(-0.110917 0.0302748 0)
(-0.142879 0.0605172 0)
(-0.288293 0.063845 0)
(-0.365937 0.020569 0)
(-0.444275 0.0693622 0)
(-0.557104 0.116888 0)
(-0.692162 0.107271 0)
(-0.876746 -0.00515506 0)
(-1.15359 -0.201535 0)
(-1.50712 -0.297933 0)
(-1.66325 -0.14879 0)
(-1.5656 0.0357885 0)
(-0.0367239 0.353802 0)
(0.0338359 0.305652 0)
(0.0932045 0.300404 0)
(0.100683 0.233273 0)
(0.0400864 0.222524 0)
(0.0399896 0.212046 0)
(0.0265227 0.165428 0)
(-0.0245739 0.130794 0)
(-0.0846789 0.107924 0)
(-0.155908 0.0983284 0)
(-0.208853 0.0832699 0)
(-0.236061 0.0814455 0)
(-0.25942 0.113276 0)
(-0.301951 0.100805 0)
(-0.386239 0.0121363 0)
(-0.449608 0.0087538 0)
(-0.495176 0.0628808 0)
(-0.532388 0.134354 0)
(-0.609787 0.211812 0)
(-0.779783 0.266807 0)
(-1.00338 0.211052 0)
(-1.1683 0.0535819 0)
(-1.40196 -0.0374204 0)
(-0.0146357 0.349522 0)
(0.0169012 0.264648 0)
(0.0447997 0.283637 0)
(0.0479528 0.24652 0)
(0.0158665 0.232606 0)
(0.011199 0.222136 0)
(-0.00938947 0.198893 0)
(-0.0478513 0.172491 0)
(-0.097943 0.136504 0)
(-0.152359 0.101066 0)
(-0.199155 0.0847282 0)
(-0.244787 0.0985981 0)
(-0.277683 0.145259 0)
(-0.29058 0.169721 0)
(-0.340429 0.141792 0)
(-0.416077 0.143448 0)
(-0.489607 0.172731 0)
(-0.547456 0.212272 0)
(-0.592825 0.254967 0)
(-0.644875 0.271101 0)
(-0.700825 0.255268 0)
(-0.723452 0.248717 0)
(-0.808725 0.206734 0)
(-0.00858801 0.348449 0)
(0.00338979 0.244639 0)
(0.0150786 0.27476 0)
(0.0164646 0.259272 0)
(-0.000196033 0.249146 0)
(-0.00779553 0.23606 0)
(-0.0268274 0.223039 0)
(-0.0523299 0.207643 0)
(-0.0875786 0.187966 0)
(-0.131163 0.168863 0)
(-0.182059 0.154443 0)
(-0.234067 0.148999 0)
(-0.268681 0.162544 0)
(-0.283403 0.174589 0)
(-0.316338 0.168303 0)
(-0.376558 0.186884 0)
(-0.437271 0.22182 0)
(-0.490513 0.258849 0)
(-0.524568 0.292945 0)
(-0.54561 0.304119 0)
(-0.576807 0.284791 0)
(-0.59535 0.266734 0)
(-0.608032 0.308197 0)
(-0.00923936 0.353853 0)
(-0.00490467 0.237504 0)
(0.000563545 0.269954 0)
(0.00123558 0.267001 0)
(-0.0108241 0.260668 0)
(-0.0192452 0.2499 0)
(-0.0338539 0.24279 0)
(-0.0513627 0.235294 0)
(-0.076359 0.224976 0)
(-0.109474 0.211556 0)
(-0.149213 0.19823 0)
(-0.191966 0.19169 0)
(-0.230869 0.197987 0)
(-0.261376 0.209307 0)
(-0.30074 0.220309 0)
(-0.352931 0.243037 0)
(-0.40189 0.269748 0)
(-0.445876 0.293244 0)
(-0.47935 0.313591 0)
(-0.504107 0.321885 0)
(-0.540939 0.306124 0)
(-0.607054 0.297851 0)
(-0.7363 0.428273 0)
(-0.00925529 0.361544 0)
(-0.00808565 0.236193 0)
(-0.00739069 0.268055 0)
(-0.00829603 0.272316 0)
(-0.0178503 0.268512 0)
(-0.0264002 0.261168 0)
(-0.0387825 0.257042 0)
(-0.0528884 0.253266 0)
(-0.0714054 0.247848 0)
(-0.0953633 0.239903 0)
(-0.124897 0.23225 0)
(-0.159948 0.229332 0)
(-0.19797 0.235149 0)
(-0.235315 0.248141 0)
(-0.277619 0.266585 0)
(-0.324416 0.292563 0)
(-0.369525 0.31772 0)
(-0.41412 0.336385 0)
(-0.456456 0.350108 0)
(-0.496672 0.358302 0)
(-0.561846 0.365815 0)
(-0.700468 0.442004 0)
(-0.94459 0.737362 0)
(-0.00785317 0.369704 0)
(-0.00913372 0.237608 0)
(-0.0116296 0.268723 0)
(-0.0143288 0.278239 0)
(-0.0224632 0.276368 0)
(-0.0310931 0.271552 0)
(-0.0423923 0.269141 0)
(-0.0549733 0.267763 0)
(-0.0700287 0.266355 0)
(-0.0890141 0.264116 0)
(-0.113397 0.262428 0)
(-0.143595 0.264228 0)
(-0.177888 0.272601 0)
(-0.214332 0.287613 0)
(-0.253857 0.308363 0)
(-0.294979 0.334883 0)
(-0.336779 0.361188 0)
(-0.382705 0.381942 0)
(-0.432316 0.399945 0)
(-0.486185 0.429011 0)
(-0.580996 0.495495 0)
(-0.762161 0.663883 0)
(-0.989942 1.02005 0)
(-0.00602765 0.377497 0)
(-0.0092656 0.241075 0)
(-0.0134267 0.271458 0)
(-0.0174962 0.284488 0)
(-0.0249528 0.284234 0)
(-0.0334363 0.281633 0)
(-0.0439816 0.280802 0)
(-0.0558726 0.28126 0)
(-0.0696164 0.282622 0)
(-0.0863582 0.28452 0)
(-0.107455 0.287828 0)
(-0.133324 0.294599 0)
(-0.162915 0.30668 0)
(-0.195064 0.324171 0)
(-0.229561 0.346695 0)
(-0.26558 0.374267 0)
(-0.303895 0.403912 0)
(-0.348691 0.43091 0)
(-0.402399 0.458322 0)
(-0.465433 0.510766 0)
(-0.55878 0.630984 0)
(-0.717696 0.86608 0)
(-0.898358 1.20849 0)
(-0.00437265 0.384425 0)
(-0.0087926 0.245739 0)
(-0.0137845 0.275615 0)
(-0.0186647 0.290697 0)
(-0.0256098 0.291803 0)
(-0.0336697 0.291087 0)
(-0.0434406 0.291849 0)
(-0.0546647 0.293969 0)
(-0.0675494 0.29746 0)
(-0.0827026 0.302466 0)
(-0.100946 0.309674 0)
(-0.122619 0.320281 0)
(-0.14716 0.335319 0)
(-0.173886 0.355057 0)
(-0.202743 0.379666 0)
(-0.233726 0.409631 0)
(-0.267742 0.444173 0)
(-0.308221 0.480375 0)
(-0.360037 0.520434 0)
(-0.424792 0.590156 0)
(-0.499105 0.739507 0)
(-0.591796 1.00561 0)
(-0.711833 1.34326 0)
(-0.00308458 0.390371 0)
(-0.00798167 0.250843 0)
(-0.01325 0.280519 0)
(-0.0184368 0.296791 0)
(-0.024842 0.298968 0)
(-0.0322387 0.299732 0)
(-0.0409946 0.301978 0)
(-0.0511048 0.305684 0)
(-0.0626853 0.310999 0)
(-0.0759843 0.318314 0)
(-0.0913577 0.3282 0)
(-0.108954 0.341373 0)
(-0.128497 0.358544 0)
(-0.149697 0.380237 0)
(-0.172687 0.407034 0)
(-0.197774 0.439717 0)
(-0.225602 0.478879 0)
(-0.258219 0.524342 0)
(-0.300212 0.577643 0)
(-0.354973 0.656127 0)
(-0.4082 0.80659 0)
(-0.435362 1.07673 0)
(-0.463297 1.43645 0)
(-0.00216544 0.395386 0)
(-0.00699705 0.255939 0)
(-0.0121631 0.285642 0)
(-0.017232 0.30256 0)
(-0.0229803 0.305528 0)
(-0.0295176 0.307414 0)
(-0.0370583 0.310889 0)
(-0.0456751 0.315925 0)
(-0.0554585 0.322684 0)
(-0.0664817 0.331591 0)
(-0.0788196 0.34316 0)
(-0.0924626 0.35795 0)
(-0.107258 0.376576 0)
(-0.123067 0.399719 0)
(-0.139922 0.428208 0)
(-0.157962 0.462988 0)
(-0.177461 0.505202 0)
(-0.199126 0.556637 0)
(-0.225012 0.619857 0)
(-0.258264 0.702805 0)
(-0.288894 0.835261 0)
(-0.275691 1.07038 0)
(-0.204139 1.42568 0)
(-0.00153454 0.399562 0)
(-0.00592716 0.260727 0)
(-0.0107406 0.290564 0)
(-0.0153566 0.307779 0)
(-0.0203087 0.311285 0)
(-0.0258427 0.313974 0)
(-0.0320687 0.318347 0)
(-0.0390283 0.324347 0)
(-0.046769 0.332116 0)
(-0.0552905 0.342039 0)
(-0.0645367 0.354581 0)
(-0.0744014 0.370252 0)
(-0.0847239 0.389629 0)
(-0.0953109 0.413417 0)
(-0.105957 0.44252 0)
(-0.116424 0.47797 0)
(-0.126487 0.520989 0)
(-0.135811 0.573731 0)
(-0.143805 0.639768 0)
(-0.150277 0.72336 0)
(-0.15144 0.83616 0)
(-0.117032 1.01125 0)
(0.00647463 1.28604 0)
(-0.00108235 0.402967 0)
(-0.00480991 0.264996 0)
(-0.00910931 0.294991 0)
(-0.0130309 0.312268 0)
(-0.0170816 0.316097 0)
(-0.0215169 0.319321 0)
(-0.0263844 0.324272 0)
(-0.0316664 0.330869 0)
(-0.0373481 0.339222 0)
(-0.0433765 0.349671 0)
(-0.0496359 0.362626 0)
(-0.0559512 0.378542 0)
(-0.0620854 0.397945 0)
(-0.0677219 0.421484 0)
(-0.0724346 0.449971 0)
(-0.0756374 0.484372 0)
(-0.0766074 0.525783 0)
(-0.0742622 0.575811 0)
(-0.0666735 0.637503 0)
(-0.0503925 0.714001 0)
(-0.0214888 0.809279 0)
(0.0309366 0.93182 0)
(0.157843 1.09963 0)
(-0.000709857 0.405626 0)
(-0.00365716 0.268621 0)
(-0.00735306 0.298739 0)
(-0.010428 0.315894 0)
(-0.0135143 0.319874 0)
(-0.0167991 0.323411 0)
(-0.0202989 0.328671 0)
(-0.0239454 0.335536 0)
(-0.0276652 0.344093 0)
(-0.0313468 0.354631 0)
(-0.034832 0.367501 0)
(-0.0378841 0.38309 0)
(-0.0401821 0.401845 0)
(-0.0413041 0.424298 0)
(-0.0406787 0.451094 0)
(-0.03749 0.482974 0)
(-0.0307115 0.52079 0)
(-0.0187592 0.565284 0)
(0.000200964 0.6182 0)
(0.0308475 0.681697 0)
(0.0788385 0.757126 0)
(0.148177 0.843044 0)
(0.263482 0.937445 0)
(-0.000351877 0.407532 0)
(-0.00248645 0.271549 0)
(-0.00553941 0.301701 0)
(-0.00768426 0.318583 0)
(-0.0097838 0.322574 0)
(-0.0119119 0.32624 0)
(-0.0140745 0.331581 0)
(-0.0161565 0.338435 0)
(-0.018047 0.346869 0)
(-0.0195867 0.357121 0)
(-0.0205671 0.369475 0)
(-0.0207048 0.384245 0)
(-0.0196215 0.401779 0)
(-0.016831 0.422462 0)
(-0.0116965 0.446752 0)
(-0.00327063 0.475029 0)
(0.00938793 0.50793 0)
(0.0280427 0.54565 0)
(0.0549414 0.588534 0)
(0.0932572 0.637556 0)
(0.14808 0.691984 0)
(0.223751 0.74997 0)
(0.330791 0.804025 0)
(2.66671e-05 0.408667 0)
(-0.00131902 0.273775 0)
(-0.00372267 0.303834 0)
(-0.00490878 0.320317 0)
(-0.00603701 0.3242 0)
(-0.00704554 0.327841 0)
(-0.00794022 0.33307 0)
(-0.00856377 0.339688 0)
(-0.00877903 0.347727 0)
(-0.00840101 0.357391 0)
(-0.00718552 0.368884 0)
(-0.00481014 0.382434 0)
(-0.000876032 0.398298 0)
(0.00513059 0.416724 0)
(0.0137601 0.437966 0)
(0.0260872 0.462227 0)
(0.0431173 0.489611 0)
(0.0661617 0.520316 0)
(0.0972952 0.55364 0)
(0.138716 0.589189 0)
(0.193881 0.625494 0)
(0.266074 0.660549 0)
(0.362593 0.689056 0)
(0.000447334 0.409008 0)
(-0.000175713 0.275332 0)
(-0.00194553 0.305133 0)
(-0.00218818 0.321118 0)
(-0.00239457 0.324791 0)
(-0.0023532 0.32828 0)
(-0.00207953 0.333231 0)
(-0.00138558 0.339441 0)
(-0.000108379 0.346862 0)
(0.00194245 0.355697 0)
(0.00501095 0.366081 0)
(0.00945794 0.378163 0)
(0.0156939 0.39209 0)
(0.0241936 0.407985 0)
(0.0355287 0.425927 0)
(0.0505261 0.446066 0)
(0.0702636 0.468018 0)
(0.0957424 0.491785 0)
(0.128516 0.516382 0)
(0.170177 0.540819 0)
(0.222627 0.563241 0)
(0.287466 0.581186 0)
(0.369746 0.591459 0)
(0.000936119 0.408487 0)
(0.000932456 0.276314 0)
(-0.000245145 0.305632 0)
(0.000421219 0.321035 0)
(0.0010496 0.324418 0)
(0.00204497 0.327648 0)
(0.00336857 0.332199 0)
(0.00520911 0.337845 0)
(0.00775712 0.344525 0)
(0.011242 0.352362 0)
(0.0158614 0.361469 0)
(0.0219678 0.371928 0)
(0.0299518 0.38379 0)
(0.0402616 0.397061 0)
(0.053452 0.411706 0)
(0.0701377 0.427663 0)
(0.0912882 0.444608 0)
(0.117691 0.462016 0)
(0.150371 0.479123 0)
(0.190435 0.49459 0)
(0.238869 0.506723 0)
(0.296038 0.513176 0)
(0.364634 0.511516 0)
(0.00145249 0.407098 0)
(0.00199367 0.276793 0)
(0.00138208 0.305375 0)
(0.00287519 0.320134 0)
(0.00423304 0.323179 0)
(0.00607704 0.326064 0)
(0.00830415 0.330135 0)
(0.0111423 0.335108 0)
(0.0147566 0.340962 0)
(0.0193814 0.347715 0)
(0.0252199 0.355453 0)
(0.0325893 0.364185 0)
(0.0418439 0.373934 0)
(0.0533804 0.384611 0)
(0.067685 0.396093 0)
(0.0852892 0.408144 0)
(0.106859 0.420523 0)
(0.133082 0.43245 0)
(0.164616 0.443265 0)
(0.202072 0.45164 0)
(0.246011 0.456183 0)
(0.296154 0.454969 0)
(0.35376 0.446112 0)
(0.00195579 0.404889 0)
(0.00299595 0.276815 0)
(0.00292123 0.304406 0)
(0.00514572 0.318514 0)
(0.00712313 0.321179 0)
(0.00970213 0.323675 0)
(0.0126884 0.327193 0)
(0.0163421 0.331452 0)
(0.0208157 0.336388 0)
(0.026322 0.342011 0)
(0.0330519 0.348348 0)
(0.0413133 0.355376 0)
(0.051419 0.363055 0)
(0.0636873 0.371248 0)
(0.0785106 0.379776 0)
(0.0963675 0.388343 0)
(0.117711 0.396626 0)
(0.14302 0.403984 0)
(0.172737 0.409612 0)
(0.207159 0.412463 0)
(0.246556 0.411367 0)
(0.290415 0.404854 0)
(0.339364 0.391602 0)
(0.00242355 0.401912 0)
(0.00394002 0.276401 0)
(0.00433982 0.302781 0)
(0.00720922 0.316278 0)
(0.00970254 0.318538 0)
(0.0128988 0.320606 0)
(0.0165013 0.323537 0)
(0.0207978 0.327051 0)
(0.0259134 0.331055 0)
(0.0320626 0.33553 0)
(0.0394173 0.340482 0)
(0.04824 0.345875 0)
(0.0588008 0.351584 0)
(0.0713763 0.357472 0)
(0.0862809 0.363311 0)
(0.103881 0.368826 0)
(0.12451 0.373589 0)
(0.148449 0.3771 0)
(0.17599 0.378571 0)
(0.207254 0.377148 0)
(0.242286 0.371841 0)
(0.280563 0.361601 0)
(0.322418 0.345526 0)
(0.00285978 0.398212 0)
(0.00483645 0.275604 0)
(0.00558509 0.300572 0)
(0.00906197 0.313533 0)
(0.0119471 0.315365 0)
(0.0156622 0.316982 0)
(0.0197445 0.319329 0)
(0.0245266 0.322081 0)
(0.0300981 0.325173 0)
(0.0366655 0.328541 0)
(0.044405 0.332169 0)
(0.053508 0.335998 0)
(0.0642108 0.339888 0)
(0.0767513 0.343684 0)
(0.091383 0.347143 0)
(0.108359 0.349984 0)
(0.127913 0.351794 0)
(0.150215 0.3521 0)
(0.175426 0.350288 0)
(0.20354 0.345573 0)
(0.234489 0.33715 0)
(0.267795 0.324269 0)
(0.303633 0.306339 0)
(0.00330901 0.393825 0)
(0.00572277 0.274495 0)
(0.00660284 0.297868 0)
(0.0106797 0.310366 0)
(0.0138315 0.311748 0)
(0.0179925 0.312935 0)
(0.0224265 0.314688 0)
(0.0275512 0.316717 0)
(0.0334378 0.31892 0)
(0.0402455 0.321257 0)
(0.0481534 0.323645 0)
(0.057314 0.326031 0)
(0.067922 0.32827 0)
(0.0801729 0.330197 0)
(0.094257 0.331575 0)
(0.110356 0.332114 0)
(0.128605 0.33146 0)
(0.149124 0.329171 0)
(0.171977 0.324763 0)
(0.197048 0.317546 0)
(0.224213 0.306849 0)
(0.253047 0.292108 0)
(0.283658 0.272995 0)
(0.00385956 0.388696 0)
(0.00664084 0.273324 0)
(0.00736189 0.294787 0)
(0.0120375 0.306833 0)
(0.0153385 0.307777 0)
(0.0198728 0.308567 0)
(0.0245475 0.309737 0)
(0.0299027 0.311091 0)
(0.035977 0.31246 0)
(0.0428912 0.313828 0)
(0.0508122 0.315088 0)
(0.0598756 0.316173 0)
(0.0702193 0.316947 0)
(0.0820082 0.317229 0)
(0.0953761 0.316812 0)
(0.110448 0.315417 0)
(0.127298 0.312725 0)
(0.145993 0.308372 0)
(0.16653 0.30193 0)
(0.188738 0.292841 0)
(0.212444 0.280524 0)
(0.237273 0.264528 0)
(0.263286 0.244729 0)
(0.00455478 0.382715 0)
(0.00757166 0.272291 0)
(0.00790848 0.291485 0)
(0.013103 0.302998 0)
(0.0164538 0.303545 0)
(0.0212782 0.303964 0)
(0.0260761 0.304591 0)
(0.0315691 0.305302 0)
(0.0377165 0.305909 0)
(0.0446425 0.306377 0)
(0.0524719 0.306629 0)
(0.0613316 0.306555 0)
(0.0713116 0.306042 0)
(0.0825461 0.30491 0)
(0.0951315 0.30297 0)
(0.109135 0.299966 0)
(0.124596 0.295625 0)
(0.141533 0.289634 0)
(0.159904 0.281633 0)
(0.179522 0.271177 0)
(0.200173 0.257767 0)
(0.221503 0.24101 0)
(0.243537 0.220902 0)
(0.00532738 0.375859 0)
(0.00843855 0.271415 0)
(0.00829871 0.288141 0)
(0.0138344 0.298976 0)
(0.0171386 0.299156 0)
(0.0221518 0.299223 0)
(0.0269463 0.299352 0)
(0.0324766 0.299453 0)
(0.0385925 0.299363 0)
(0.0454349 0.299014 0)
(0.05309 0.298351 0)
(0.0616616 0.297259 0)
(0.071223 0.295618 0)
(0.0818674 0.293284 0)
(0.0936566 0.290059 0)
(0.106633 0.285731 0)
(0.120801 0.280065 0)
(0.136145 0.27279 0)
(0.152601 0.263609 0)
(0.169987 0.252178 0)
(0.18808 0.23808 0)
(0.206523 0.220958 0)
(0.225315 0.200839 0)
(0.00609708 0.36819 0)
(0.00921742 0.270767 0)
(0.00850709 0.28493 0)
(0.0141831 0.294899 0)
(0.0173223 0.294724 0)
(0.0224039 0.294473 0)
(0.0270509 0.294127 0)
(0.0324951 0.293663 0)
(0.0384594 0.292921 0)
(0.0450951 0.291831 0)
(0.0524729 0.290338 0)
(0.060663 0.288342 0)
(0.0697364 0.28572 0)
(0.0797501 0.282348 0)
(0.0907371 0.27804 0)
(0.102735 0.27262 0)
(0.115723 0.265878 0)
(0.129657 0.257591 0)
(0.144471 0.247509 0)
(0.160009 0.235373 0)
(0.176069 0.220854 0)
(0.192277 0.203632 0)
(0.208637 0.183712 0)
(0.00685663 0.35977 0)
(0.00990763 0.270453 0)
(0.00847813 0.282027 0)
(0.0141161 0.290893 0)
(0.0169477 0.290394 0)
(0.0219397 0.289857 0)
(0.026271 0.289057 0)
(0.0314848 0.28807 0)
(0.0371402 0.286718 0)
(0.0434143 0.28495 0)
(0.0503655 0.282708 0)
(0.0580371 0.279904 0)
(0.0664972 0.276426 0)
(0.0757823 0.27215 0)
(0.0859041 0.266917 0)
(0.0969005 0.260576 0)
(0.108738 0.252934 0)
(0.121364 0.243815 0)
(0.134716 0.233018 0)
(0.14867 0.220331 0)
(0.163068 0.20551 0)
(0.17754 0.188286 0)
(0.19213 0.168646 0)
(0.00762368 0.350651 0)
(0.0104685 0.270565 0)
(0.0082305 0.279612 0)
(0.0136396 0.287119 0)
(0.0159985 0.286336 0)
(0.0207217 0.285529 0)
(0.0245641 0.284311 0)
(0.0293857 0.282839 0)
(0.0345513 0.280924 0)
(0.0402828 0.27854 0)
(0.0466228 0.275626 0)
(0.0536011 0.272103 0)
(0.061271 0.267875 0)
(0.069656 0.262808 0)
(0.0787705 0.256773 0)
(0.0886384 0.249637 0)
(0.0992275 0.241223 0)
(0.110501 0.231394 0)
(0.122393 0.219983 0)
(0.134801 0.206814 0)
(0.147624 0.191709 0)
(0.160521 0.174454 0)
(0.173598 0.155043 0)
(0.00835493 0.340948 0)
(0.0108023 0.27116 0)
(0.00782196 0.277856 0)
(0.0127999 0.283795 0)
(0.0145288 0.282761 0)
(0.0188228 0.281691 0)
(0.0220268 0.280087 0)
(0.0263045 0.278174 0)
(0.0308149 0.275751 0)
(0.0358367 0.27282 0)
(0.0413869 0.26932 0)
(0.0474925 0.265167 0)
(0.0541886 0.260279 0)
(0.0614915 0.254528 0)
(0.0694264 0.247799 0)
(0.077994 0.23997 0)
(0.0871717 0.230896 0)
(0.0969373 0.220459 0)
(0.107221 0.208503 0)
(0.117947 0.194899 0)
(0.129045 0.179503 0)
(0.14022 0.162156 0)
(0.151626 0.142872 0)
(0.00892553 0.330912 0)
(0.0107906 0.272165 0)
(0.00727788 0.276816 0)
(0.0116833 0.281078 0)
(0.0126754 0.279821 0)
(0.0164258 0.278487 0)
(0.0189037 0.276525 0)
(0.0225408 0.274225 0)
(0.026279 0.271359 0)
(0.0304819 0.267955 0)
(0.035122 0.26395 0)
(0.0402307 0.259263 0)
(0.0458361 0.253813 0)
(0.0519413 0.247489 0)
(0.0585732 0.240178 0)
(0.0657271 0.231765 0)
(0.0733804 0.222142 0)
(0.0815052 0.211194 0)
(0.0900473 0.198786 0)
(0.0989489 0.184813 0)
(0.10815 0.169162 0)
(0.117387 0.151695 0)
(0.126841 0.132493 0)
(0.00922183 0.32088 0)
(0.0103881 0.273442 0)
(0.00657245 0.27641 0)
(0.0103684 0.278978 0)
(0.0106123 0.277547 0)
(0.0137739 0.275918 0)
(0.0155108 0.273659 0)
(0.0184747 0.271005 0)
(0.0213984 0.267772 0)
(0.0247522 0.263978 0)
(0.0284587 0.259555 0)
(0.0325499 0.254432 0)
(0.0370488 0.248525 0)
(0.0419526 0.241731 0)
(0.047278 0.233945 0)
(0.0530191 0.225061 0)
(0.0591511 0.214998 0)
(0.0656441 0.203652 0)
(0.0724571 0.190905 0)
(0.0795427 0.176665 0)
(0.0868365 0.160823 0)
(0.0941125 0.143278 0)
(0.101533 0.124186 0)
(0.00916796 0.311148 0)
(0.00959948 0.274859 0)
(0.00570628 0.276472 0)
(0.00891255 0.277418 0)
(0.00849607 0.27588 0)
(0.011081 0.273921 0)
(0.0121325 0.271417 0)
(0.0144372 0.268458 0)
(0.0166002 0.264928 0)
(0.0191506 0.260818 0)
(0.0219757 0.256053 0)
(0.0251095 0.250578 0)
(0.0285692 0.244303 0)
(0.0323507 0.237137 0)
(0.0364647 0.228977 0)
(0.0409064 0.219731 0)
(0.0456501 0.209332 0)
(0.0506563 0.197686 0)
(0.0558973 0.184697 0)
(0.0613186 0.170277 0)
(0.0668824 0.15432 0)
(0.0723804 0.136768 0)
(0.0779338 0.117823 0)
(0.00861625 0.302204 0)
(0.00836982 0.276419 0)
(0.00474003 0.276985 0)
(0.00735384 0.276478 0)
(0.00645415 0.274878 0)
(0.00848194 0.272587 0)
(0.00897096 0.269872 0)
(0.0106782 0.266673 0)
(0.0121632 0.262892 0)
(0.0139949 0.258517 0)
(0.0160375 0.253474 0)
(0.0183208 0.247714 0)
(0.0208584 0.241148 0)
(0.0236496 0.233693 0)
(0.0266912 0.225254 0)
(0.0299793 0.215745 0)
(0.0334883 0.205098 0)
(0.03719 0.193225 0)
(0.0410608 0.180064 0)
(0.0450292 0.165514 0)
(0.0490935 0.149519 0)
(0.0530477 0.131998 0)
(0.0569936 0.113229 0)
(0.00742915 0.294554 0)
(0.00672487 0.277921 0)
(0.00372576 0.277751 0)
(0.00571712 0.276037 0)
(0.0045808 0.274407 0)
(0.00608081 0.271783 0)
(0.00616523 0.268932 0)
(0.0073518 0.26551 0)
(0.00825687 0.261537 0)
(0.00948122 0.256958 0)
(0.0108564 0.2517 0)
(0.0124052 0.245716 0)
(0.0141391 0.238932 0)
(0.0160642 0.231257 0)
(0.0181654 0.222601 0)
(0.020432 0.212893 0)
(0.0228414 0.202071 0)
(0.0253894 0.190049 0)
(0.0280354 0.176775 0)
(0.030717 0.162157 0)
(0.0334508 0.14618 0)
(0.0360254 0.128726 0)
(0.0385293 0.110112 0)
(0.00591839 0.288884 0)
(0.00502112 0.279232 0)
(0.00267625 0.2785 0)
(0.00404536 0.275944 0)
(0.00284648 0.274299 0)
(0.00386852 0.271397 0)
(0.00366726 0.268478 0)
(0.0043796 0.264876 0)
(0.00482197 0.260775 0)
(0.00550911 0.256068 0)
(0.00628893 0.250682 0)
(0.00719396 0.244551 0)
(0.00821708 0.237618 0)
(0.0093505 0.229795 0)
(0.0105909 0.221009 0)
(0.0119401 0.211184 0)
(0.0133589 0.200258 0)
(0.0148521 0.188181 0)
(0.0163752 0.174866 0)
(0.017891 0.160284 0)
(0.019393 0.144374 0)
(0.0207107 0.127067 0)
(0.0219053 0.108636 0)
(0.00313389 0.283788 0)
(0.00244795 0.280175 0)
(0.00127855 0.27921 0)
(0.00186801 0.275934 0)
(0.00106055 0.274343 0)
(0.00151608 0.271114 0)
(0.00125137 0.268196 0)
(0.00149364 0.264418 0)
(0.00156809 0.260244 0)
(0.0017769 0.255427 0)
(0.00199658 0.249945 0)
(0.00226235 0.243719 0)
(0.00257875 0.236689 0)
(0.00293959 0.228776 0)
(0.00333145 0.219912 0)
(0.00374575 0.210027 0)
(0.00418518 0.199057 0)
(0.00464248 0.186959 0)
(0.0050874 0.173657 0)
(0.00550614 0.159132 0)
(0.00588632 0.143333 0)
(0.00619642 0.126208 0)
(0.00643051 0.107892 0)
(0.152654 0.0311495 0)
(0.178111 0.0395726 0)
(0.206203 0.0239773 0)
(0.240414 0.00462282 0)
(0.0904039 -0.0962225 0)
(0.115223 -0.133322 0)
(0.146653 -0.17345 0)
(0.179978 -0.211374 0)
(0.0519928 -0.0532685 0)
(0.0378061 -0.0962891 0)
(0.0201111 -0.12463 0)
(-0.00391758 -0.140227 0)
(-0.341252 -0.0317406 0)
(-0.386011 -0.0326702 0)
(-0.41745 -0.0490534 0)
(-0.453432 -0.11404 0)
(-0.980872 0.0846322 0)
(-1.03676 -0.0302916 0)
(-1.08389 -0.0576096 0)
(-1.186 0.0415324 0)
(-1.52702 0.125237 0)
(-1.55534 0.175412 0)
(-1.60835 0.279869 0)
(-1.68773 0.399227 0)
(-1.53375 0.0541308 0)
(-1.2997 0.110347 0)
(-1.04896 0.0376 0)
(-0.894212 0.010159 0)
(-0.973666 -0.0556632 0)
(-1.03107 -0.278377 0)
(-1.05016 -0.339843 0)
(-0.960622 -0.197363 0)
(-0.757482 0.276208 0)
(-0.880136 0.0856484 0)
(-0.947659 -0.0922443 0)
(-1.01329 -0.189449 0)
(-0.960226 0.532638 0)
(-1.10253 0.283018 0)
(-1.22978 -0.0182104 0)
(-1.39097 -0.185242 0)
(-1.18822 0.893639 0)
(-1.3352 0.645554 0)
(-1.4959 0.313942 0)
(-1.68311 0.0331082 0)
(-1.1507 1.17383 0)
(-1.23646 0.935818 0)
(-1.32079 0.567747 0)
(-1.3991 0.216721 0)
(-1.01073 1.32986 0)
(-1.08379 1.12476 0)
(-1.1689 0.747284 0)
(-1.30713 0.322381 0)
(-0.809411 1.47139 0)
(-0.877732 1.31589 0)
(-0.974442 0.970779 0)
(-1.17391 0.614471 0)
(-0.520361 1.62465 0)
(-0.573901 1.52798 0)
(-0.695835 1.22438 0)
(-0.898158 0.938828 0)
(-0.161421 1.6959 0)
(-0.143337 1.71524 0)
(-0.232499 1.49462 0)
(-0.402022 1.23087 0)
(0.145884 1.55321 0)
(0.261655 1.67885 0)
(0.295541 1.63039 0)
(0.256562 1.42379 0)
(0.31688 1.26111 0)
(0.465394 1.37749 0)
(0.604345 1.42752 0)
(0.701465 1.35176 0)
(0.389367 0.999104 0)
(0.505844 1.04369 0)
(0.639397 1.07531 0)
(0.777527 1.06272 0)
(0.428223 0.824659 0)
(0.506737 0.827724 0)
(0.595642 0.822219 0)
(0.696092 0.804783 0)
(0.443978 0.695775 0)
(0.502512 0.689311 0)
(0.562896 0.674099 0)
(0.625557 0.650619 0)
(0.437089 0.588907 0)
(0.484123 0.579795 0)
(0.530947 0.565364 0)
(0.57665 0.545468 0)
(0.419121 0.502492 0)
(0.456707 0.491194 0)
(0.494235 0.477077 0)
(0.531038 0.460439 0)
(0.398288 0.433458 0)
(0.428453 0.420934 0)
(0.458589 0.406564 0)
(0.488324 0.39099 0)
(0.376472 0.376987 0)
(0.401223 0.364028 0)
(0.425855 0.349617 0)
(0.450048 0.334371 0)
(0.353715 0.329801 0)
(0.374379 0.316794 0)
(0.394876 0.302605 0)
(0.414872 0.287711 0)
(0.330146 0.289999 0)
(0.347516 0.277137 0)
(0.364704 0.263319 0)
(0.381372 0.248903 0)
(0.306101 0.256375 0)
(0.320693 0.243771 0)
(0.335094 0.230401 0)
(0.34899 0.216512 0)
(0.2822 0.228071 0)
(0.294403 0.215803 0)
(0.306411 0.202912 0)
(0.317946 0.189524 0)
(0.259423 0.204387 0)
(0.269592 0.192506 0)
(0.279572 0.18009 0)
(0.289122 0.167144 0)
(0.238753 0.184596 0)
(0.247281 0.173115 0)
(0.25564 0.161156 0)
(0.26362 0.14862 0)
(0.220275 0.16782 0)
(0.227607 0.156725 0)
(0.234794 0.145196 0)
(0.241654 0.133071 0)
(0.202508 0.153121 0)
(0.209018 0.142384 0)
(0.215407 0.131245 0)
(0.221518 0.119519 0)
(0.182932 0.139843 0)
(0.188782 0.129423 0)
(0.194537 0.118616 0)
(0.20005 0.107205 0)
(0.15979 0.127933 0)
(0.164897 0.117789 0)
(0.169939 0.107222 0)
(0.174779 0.0959801 0)
(0.133595 0.117792 0)
(0.137803 0.10787 0)
(0.141983 0.0974339 0)
(0.146002 0.0862339 0)
(0.106793 0.10973 0)
(0.11007 0.0999643 0)
(0.113354 0.0895715 0)
(0.116505 0.078399 0)
(0.0818523 0.103603 0)
(0.0843185 0.0939084 0)
(0.0868032 0.0835322 0)
(0.0891699 0.0724624 0)
(0.0597658 0.0991489 0)
(0.0615425 0.0894319 0)
(0.063327 0.0790924 0)
(0.0649937 0.0681933 0)
(0.040271 0.0960228 0)
(0.0414263 0.0862593 0)
(0.0425622 0.0760166 0)
(0.0435927 0.0653305 0)
(0.0227369 0.0945218 0)
(0.0233532 0.0848014 0)
(0.0238983 0.0747291 0)
(0.0243866 0.0642745 0)
(0.00661765 0.0936157 0)
(0.00680421 0.0839417 0)
(0.0069271 0.0739601 0)
(0.00709828 0.0636191 0)
(0.365796 -0.120165 0)
(0.505705 -0.354942 0)
(0.532759 -0.507065 0)
(0.581194 -0.592626 0)
(0.779894 -0.403265 0)
(0.592247 -0.0106799 0)
(0.815139 0.494758 0)
(0.631257 1.19339 0)
(0.878557 1.71011 0)
(1.28165 2.00926 0)
(1.18439 1.73182 0)
(0.17046 1.23347 0)
(-0.64662 0.893165 0)
(-0.812523 0.0849663 0)
(-0.725251 -0.81686 0)
(-0.479476 -1.45637 0)
(-0.147626 -1.80779 0)
(-0.181273 -1.92052 0)
(-0.0010274 -1.35889 0)
(0.240552 -0.271967 0)
(0.295347 -0.408062 0)
(0.255898 -0.572 0)
(0.504853 -0.81187 0)
(0.921984 -0.475221 0)
(0.990141 -0.0397526 0)
(0.790296 0.415397 0)
(0.79962 1.09072 0)
(0.948114 1.55804 0)
(1.12383 1.85986 0)
(1.26143 1.94885 0)
(0.629955 1.8097 0)
(-0.0361621 1.30638 0)
(0.0781499 0.171234 0)
(0.316997 -0.867774 0)
(0.430427 -1.53039 0)
(0.196524 -2.14146 0)
(0.010576 -1.81926 0)
(0.0508626 -1.42569 0)
(-0.0438099 -0.212043 0)
(-0.0933793 -0.415627 0)
(-0.176502 -0.73243 0)
(0.196168 -1.17595 0)
(0.270738 -0.652862 0)
(0.252569 0.0429453 0)
(0.267489 0.626055 0)
(0.526879 1.09147 0)
(0.737147 1.48576 0)
(0.888892 1.75484 0)
(1.02798 2.07097 0)
(0.32968 2.29011 0)
(0.283372 1.45853 0)
(0.848111 0.0250248 0)
(1.17868 -0.897884 0)
(1.15349 -1.29578 0)
(0.624968 -1.69433 0)
(0.169836 -1.65956 0)
(0.0696404 -1.36527 0)
(-0.561307 -0.218769 0)
(-0.827815 -0.348057 0)
(-1.10301 -0.681483 0)
(-1.2994 -0.793177 0)
(-0.905619 -0.173379 0)
(-0.432672 0.285264 0)
(-0.146568 0.539705 0)
(0.316054 0.89944 0)
(0.472256 1.42357 0)
(0.54279 1.78659 0)
(0.336963 2.27535 0)
(-0.318436 2.52471 0)
(0.510897 1.0687 0)
(1.27667 -0.438409 0)
(1.49217 -0.976738 0)
(1.3817 -1.05302 0)
(0.95069 -1.03957 0)
(0.293978 -1.31868 0)
(0.0864226 -1.25225 0)
(-1.47162 0.237052 0)
(-1.71923 0.25258 0)
(-1.55691 -0.869062 0)
(-1.45457 -1.61632 0)
(-1.17728 -1.631 0)
(-0.910807 -0.919195 0)
(-0.236227 -0.349546 0)
(-0.218252 0.477351 0)
(-0.058485 1.3485 0)
(-0.265408 2.01053 0)
(-0.940655 2.62512 0)
(-0.865853 2.24687 0)
(0.572499 0.0964147 0)
(0.968738 -0.839791 0)
(1.09191 -1.04987 0)
(1.07569 -0.981033 0)
(0.89552 -0.629463 0)
(0.385122 -0.911641 0)
(0.114858 -1.07802 0)
(-1.61464 0.233408 0)
(-1.22404 -0.209894 0)
(-1.30671 -0.730042 0)
(-1.95377 -1.2427 0)
(-1.81098 -1.21197 0)
(-1.88585 -0.830693 0)
(-1.99958 -0.161209 0)
(-1.82782 0.806758 0)
(-1.57989 1.64684 0)
(-1.8314 2.44875 0)
(-2.30708 2.60954 0)
(-0.731696 0.942725 0)
(0.299843 -0.666444 0)
(0.614357 -1.08781 0)
(0.694073 -1.09457 0)
(0.694136 -0.964447 0)
(0.621135 -0.478566 0)
(0.38825 -0.613549 0)
(0.154028 -0.871643 0)
(-0.750146 0.0273657 0)
(-0.682337 0.0435939 0)
(-0.950405 -0.116064 0)
(-1.7997 -0.725172 0)
(-2.41004 -1.12733 0)
(-2.98047 -0.822152 0)
(-3.43142 -0.221782 0)
(-3.54575 0.867154 0)
(-3.28587 1.84805 0)
(-2.90486 2.27784 0)
(-1.84737 1.14593 0)
(-0.286605 -0.485657 0)
(0.279064 -1.10242 0)
(0.420738 -1.20604 0)
(0.511635 -1.10322 0)
(0.538301 -0.885707 0)
(0.440458 -0.468204 0)
(0.347736 -0.446661 0)
(0.193116 -0.653837 0)
(-0.836628 -0.144097 0)
(-0.762041 -0.0156428 0)
(-0.784692 0.141984 0)
(-1.25811 -0.111683 0)
(-1.97387 -0.526972 0)
(-2.84815 -0.146353 0)
(-3.49146 0.0588974 0)
(-3.67992 0.663058 0)
(-3.24699 1.18872 0)
(-2.15196 0.99549 0)
(-0.542613 -0.232678 0)
(0.162224 -0.966 0)
(0.162975 -1.10583 0)
(0.193676 -1.19111 0)
(0.258413 -1.10693 0)
(0.33265 -0.819949 0)
(0.258181 -0.350405 0)
(0.348513 -0.315986 0)
(0.216849 -0.425576 0)
(-1.0431 -0.167397 0)
(-0.90397 0.000702123 0)
(-0.791718 0.22203 0)
(-0.825077 0.383334 0)
(-1.52247 0.167899 0)
(-1.94262 0.393875 0)
(-2.25511 0.55444 0)
(-2.44384 0.45138 0)
(-1.71579 0.166845 0)
(-0.436831 -0.359872 0)
(0.244851 -0.717373 0)
(0.0379352 -0.849319 0)
(-0.0848255 -1.0301 0)
(-0.0596906 -1.24303 0)
(0.0269367 -1.17417 0)
(0.0960185 -0.879382 0)
(0.238472 -0.494935 0)
(0.3218 -0.272898 0)
(0.197572 -0.207023 0)
(-1.48901 -0.23298 0)
(-1.20671 -0.0896107 0)
(-0.893598 0.18205 0)
(-0.693484 0.477471 0)
(-0.739065 0.621802 0)
(-1.0638 0.467793 0)
(-0.57221 0.35507 0)
(-0.0239005 0.0825166 0)
(0.376852 -0.183407 0)
(0.350021 -0.311588 0)
(0.117294 -0.516659 0)
(-0.220018 -0.701979 0)
(-0.270719 -1.04687 0)
(-0.231677 -1.33244 0)
(-0.165575 -1.22764 0)
(-0.145812 -0.949304 0)
(-0.0143692 -0.570973 0)
(0.00293644 -0.241854 0)
(0.101579 -0.0540587 0)
(-1.88143 -0.267165 0)
(-1.81902 -0.465771 0)
(-1.39151 -0.32559 0)
(-0.919277 0.0995326 0)
(-0.509698 0.393362 0)
(-0.26597 0.329153 0)
(-0.108058 0.172134 0)
(-0.00677982 0.0329753 0)
(-0.00307821 -0.0651292 0)
(-0.103749 -0.181812 0)
(-0.349063 -0.400805 0)
(-0.473813 -0.664603 0)
(-0.428963 -1.10092 0)
(-0.409501 -1.41372 0)
(-0.338215 -1.23742 0)
(-0.305898 -0.910477 0)
(-0.416863 -0.643959 0)
(-0.265016 -0.289661 0)
(-0.0158019 -0.117587 0)
(-1.4796 -0.159901 0)
(-1.46986 -0.438224 0)
(-1.29186 -0.432429 0)
(-1.11114 -0.282774 0)
(-0.865768 -0.0541106 0)
(-0.655833 0.059946 0)
(-0.580648 0.0195891 0)
(-0.613122 -0.08081 0)
(-0.709586 -0.18117 0)
(-0.812091 -0.267638 0)
(-1.07357 -0.303344 0)
(-0.952953 -0.680784 0)
(-0.741516 -1.14492 0)
(-0.630994 -1.4903 0)
(-0.493591 -1.29475 0)
(-0.345566 -0.893002 0)
(-0.343519 -0.6515 0)
(-0.270526 -0.545996 0)
(-0.0431756 -0.294966 0)
(-1.5512 -0.143148 0)
(-1.66804 -0.460013 0)
(-1.49857 -0.511938 0)
(-1.35863 -0.333899 0)
(-1.19239 -0.124471 0)
(-1.09626 0.00562126 0)
(-1.0649 0.0825648 0)
(-1.07978 0.082993 0)
(-1.2092 0.0531583 0)
(-1.64053 0.207522 0)
(-1.45561 -0.210174 0)
(-1.22234 -0.95662 0)
(-1.04366 -1.26944 0)
(-0.907209 -1.60434 0)
(-0.692439 -1.43316 0)
(-0.426497 -1.01106 0)
(-0.271886 -0.683046 0)
(-0.191105 -0.581189 0)
(-0.0582245 -0.439241 0)
(-1.4392 0.208087 0)
(-1.68835 -0.354453 0)
(-1.87435 -0.70476 0)
(-1.78123 -0.426492 0)
(-1.60828 -0.138475 0)
(-1.50922 0.0222559 0)
(-1.44997 0.059734 0)
(-1.41869 0.05592 0)
(-1.49498 0.329586 0)
(-1.39303 0.0576335 0)
(-1.32008 -0.687303 0)
(-1.31672 -1.13758 0)
(-1.33821 -1.45637 0)
(-1.23757 -1.92031 0)
(-0.974863 -1.67417 0)
(-0.616768 -1.21717 0)
(-0.314058 -0.866028 0)
(-0.115933 -0.690369 0)
(-0.00697175 -0.534372 0)
(-1.08026 0.574171 0)
(-1.41736 -0.157078 0)
(-1.68864 -0.664773 0)
(-1.85762 -0.772231 0)
(-1.82235 -0.435915 0)
(-1.72673 -0.163058 0)
(-1.62345 -0.0251931 0)
(-1.52402 0.0677863 0)
(-1.44194 0.0208593 0)
(-1.36399 0.00722554 0)
(-1.38524 -0.386787 0)
(-1.49609 -0.933103 0)
(-1.41595 -1.47535 0)
(-1.413 -2.01108 0)
(-1.2915 -1.95784 0)
(-0.942668 -1.58158 0)
(-0.481793 -1.1447 0)
(-0.136723 -0.880858 0)
(0.06859 -0.562528 0)
(-0.453781 0.809766 0)
(-0.725316 0.173795 0)
(-1.05652 -0.197518 0)
(-1.43465 -0.431284 0)
(-1.66232 -0.428927 0)
(-1.74342 -0.276395 0)
(-1.71357 -0.196312 0)
(-1.62364 0.0141394 0)
(-1.48086 0.221994 0)
(-1.31904 0.0602601 0)
(-1.20991 -0.412204 0)
(-1.19156 -0.870285 0)
(-1.27043 -1.37266 0)
(-1.45818 -1.93966 0)
(-1.51656 -2.15197 0)
(-1.24321 -1.99462 0)
(-0.811371 -1.71062 0)
(-0.297627 -1.22667 0)
(0.0365291 -0.603376 0)
(0.272747 0.966765 0)
(0.136325 0.441932 0)
(-0.0461318 0.0815758 0)
(-0.253897 -0.108802 0)
(-0.468734 -0.100319 0)
(-0.714146 -0.0628618 0)
(-0.858944 -0.132279 0)
(-0.858396 -0.181066 0)
(-0.812145 -0.186242 0)
(-0.731848 -0.299365 0)
(-0.722678 -0.540935 0)
(-0.780394 -0.877518 0)
(-0.892658 -1.332 0)
(-1.0995 -1.80861 0)
(-1.29322 -2.10775 0)
(-1.27707 -2.14297 0)
(-0.931079 -2.03546 0)
(-0.470509 -1.71749 0)
(-0.0640337 -0.725001 0)
(0.782912 0.99742 0)
(0.762979 0.568245 0)
(0.6527 0.236782 0)
(0.513486 0.0307918 0)
(0.399911 -0.0378207 0)
(0.324411 -0.023654 0)
(0.241763 -0.00227455 0)
(0.202612 0.00241232 0)
(0.126696 0.0196913 0)
(0.0990912 -0.174546 0)
(-0.00435847 -0.436531 0)
(-0.154823 -0.771634 0)
(-0.307225 -1.18933 0)
(-0.506776 -1.64899 0)
(-0.70696 -2.0375 0)
(-0.8752 -2.21261 0)
(-0.721368 -2.20985 0)
(-0.500352 -2.07604 0)
(-0.0472241 -1.11594 0)
(0.924979 0.860403 0)
(1.00037 0.553495 0)
(0.971144 0.293653 0)
(0.899074 0.123885 0)
(0.835296 0.0435901 0)
(0.808826 0.0217814 0)
(0.808353 0.0140131 0)
(0.824194 -0.00381041 0)
(0.837843 -0.0422763 0)
(0.859995 -0.090226 0)
(0.789285 -0.238813 0)
(0.585646 -0.551347 0)
(0.353785 -0.968443 0)
(0.092946 -1.4322 0)
(-0.135339 -1.89237 0)
(-0.440838 -2.20725 0)
(-0.248188 -2.16128 0)
(-0.443121 -2.32371 0)
(0.0929303 -1.41442 0)
(0.837253 0.694807 0)
(0.945203 0.493359 0)
(0.968229 0.300029 0)
(0.94517 0.151664 0)
(0.917646 0.0571292 0)
(0.916943 0.00757952 0)
(0.953441 -0.0157625 0)
(1.01786 -0.0310844 0)
(1.08944 -0.0630083 0)
(1.14852 -0.128879 0)
(1.18799 -0.206096 0)
(1.13662 -0.358715 0)
(0.94518 -0.680846 0)
(0.645279 -1.12605 0)
(0.370545 -1.60678 0)
(-0.0869205 -2.08963 0)
(-0.0202859 -2.14077 0)
(-0.335813 -2.30626 0)
(0.121798 -1.48647 0)
(0.723939 0.57756 0)
(0.816961 0.440644 0)
(0.855806 0.293864 0)
(0.856991 0.162211 0)
(0.847074 0.0573039 0)
(0.850755 -0.0211104 0)
(0.884991 -0.0778429 0)
(0.953849 -0.118014 0)
(1.04689 -0.154928 0)
(1.14351 -0.202089 0)
(1.22624 -0.259596 0)
(1.27141 -0.340713 0)
(1.22273 -0.510054 0)
(1.00378 -0.831432 0)
(0.721523 -1.26174 0)
(0.237071 -1.80342 0)
(0.112235 -2.01957 0)
(-0.241427 -2.32427 0)
(0.144679 -1.6416 0)
(0.647124 0.492247 0)
(0.721565 0.393327 0)
(0.762552 0.278847 0)
(0.776297 0.163787 0)
(0.778064 0.0575334 0)
(0.78462 -0.0369991 0)
(0.80847 -0.119892 0)
(0.857508 -0.190001 0)
(0.930935 -0.247422 0)
(1.01643 -0.300371 0)
(1.10302 -0.345923 0)
(1.17378 -0.384915 0)
(1.194 -0.458672 0)
(1.07986 -0.642103 0)
(0.859757 -0.968223 0)
(0.441639 -1.47977 0)
(0.25597 -1.82561 0)
(-0.113966 -2.21472 0)
(0.163158 -1.68539 0)
(0.588587 0.420119 0)
(0.653888 0.345244 0)
(0.697588 0.254047 0)
(0.721914 0.15413 0)
(0.735551 0.0515919 0)
(0.749813 -0.049614 0)
(0.773379 -0.146417 0)
(0.811178 -0.233716 0)
(0.862973 -0.305787 0)
(0.919681 -0.36621 0)
(0.973888 -0.414163 0)
(1.02378 -0.435177 0)
(1.0538 -0.444549 0)
(0.99202 -0.52085 0)
(0.837302 -0.743673 0)
(0.493944 -1.20061 0)
(0.32309 -1.64457 0)
(0.000241587 -2.06529 0)
(0.159578 -1.62851 0)
(0.536674 0.357597 0)
(0.59554 0.297248 0)
(0.641055 0.221733 0)
(0.673101 0.133554 0)
(0.695998 0.0355705 0)
(0.717072 -0.0688501 0)
(0.743143 -0.174086 0)
(0.777149 -0.270861 0)
(0.818357 -0.347169 0)
(0.858209 -0.403054 0)
(0.884915 -0.444781 0)
(0.897866 -0.457039 0)
(0.903765 -0.431288 0)
(0.854447 -0.431739 0)
(0.739374 -0.570647 0)
(0.456144 -0.974746 0)
(0.32247 -1.4821 0)
(0.0350523 -1.96127 0)
(0.153659 -1.5704 0)
(0.490268 0.30421 0)
(0.54193 0.251894 0)
(0.586005 0.186237 0)
(0.621269 0.106566 0)
(0.649365 0.012954 0)
(0.674887 -0.0925129 0)
(0.702954 -0.202533 0)
(0.734818 -0.304022 0)
(0.768841 -0.381121 0)
(0.799032 -0.428146 0)
(0.812283 -0.452832 0)
(0.799983 -0.448415 0)
(0.776234 -0.396814 0)
(0.715186 -0.346706 0)
(0.618566 -0.428811 0)
(0.374584 -0.793621 0)
(0.2908 -1.36101 0)
(0.0632497 -1.83009 0)
(0.147974 -1.50019 0)
(0.448302 0.259145 0)
(0.492555 0.211086 0)
(0.532755 0.15137 0)
(0.567587 0.0775449 0)
(0.597524 -0.0126737 0)
(0.625743 -0.118605 0)
(0.656394 -0.231133 0)
(0.690342 -0.333425 0)
(0.722275 -0.407575 0)
(0.744801 -0.443749 0)
(0.747286 -0.447476 0)
(0.717367 -0.418834 0)
(0.667321 -0.341635 0)
(0.586229 -0.256596 0)
(0.492914 -0.305022 0)
(0.262921 -0.648519 0)
(0.244737 -1.28613 0)
(0.0557161 -1.73621 0)
(0.141034 -1.4177 0)
(0.409248 0.221316 0)
(0.446629 0.175575 0)
(0.481826 0.119406 0)
(0.513747 0.0493148 0)
(0.542518 -0.039074 0)
(0.570689 -0.146771 0)
(0.605378 -0.263334 0)
(0.647766 -0.365455 0)
(0.684048 -0.431492 0)
(0.700724 -0.451385 0)
(0.690554 -0.429661 0)
(0.643791 -0.371088 0)
(0.57114 -0.264994 0)
(0.470184 -0.153901 0)
(0.372054 -0.186581 0)
(0.132465 -0.530876 0)
(0.208093 -1.24332 0)
(-0.0309947 -1.67051 0)
(0.130753 -1.34646 0)
(0.372248 0.189649 0)
(0.40348 0.145365 0)
(0.433174 0.0916218 0)
(0.460286 0.0242271 0)
(0.484405 -0.0633916 0)
(0.510088 -0.177017 0)
(0.550533 -0.304177 0)
(0.602264 -0.405874 0)
(0.640512 -0.455737 0)
(0.649034 -0.450957 0)
(0.625938 -0.399025 0)
(0.565647 -0.307145 0)
(0.47748 -0.171764 0)
(0.366135 -0.0426705 0)
(0.266985 -0.0708933 0)
(0.0295025 -0.444744 0)
(0.212074 -1.22163 0)
(-0.134581 -1.61257 0)
(0.113639 -1.31296 0)
(0.337283 0.163265 0)
(0.363034 0.120271 0)
(0.387129 0.0689775 0)
(0.408134 0.00467728 0)
(0.425258 -0.0830856 0)
(0.448657 -0.209879 0)
(0.487189 -0.352692 0)
(0.534559 -0.449027 0)
(0.563334 -0.474936 0)
(0.560107 -0.441592 0)
(0.528837 -0.358601 0)
(0.464204 -0.233028 0)
(0.373632 -0.0697597 0)
(0.266816 0.0624836 0)
(0.178326 0.0263246 0)
(0.0216544 -0.41197 0)
(0.252938 -1.21209 0)
(-0.0372415 -1.52887 0)
(0.0919339 -1.38142 0)
(0.305135 0.141466 0)
(0.326133 0.0999714 0)
(0.345302 0.0518181 0)
(0.360077 -0.00809088 0)
(0.372259 -0.09764 0)
(0.388254 -0.237522 0)
(0.403055 -0.390645 0)
(0.427349 -0.476757 0)
(0.439128 -0.479929 0)
(0.423281 -0.424371 0)
(0.390702 -0.314957 0)
(0.332001 -0.158488 0)
(0.252137 0.022187 0)
(0.172009 0.140196 0)
(0.111885 0.0854239 0)
(0.102119 -0.474065 0)
(0.28178 -1.19197 0)
(0.0484181 -1.40974 0)
(0.100508 -1.37094 0)
(0.276941 0.123593 0)
(0.294111 0.0837017 0)
(0.30957 0.0390292 0)
(0.320531 -0.0159601 0)
(0.328166 -0.105084 0)
(0.326757 -0.244946 0)
(0.304026 -0.399406 0)
(0.294522 -0.479917 0)
(0.289635 -0.468799 0)
(0.258646 -0.399951 0)
(0.227259 -0.269066 0)
(0.176055 -0.0906738 0)
(0.11867 0.0892034 0)
(0.0895531 0.168534 0)
(0.0941219 0.0822319 0)
(0.202222 -0.577211 0)
(0.302708 -1.1531 0)
(0.0711736 -1.31562 0)
(0.124561 -1.21398 0)
(0.253021 0.10881 0)
(0.267382 0.0704447 0)
(0.280228 0.0284782 0)
(0.290231 -0.0210304 0)
(0.29349 -0.0990274 0)
(0.276323 -0.223489 0)
(0.22126 -0.372348 0)
(0.169796 -0.457912 0)
(0.147032 -0.441104 0)
(0.0960853 -0.366559 0)
(0.0651805 -0.220923 0)
(0.0231451 -0.0401635 0)
(-0.00300281 0.120088 0)
(0.0485745 0.126771 0)
(0.158713 0.00171653 0)
(0.288338 -0.629163 0)
(0.326088 -1.10406 0)
(0.116286 -1.21306 0)
(0.135037 -1.11182 0)
(0.231655 0.0961025 0)
(0.244168 0.0593092 0)
(0.255254 0.0191551 0)
(0.26421 -0.0249549 0)
(0.266622 -0.0856076 0)
(0.24585 -0.183085 0)
(0.174853 -0.313179 0)
(0.084701 -0.405906 0)
(0.0346673 -0.392433 0)
(-0.0317495 -0.321662 0)
(-0.0650293 -0.179338 0)
(-0.0840585 -0.0160615 0)
(-0.0648917 0.0825594 0)
(0.059497 0.00252897 0)
(0.262359 -0.144211 0)
(0.348677 -0.642575 0)
(0.338006 -1.04029 0)
(0.0560745 -1.09485 0)
(0.1444 -1.04505 0)
(0.209333 0.0845827 0)
(0.220552 0.0494186 0)
(0.230427 0.0110592 0)
(0.237471 -0.0292451 0)
(0.240334 -0.0759225 0)
(0.227717 -0.141739 0)
(0.165768 -0.238469 0)
(0.0661158 -0.328282 0)
(-0.0178884 -0.331493 0)
(-0.0859697 -0.270228 0)
(-0.122989 -0.158556 0)
(-0.108735 -0.0360089 0)
(-0.0326206 -0.0145585 0)
(0.118266 -0.166153 0)
(0.320187 -0.315124 0)
(0.356571 -0.628219 0)
(0.343715 -0.927374 0)
(0.0272078 -0.97014 0)
(0.154883 -0.989456 0)
(0.183075 0.0739848 0)
(0.192852 0.0403034 0)
(0.201651 0.00413934 0)
(0.206661 -0.0336555 0)
(0.21003 -0.0733188 0)
(0.206497 -0.116381 0)
(0.172453 -0.175169 0)
(0.102997 -0.245578 0)
(0.0196558 -0.266397 0)
(-0.0457726 -0.224168 0)
(-0.0774841 -0.160256 0)
(-0.0426235 -0.102619 0)
(0.08111 -0.154637 0)
(0.207547 -0.301886 0)
(0.331747 -0.42496 0)
(0.316334 -0.606405 0)
(0.330203 -0.819604 0)
(0.0217703 -0.854708 0)
(0.168873 -0.920614 0)
(0.152938 0.0647336 0)
(0.160807 0.0323388 0)
(0.167945 -0.00146833 0)
(0.171175 -0.0373437 0)
(0.173714 -0.0749234 0)
(0.173419 -0.107767 0)
(0.160763 -0.147136 0)
(0.137945 -0.192114 0)
(0.101304 -0.213034 0)
(0.0634232 -0.193864 0)
(0.0548807 -0.172723 0)
(0.0947227 -0.181297 0)
(0.195192 -0.255632 0)
(0.254062 -0.366133 0)
(0.304509 -0.449727 0)
(0.248566 -0.574144 0)
(0.290928 -0.732653 0)
(-0.0195304 -0.755103 0)
(0.187284 -0.84989 0)
(0.121889 0.057406 0)
(0.12772 0.0262296 0)
(0.132686 -0.00546036 0)
(0.134656 -0.0396989 0)
(0.134724 -0.0755207 0)
(0.132504 -0.105314 0)
(0.128431 -0.142746 0)
(0.123907 -0.183815 0)
(0.119985 -0.196844 0)
(0.11793 -0.184683 0)
(0.131393 -0.183908 0)
(0.164407 -0.220272 0)
(0.211154 -0.298529 0)
(0.216269 -0.382884 0)
(0.244838 -0.444196 0)
(0.169371 -0.545881 0)
(0.234402 -0.655149 0)
(-0.0833546 -0.686817 0)
(0.214027 -0.796804 0)
(0.0930512 0.052015 0)
(0.097037 0.0221302 0)
(0.0998321 -0.00780122 0)
(0.101109 -0.0404855 0)
(0.0985122 -0.0734906 0)
(0.0960563 -0.10269 0)
(0.0922027 -0.142102 0)
(0.0861292 -0.182967 0)
(0.0807864 -0.198495 0)
(0.0836335 -0.195981 0)
(0.10097 -0.207821 0)
(0.128771 -0.251716 0)
(0.160551 -0.321773 0)
(0.148528 -0.387177 0)
(0.182727 -0.435217 0)
(0.08566 -0.520112 0)
(0.175497 -0.586788 0)
(-0.123384 -0.660341 0)
(0.249721 -0.751759 0)
(0.0675622 0.0483181 0)
(0.0700454 0.019778 0)
(0.0709846 -0.00886918 0)
(0.0719187 -0.0397796 0)
(0.0678562 -0.071021 0)
(0.0678977 -0.0992161 0)
(0.0631213 -0.136986 0)
(0.0547966 -0.176062 0)
(0.0485674 -0.192725 0)
(0.0525713 -0.202681 0)
(0.0739371 -0.230694 0)
(0.099584 -0.278391 0)
(0.118134 -0.331494 0)
(0.0937459 -0.382579 0)
(0.129048 -0.418756 0)
(0.00778481 -0.489321 0)
(0.119636 -0.514007 0)
(-0.178939 -0.70396 0)
(0.278333 -0.702122 0)
(0.0450048 0.0460869 0)
(0.0461961 0.0186803 0)
(0.0460058 -0.00941275 0)
(0.0465559 -0.0387986 0)
(0.0432199 -0.0697991 0)
(0.044398 -0.0974872 0)
(0.0445673 -0.132974 0)
(0.0395308 -0.170936 0)
(0.0398697 -0.19408 0)
(0.0499836 -0.217894 0)
(0.0664011 -0.250541 0)
(0.0753437 -0.288876 0)
(0.0803723 -0.328032 0)
(0.0566106 -0.37263 0)
(0.0880929 -0.396093 0)
(-0.0249561 -0.458428 0)
(0.0825743 -0.435045 0)
(-0.261151 -0.812672 0)
(0.252854 -0.649976 0)
(0.0248706 0.0457002 0)
(0.0250365 0.0191033 0)
(0.0245782 -0.00888478 0)
(0.0253071 -0.0377975 0)
(0.0248098 -0.0694333 0)
(0.0270155 -0.0994018 0)
(0.0320979 -0.134514 0)
(0.0314774 -0.171756 0)
(0.0349031 -0.200094 0)
(0.0404505 -0.22597 0)
(0.0450187 -0.25496 0)
(0.0461063 -0.289247 0)
(0.0483494 -0.32536 0)
(0.0364259 -0.365995 0)
(0.058391 -0.383726 0)
(-0.00425379 -0.447157 0)
(0.11966 -0.376021 0)
(-0.187928 -0.837433 0)
(0.120914 -0.650822 0)
(0.00719083 0.0455029 0)
(0.00724317 0.0190678 0)
(0.0076154 -0.00965674 0)
(0.00878437 -0.0393078 0)
(0.0100549 -0.0714199 0)
(0.012167 -0.102883 0)
(0.0148389 -0.136655 0)
(0.0146374 -0.17109 0)
(0.0146402 -0.198756 0)
(0.0148673 -0.224767 0)
(0.0155048 -0.254492 0)
(0.0162562 -0.28887 0)
(0.0171569 -0.324784 0)
(0.0150737 -0.364023 0)
(0.0232518 -0.387966 0)
(0.0149221 -0.455875 0)
(0.0696307 -0.409325 0)
(0.0533686 -0.667013 0)
(-0.0513623 -0.791324 0)
)
;

boundaryField
{
    leftWall
    {
        type            noSlip;
    }
    rightWall
    {
        type            noSlip;
    }
    lowerWall
    {
        type            noSlip;
    }
    atmosphere
    {
        type            pressureInletOutletVelocity;
        value           nonuniform List<vector> 
46
(
(0.00313389 0.283788 0)
(0.00244795 0.280175 0)
(0.00127855 0.27921 0)
(0.00186801 0.275934 0)
(0.00106055 0.274343 0)
(0.00151608 0.271114 0)
(0.00125137 0.268196 0)
(0.00149364 0.264418 0)
(0.00156809 0.260244 0)
(0.0017769 0.255427 0)
(0.00199658 0.249945 0)
(0.00226235 0.243719 0)
(0.00257875 0.236689 0)
(0.00293959 0.228776 0)
(0.00333145 0.219912 0)
(0.00374575 0.210027 0)
(0.00418518 0.199057 0)
(0.00464248 0.186959 0)
(0.0050874 0.173657 0)
(0.00550614 0.159132 0)
(0.00588632 0.143333 0)
(0.00619642 0.126208 0)
(0.00643051 0.107892 0)
(0.00661765 0.0936157 0)
(0.00680421 0.0839417 0)
(0.0069271 0.0739601 0)
(0.00709828 0.0636191 0)
(0.00719083 0.0455029 0)
(0.00724317 0.0190678 0)
(0 -0.00965674 0)
(0 -0.0393078 0)
(0 -0.0714199 0)
(0 -0.102883 0)
(0 -0.136655 0)
(0 -0.17109 0)
(0 -0.198756 0)
(0 -0.224767 0)
(0 -0.254492 0)
(0 -0.28887 0)
(0 -0.324784 0)
(0 -0.364023 0)
(0 -0.387966 0)
(0 -0.455875 0)
(0 -0.409325 0)
(0 -0.667013 0)
(0 -0.791324 0)
)
;
    }
    defaultFaces
    {
        type            empty;
    }
}


// ************************************************************************* //
