/*--------------------------------*- C++ -*----------------------------------*\
  =========                 |
  \\      /  F ield         | OpenFOAM: The Open Source CFD Toolbox
   \\    /   O peration     | Website:  https://openfoam.org
    \\  /    A nd           | Version:  13
     \\/     M anipulation  |
\*---------------------------------------------------------------------------*/
FoamFile
{
    format      ascii;
    class       surfaceScalarField;
    location    "0.5";
    object      phi;
}
// * * * * * * * * * * * * * * * * * * * * * * * * * * * * * * * * * * * * * //

dimensions      [0 3 -1 0 0 0 0];

internalField   nonuniform List<scalar> 
4432
(
-3.78455e-06
3.78455e-06
-5.26507e-06
1.48052e-06
-3.27581e-06
-1.98926e-06
9.47284e-07
-4.22309e-06
6.41048e-06
-5.4632e-06
1.19882e-05
-5.57771e-06
1.67795e-05
-4.79135e-06
2.0361e-05
-3.5815e-06
2.27345e-05
-2.37349e-06
2.40989e-05
-1.36434e-06
2.46737e-05
-5.74848e-07
2.45917e-05
8.19731e-08
2.38689e-05
7.22851e-07
2.24571e-05
1.41178e-06
2.01174e-05
2.33974e-06
1.64119e-05
3.70549e-06
1.08553e-05
5.55659e-06
3.62514e-06
7.23013e-06
-2.9437e-06
6.56884e-06
-8.81438e-06
5.87068e-06
-1.64015e-05
7.58718e-06
-1.56242e-05
-7.77403e-07
-1.56241e-05
-4.06555e-06
7.8501e-06
-4.93773e-06
2.3527e-06
-2.784e-06
-4.143e-06
1.4163e-06
-8.42339e-06
6.80508e-06
-1.0852e-05
1.23117e-05
-1.10843e-05
1.70226e-05
-9.50232e-06
2.05214e-05
-7.08021e-06
2.28357e-05
-4.68783e-06
2.41879e-05
-2.71653e-06
2.48188e-05
-1.20574e-06
2.49676e-05
-6.68264e-08
2.48438e-05
8.466e-07
2.4541e-05
1.71459e-06
2.40865e-05
2.79423e-06
2.32819e-05
4.51013e-06
2.13918e-05
7.44668e-06
1.68952e-05
1.17267e-05
8.57125e-06
1.48928e-05
-2.71553e-06
1.71575e-05
-1.07443e-05
1.56159e-05
-9.18307e-06
-2.33863e-06
-2.48072e-05
-3.44376e-06
1.12939e-05
-4.01276e-06
2.9217e-06
-1.89776e-06
-6.258e-06
2.04126e-06
-1.23624e-05
7.19002e-06
-1.60008e-05
1.25393e-05
-1.64336e-05
1.70872e-05
-1.40503e-05
2.03951e-05
-1.03881e-05
2.25416e-05
-6.83427e-06
2.37965e-05
-3.97152e-06
2.44083e-05
-1.81751e-06
2.45455e-05
-2.04046e-07
2.43243e-05
1.06779e-06
2.38309e-05
2.20805e-06
2.3176e-05
3.44913e-06
2.25639e-05
5.12225e-06
2.22692e-05
7.74134e-06
2.16813e-05
1.23147e-05
1.83867e-05
1.81874e-05
1.11571e-05
2.4387e-05
1.96041e-06
2.48127e-05
-2.50995e-07
-1.27242e-07
-2.50582e-05
-2.53768e-06
1.38315e-05
-2.68058e-06
3.0646e-06
-7.07374e-07
-8.23121e-06
2.7189e-06
-1.57887e-05
7.48045e-06
-2.07623e-05
1.26235e-05
-2.15766e-05
1.69936e-05
-1.84203e-05
2.00977e-05
-1.34923e-05
2.20671e-05
-8.80366e-06
2.32272e-05
-5.13161e-06
2.38423e-05
-2.43263e-06
2.40693e-05
-4.31027e-07
2.39947e-05
1.14243e-06
2.36612e-05
2.54151e-06
2.31009e-05
4.00945e-06
2.24037e-05
5.8195e-06
2.18878e-05
8.25716e-06
2.21651e-05
1.20374e-05
2.26462e-05
1.77064e-05
2.14999e-05
2.55333e-05
1.7605e-05
2.87076e-05
9.53077e-06
7.94694e-06
-1.55274e-05
-1.33704e-06
1.51686e-05
-7.83896e-07
2.51145e-06
9.98244e-07
-1.00133e-05
3.9712e-06
-1.87616e-05
8.2212e-06
-2.50123e-05
1.2912e-05
-2.62674e-05
1.68769e-05
-2.23852e-05
1.96514e-05
-1.62668e-05
2.14196e-05
-1.05718e-05
2.25181e-05
-6.23019e-06
2.31864e-05
-3.10091e-06
2.35477e-05
-7.92269e-07
2.36626e-05
1.02744e-06
2.35581e-05
2.64606e-06
2.32575e-05
4.31005e-06
2.2813e-05
6.26402e-06
2.23418e-05
8.72837e-06
2.23314e-05
1.20478e-05
2.35142e-05
1.65235e-05
2.55854e-05
2.34621e-05
2.52158e-05
2.90772e-05
1.61551e-05
1.70076e-05
6.27704e-07
2.18242e-07
1.49503e-05
2.00102e-06
7.2867e-07
4.12258e-06
-1.21349e-05
7.08705e-06
-2.17261e-05
1.06776e-05
-2.86028e-05
1.43147e-05
-2.99045e-05
1.72853e-05
-2.53559e-05
1.93531e-05
-1.83346e-05
2.07455e-05
-1.19642e-05
2.17443e-05
-7.22902e-06
2.24984e-05
-3.855e-06
2.30498e-05
-1.34372e-06
2.34038e-05
6.73494e-07
2.354e-05
2.50989e-06
2.34794e-05
4.37066e-06
2.32906e-05
6.45281e-06
2.31017e-05
8.91719e-06
2.30754e-05
1.20741e-05
2.37355e-05
1.58634e-05
2.60169e-05
2.11807e-05
2.72273e-05
2.78668e-05
1.92002e-05
2.50347e-05
1.98279e-05
2.5329e-06
1.24174e-05
5.95002e-06
-2.68845e-06
9.64773e-06
-1.58326e-05
1.31275e-05
-2.52059e-05
1.56304e-05
-3.11058e-05
1.73501e-05
-3.16242e-05
1.86664e-05
-2.66721e-05
1.96778e-05
-1.93461e-05
2.04992e-05
-1.27856e-05
2.12525e-05
-7.98227e-06
2.19784e-05
-4.58095e-06
2.26376e-05
-2.00286e-06
2.3217e-05
9.40478e-08
2.36101e-05
2.11678e-06
2.38012e-05
4.17957e-06
2.38364e-05
6.41757e-06
2.38758e-05
8.87779e-06
2.40436e-05
1.19063e-05
2.43916e-05
1.55155e-05
2.5805e-05
1.97674e-05
2.71435e-05
2.65282e-05
2.16881e-05
3.049e-05
4.15161e-05
4.86169e-06
7.55576e-06
1.11485e-05
-8.97522e-06
1.75337e-05
-2.22179e-05
2.12995e-05
-2.89717e-05
2.18269e-05
-3.16331e-05
2.09804e-05
-3.07776e-05
2.04916e-05
-2.61833e-05
2.06037e-05
-1.94582e-05
2.10475e-05
-1.32294e-05
2.16303e-05
-8.565e-06
2.2264e-05
-5.21469e-06
2.28816e-05
-2.62045e-06
2.33137e-05
-3.38011e-07
2.37747e-05
1.65571e-06
2.40899e-05
3.86439e-06
2.43387e-05
6.16876e-06
2.46375e-05
8.57898e-06
2.50489e-05
1.14949e-05
2.55082e-05
1.50561e-05
2.63667e-05
1.89089e-05
2.72487e-05
2.56463e-05
2.30054e-05
3.47333e-05
6.45215e-05
0.000105346
-0.000105346
0.00018246
-7.71137e-05
0.000192829
-1.03696e-05
0.000190594
2.23509e-06
0.000159642
3.09522e-05
8.45831e-05
7.50591e-05
1.13351e-05
7.32474e-05
7.75764e-06
3.57704e-06
5.68446e-05
-4.90872e-05
3.09021e-05
2.59426e-05
-9.12451e-05
0.000122147
-0.000268402
0.000177157
-0.000399716
0.000131314
-0.000401921
2.20453e-06
-0.000339204
-6.27162e-05
-0.000265357
-7.38475e-05
-0.000187835
-7.75217e-05
-8.03523e-05
-0.000107483
-8.03523e-05
4.63585e-05
-0.000151704
8.83895e-05
-0.000119145
0.000100563
-2.25438e-05
0.000116296
-1.34973e-05
0.000151532
-4.28363e-06
0.000151075
7.55154e-05
8.40041e-05
0.000140318
4.27208e-05
4.48604e-05
4.1455e-05
-4.78217e-05
-0.000103533
0.000170931
-0.000316047
0.000334661
-0.000438837
0.000299947
-0.000417208
0.000109685
-0.000330196
-8.48076e-05
-0.000277196
-0.000115716
-0.000233895
-0.000117148
-0.000155855
-0.000155562
-5.80777e-05
-0.00020526
-0.00013843
1.43387e-05
-0.000166043
4.33322e-05
-0.000148138
7.34654e-05
-5.26772e-05
8.19603e-05
-2.19921e-05
0.000108892
-3.12151e-05
0.000137569
4.68378e-05
9.6888e-05
0.000180999
4.88135e-05
9.29349e-05
-3.80251e-05
3.9017e-05
-0.000223196
0.000356102
-0.000393429
0.000504894
-0.000444136
0.000350654
-0.00039085
5.63991e-05
-0.000358038
-0.000117619
-0.000319895
-0.000153859
-0.000259451
-0.000177593
-0.000181703
-0.00023331
-5.84445e-05
-0.000328518
-0.000196875
-2.38293e-05
-0.000142214
-2.4548e-05
-0.00014742
3.99909e-05
-0.000117216
8.14799e-05
-6.34812e-05
9.54232e-05
-4.51583e-05
0.000104342
3.79186e-05
7.2174e-05
0.000213168
-2.02693e-05
0.000185378
-0.000184336
0.000203084
-0.000335689
0.000507455
-0.000412694
0.000581899
-0.000387247
0.000325208
-0.000327637
-3.2108e-06
-0.000279223
-0.000166034
-0.000225865
-0.000207217
-0.000196427
-0.00020703
-0.000151279
-0.000278458
-5.05106e-05
-0.000429287
-0.000247385
-4.14449e-05
-0.000100769
-3.24886e-05
-0.000156376
8.98761e-06
-0.000158692
4.51608e-05
-9.96541e-05
5.713e-05
-5.7127e-05
5.40334e-05
4.10152e-05
1.81317e-05
0.000249069
-0.00012173
0.00032524
-0.000299782
0.000381137
-0.0003876
0.000595273
-0.000392767
0.000587066
-0.000333016
0.000265457
-0.000264388
-7.1839e-05
-0.000195529
-0.000234893
-0.00013818
-0.000264566
-0.00011816
-0.00022705
-0.000104822
-0.000291796
-4.21349e-05
-0.000491974
-0.00028952
-2.9965e-05
-7.08038e-05
-3.0678e-05
-0.000155663
-1.21089e-05
-0.000177261
1.67455e-05
-0.000128509
2.14239e-05
-6.18054e-05
7.45701e-06
5.49823e-05
-4.77378e-05
0.000304265
-0.000188637
0.000466139
-0.000334067
0.000526567
-0.000376604
0.00063781
-0.000348603
0.000559065
-0.000274479
0.000191333
-0.000186477
-0.000159842
-0.000106279
-0.00031509
-6.06557e-05
-0.00031019
-4.55149e-05
-0.000242191
-6.37325e-05
-0.000273579
-3.74743e-05
-0.000518232
-0.000326994
-5.55958e-06
-6.52443e-05
-2.78823e-05
-0.00013334
-1.31808e-05
-0.000191962
-2.18887e-06
-0.0001395
-6.66615e-06
-5.73285e-05
-2.68469e-05
7.51627e-05
-7.54357e-05
0.000352854
-0.000187852
0.000578555
-0.000300892
0.000639607
-0.000316269
0.000653187
-0.00025672
0.000499515
-0.000158985
9.3598e-05
-7.00196e-05
-0.000248807
-1.48131e-05
-0.000370296
6.39328e-06
-0.000331396
2.98417e-05
-0.000265639
-1.31743e-05
-0.000230563
-4.41358e-05
-0.000487271
-0.00037113
1.17411e-05
-7.69854e-05
-7.93746e-07
-0.000120806
-1.1328e-05
-0.000181428
-4.90308e-06
-0.000145925
-1.90874e-05
-4.31442e-05
-4.64568e-05
0.000102532
-7.00587e-05
0.000376455
-0.000132058
0.000640554
-0.000207034
0.000714583
-0.00021738
0.000663533
-0.000135061
0.000417197
-2.54356e-05
-1.60276e-05
3.30033e-05
-0.000307246
5.15954e-05
-0.000388888
5.49386e-05
-0.000334739
6.12664e-05
-0.000271967
6.58236e-05
-0.00023512
-1.12166e-05
-0.000410231
-0.000382347
1.85547e-05
-1.09989e-05
4.23849e-05
-3.28054e-05
6.0083e-05
-3.9916e-05
6.25307e-05
-3.14194e-05
5.53545e-05
-2.44569e-05
4.74695e-05
-2.28927e-05
4.32774e-05
-2.19912e-05
4.2942e-05
-1.91229e-05
4.49094e-05
-1.51968e-05
4.77212e-05
-1.13768e-05
5.04401e-05
-7.93362e-06
5.25298e-05
-4.71006e-06
5.38581e-05
-1.66632e-06
5.4115e-05
1.39883e-06
5.39e-05
4.07934e-06
5.36777e-05
6.3911e-06
5.42667e-05
7.98992e-06
5.55201e-05
1.02415e-05
5.7437e-05
1.31392e-05
6.05623e-05
1.57836e-05
6.68992e-05
1.93094e-05
7.97092e-05
2.19232e-05
3.34674e-05
0.000110763
2.84203e-05
-3.94193e-05
5.74775e-05
-6.18626e-05
6.60415e-05
-4.848e-05
5.01205e-05
-1.54984e-05
3.51105e-05
-9.44687e-06
2.66816e-05
-1.44638e-05
2.22537e-05
-1.75633e-05
2.2539e-05
-1.94082e-05
2.83821e-05
-2.10399e-05
3.718e-05
-2.01746e-05
4.58043e-05
-1.65579e-05
5.27522e-05
-1.1658e-05
5.71051e-05
-6.01918e-06
5.91264e-05
-6.22464e-07
5.87868e-05
4.41889e-06
5.80252e-05
7.15268e-06
5.86282e-05
7.38694e-06
5.93792e-05
9.49049e-06
6.11524e-05
1.13661e-05
6.53563e-05
1.15796e-05
7.27876e-05
1.18781e-05
8.35038e-05
1.12071e-05
1.15264e-05
0.000105445
4.17962e-05
-8.12155e-05
2.8694e-05
-4.87604e-05
-1.88163e-05
-9.69741e-07
-5.27572e-05
1.84425e-05
-5.19981e-05
-1.02059e-05
-5.68837e-05
-9.57811e-06
-7.29322e-05
-1.5147e-06
-7.98601e-05
-1.24801e-05
-6.78434e-05
-3.30567e-05
-3.80089e-05
-5.0009e-05
-1.51394e-05
-3.94274e-05
4.86892e-06
-3.16663e-05
2.30382e-05
-2.41885e-05
3.6935e-05
-1.45192e-05
4.79067e-05
-6.5528e-06
5.81389e-05
-3.07959e-06
6.41931e-05
1.33274e-06
6.36092e-05
1.00744e-05
6.24369e-05
1.25384e-05
6.4692e-05
9.32459e-06
6.8846e-05
7.72404e-06
7.4406e-05
5.64713e-06
-1.17483e-07
8.60498e-05
-1.83665e-05
-6.2849e-05
-2.72257e-05
-3.99013e-05
-3.99819e-05
1.17865e-05
-2.602e-05
4.48065e-06
-1.94684e-05
-1.67574e-05
-2.1912e-05
-7.1344e-06
-2.37805e-05
3.5386e-07
-2.91604e-05
-7.10012e-06
-4.36625e-05
-1.85545e-05
-6.85006e-05
-2.5171e-05
-9.01924e-05
-1.77356e-05
-0.000111278
-1.05811e-05
-0.000123808
-1.16576e-05
-0.000111738
-2.65898e-05
-7.62083e-05
-4.20824e-05
-1.49188e-05
-6.43691e-05
1.95782e-05
-3.31642e-05
4.01151e-05
-1.04625e-05
5.41461e-05
-1.49263e-06
6.62163e-05
-2.7456e-06
7.24544e-05
1.48597e-06
7.70725e-05
1.02904e-06
-4.58882e-06
8.15438e-05
-3.31999e-05
-2.96491e-05
-3.88633e-05
-3.4238e-05
-1.57571e-05
-1.13197e-05
-4.26805e-06
-7.00832e-06
-9.58508e-06
-1.14402e-05
-1.02269e-05
-6.49245e-06
-5.26991e-06
-4.60312e-06
-4.51826e-06
-7.85173e-06
-9.01812e-06
-1.40547e-05
-1.57708e-05
-1.84183e-05
-1.94843e-05
-1.40221e-05
-3.02089e-05
1.43517e-07
-5.30785e-05
1.12119e-05
-8.26013e-05
2.93303e-06
-9.71118e-05
-2.75719e-05
-0.000101913
-5.95675e-05
-8.58596e-05
-4.92181e-05
-4.24746e-05
-5.38476e-05
1.57005e-06
-4.55372e-05
2.35172e-05
-2.46928e-05
3.87502e-05
-1.37471e-05
5.66336e-05
-1.68544e-05
-2.35465e-05
7.55913e-05
-1.43954e-05
-1.52537e-05
-1.62709e-05
-3.23625e-05
-1.23864e-05
-1.52042e-05
-9.30921e-06
-1.00854e-05
-1.09357e-05
-9.81369e-06
-1.03705e-05
-7.0576e-06
-9.25566e-06
-5.71794e-06
-9.74218e-06
-7.36518e-06
-1.19618e-05
-1.1835e-05
-1.38638e-05
-1.65163e-05
-1.05156e-05
-1.73703e-05
1.38279e-07
-1.05103e-05
4.23329e-06
7.11694e-06
-1.02608e-05
1.74271e-05
-2.77099e-05
-1.01228e-05
-4.02361e-05
-4.70413e-05
-3.91357e-05
-5.03185e-05
-4.52429e-05
-4.77404e-05
-5.41067e-05
-3.66735e-05
-5.86328e-05
-2.01667e-05
-3.56132e-05
-3.67668e-05
1.49121e-07
-5.26167e-05
-5.22515e-05
2.88541e-05
-7.82446e-06
-7.42928e-06
-1.13422e-05
-2.88448e-05
-1.05176e-05
-1.60289e-05
-9.28845e-06
-1.13146e-05
-9.57602e-06
-9.52611e-06
-8.82965e-06
-7.80395e-06
-8.07383e-06
-6.47375e-06
-8.53425e-06
-6.90473e-06
-1.07747e-05
-9.5945e-06
-1.37712e-05
-1.35197e-05
-1.49571e-05
-1.61844e-05
-1.13405e-05
-1.41269e-05
9.37073e-07
-5.16065e-06
1.28292e-05
5.53489e-06
1.30468e-05
-1.03405e-05
6.72754e-06
-4.07221e-05
5.24359e-06
-4.88346e-05
7.8503e-06
-5.03472e-05
1.95713e-05
-4.83945e-05
4.11553e-05
-4.17508e-05
5.42209e-05
-4.98324e-05
5.95416e-05
-5.79374e-05
-3.19929e-05
3.9283e-05
-5.8919e-06
-1.53742e-06
-8.33511e-06
-2.64017e-05
-8.00553e-06
-1.63585e-05
-7.64203e-06
-1.16781e-05
-7.29394e-06
-9.87421e-06
-6.56396e-06
-8.53395e-06
-5.862e-06
-7.1757e-06
-6.07016e-06
-6.69655e-06
-7.73035e-06
-7.93425e-06
-1.04488e-05
-1.08012e-05
-1.26634e-05
-1.39698e-05
-1.17388e-05
-1.50514e-05
-4.7524e-06
-1.21471e-05
7.97997e-06
-7.19752e-06
1.42638e-05
-1.66243e-05
1.02512e-05
-3.67096e-05
5.91894e-06
-4.45024e-05
5.44876e-06
-4.98771e-05
1.08744e-05
-5.38202e-05
2.35844e-05
-5.44609e-05
3.49533e-05
-6.12014e-05
4.9828e-05
-7.28122e-05
-4.84563e-05
6.62915e-05
-4.32076e-06
2.78329e-06
-6.05543e-06
-2.46671e-05
-6.09653e-06
-1.63174e-05
-6.10279e-06
-1.16719e-05
-5.84397e-06
-1.01331e-05
-5.24379e-06
-9.13415e-06
-4.40066e-06
-8.01883e-06
-3.83054e-06
-7.26662e-06
-4.09985e-06
-7.6649e-06
-5.37156e-06
-9.52944e-06
-7.06235e-06
-1.2279e-05
-7.44662e-06
-1.46672e-05
-3.73017e-06
-1.58635e-05
5.86969e-06
-1.67974e-05
1.23256e-05
-2.30802e-05
9.85463e-06
-3.42387e-05
6.54853e-06
-4.11963e-05
3.51583e-06
-4.68444e-05
2.91321e-06
-5.32176e-05
6.2548e-06
-5.78026e-05
1.16702e-05
-6.66169e-05
1.87175e-05
-7.98595e-05
-6.70638e-05
3.73249e-05
-2.91783e-06
5.70108e-06
-4.32052e-06
-2.32645e-05
-4.72461e-06
-1.59134e-05
-4.87602e-06
-1.15206e-05
-4.73943e-06
-1.02697e-05
-4.26286e-06
-9.61074e-06
-3.38609e-06
-8.89558e-06
-2.30401e-06
-8.34866e-06
-1.45383e-06
-8.51503e-06
-1.17876e-06
-9.80448e-06
-1.38444e-06
-1.20733e-05
-1.30193e-06
-1.47497e-05
2.49726e-07
-1.74152e-05
3.89761e-06
-2.04453e-05
6.20736e-06
-2.539e-05
4.35467e-06
-3.23859e-05
1.292e-06
-3.81336e-05
-2.22704e-06
-4.33254e-05
-5.67099e-06
-4.97737e-05
-6.32509e-06
-5.71485e-05
-5.74715e-06
-6.71948e-05
-7.24207e-06
-7.83645e-05
-7.37965e-05
-5.09378e-07
-1.94566e-06
7.6467e-06
-3.14222e-06
-2.2068e-05
-3.67591e-06
-1.53798e-05
-3.95189e-06
-1.12447e-05
-3.95534e-06
-1.02663e-05
-3.66063e-06
-9.90548e-06
-2.98273e-06
-9.57347e-06
-1.94877e-06
-9.38259e-06
-8.15688e-07
-9.64807e-06
6.73339e-08
-1.06875e-05
5.69822e-07
-1.25758e-05
8.71664e-07
-1.50515e-05
1.29098e-06
-1.78345e-05
1.92779e-06
-2.10821e-05
1.71926e-06
-2.51814e-05
-5.0217e-07
-3.01645e-05
-3.90302e-06
-3.47327e-05
-7.92259e-06
-3.93058e-05
-1.23492e-05
-4.53471e-05
-1.64535e-05
-5.30443e-05
-2.09788e-05
-6.26696e-05
-2.83229e-05
-7.10204e-05
-7.08357e-05
-3.12837e-05
-1.32251e-06
8.96916e-06
-2.36342e-06
-2.10271e-05
-2.95656e-06
-1.47867e-05
-3.32304e-06
-1.08783e-05
-3.46808e-06
-1.01213e-05
-3.38292e-06
-9.99066e-06
-3.02462e-06
-9.93177e-06
-2.37525e-06
-1.00319e-05
-1.55571e-06
-1.04676e-05
-8.17719e-07
-1.14254e-05
-3.97211e-07
-1.29963e-05
-3.55249e-07
-1.50935e-05
-6.31372e-07
-1.75584e-05
-1.28143e-06
-2.0432e-05
-2.6811e-06
-2.37817e-05
-5.15715e-06
-2.76883e-05
-8.25215e-06
-3.16377e-05
-1.19341e-05
-3.56238e-05
-1.67982e-05
-4.04831e-05
-2.32633e-05
-4.65792e-05
-3.18415e-05
-5.40914e-05
-4.19035e-05
-6.09583e-05
-6.31539e-05
-4.95853e-05
-9.27059e-07
9.89618e-06
-1.8521e-06
-2.01021e-05
-2.49356e-06
-1.41453e-05
-2.9383e-06
-1.04336e-05
-3.20503e-06
-9.85462e-06
-3.31245e-06
-9.88325e-06
-3.25833e-06
-9.98589e-06
-3.04264e-06
-1.02476e-05
-2.72557e-06
-1.07847e-05
-2.46067e-06
-1.16904e-05
-2.4385e-06
-1.30185e-05
-2.7843e-06
-1.47477e-05
-3.51446e-06
-1.68282e-05
-4.69661e-06
-1.92498e-05
-6.43318e-06
-2.2045e-05
-8.90918e-06
-2.52123e-05
-1.20177e-05
-2.85292e-05
-1.5673e-05
-3.19685e-05
-2.04718e-05
-3.56842e-05
-2.72374e-05
-3.98136e-05
-3.6895e-05
-4.44338e-05
-4.92796e-05
-4.85738e-05
-5.06854e-05
-6.1748e-05
-7.05401e-07
1.06016e-05
-1.54218e-06
-1.92653e-05
-2.21612e-06
-1.34713e-05
-2.73031e-06
-9.91939e-06
-3.10777e-06
-9.47716e-06
-3.37643e-06
-9.61459e-06
-3.55863e-06
-9.80368e-06
-3.67862e-06
-1.01276e-05
-3.78351e-06
-1.06798e-05
-3.96311e-06
-1.15108e-05
-4.3369e-06
-1.26447e-05
-5.00155e-06
-1.4083e-05
-6.01621e-06
-1.58135e-05
-7.43946e-06
-1.78265e-05
-9.37217e-06
-2.01123e-05
-1.19606e-05
-2.26238e-05
-1.52302e-05
-2.52596e-05
-1.91966e-05
-2.80021e-05
-2.40604e-05
-3.08205e-05
-3.0232e-05
-3.3642e-05
-3.84777e-05
-3.61881e-05
-4.92865e-05
-3.7765e-05
-3.78837e-05
-6.20882e-05
-5.95443e-07
1.1197e-05
-1.37541e-06
-1.84853e-05
-2.07687e-06
-1.27699e-05
-2.64994e-06
-9.3463e-06
-3.12275e-06
-9.00433e-06
-3.52732e-06
-9.21e-06
-3.88945e-06
-9.44156e-06
-4.24152e-06
-9.77558e-06
-4.62995e-06
-1.02914e-05
-5.1168e-06
-1.1024e-05
-5.77555e-06
-1.19859e-05
-6.67834e-06
-1.31802e-05
-7.89292e-06
-1.45989e-05
-9.48881e-06
-1.62306e-05
-1.15558e-05
-1.80453e-05
-1.41948e-05
-1.99847e-05
-1.74845e-05
-2.197e-05
-2.15344e-05
-2.39522e-05
-2.64617e-05
-2.58933e-05
-3.23857e-05
-2.77181e-05
-3.94728e-05
-2.9101e-05
-4.77688e-05
-2.9469e-05
-2.84197e-05
-5.72328e-05
-5.48165e-07
1.17452e-05
-1.30148e-06
-1.7732e-05
-2.03179e-06
-1.20395e-05
-2.65452e-06
-8.72353e-06
-3.20763e-06
-8.45119e-06
-3.72586e-06
-8.69176e-06
-4.23173e-06
-8.93571e-06
-4.75462e-06
-9.25273e-06
-5.3361e-06
-9.70996e-06
-6.02641e-06
-1.03337e-05
-6.88198e-06
-1.11304e-05
-7.96224e-06
-1.21e-05
-9.32898e-06
-1.32321e-05
-1.10495e-05
-1.451e-05
-1.3192e-05
-1.59027e-05
-1.58238e-05
-1.73529e-05
-1.90025e-05
-1.87913e-05
-2.28021e-05
-2.01528e-05
-2.73218e-05
-2.13736e-05
-3.26869e-05
-2.2353e-05
-3.89436e-05
-2.28444e-05
-4.5909e-05
-2.25036e-05
-2.10749e-05
-5.32539e-05
-5.31588e-07
1.22768e-05
-1.28433e-06
-1.69792e-05
-2.04396e-06
-1.12798e-05
-2.70881e-06
-8.05863e-06
-3.3276e-06
-7.83237e-06
-3.93915e-06
-8.08021e-06
-4.56174e-06
-8.31314e-06
-5.21901e-06
-8.59549e-06
-5.94553e-06
-8.98347e-06
-6.78417e-06
-9.49506e-06
-7.78173e-06
-1.01328e-05
-8.98916e-06
-1.08925e-05
-1.04601e-05
-1.17612e-05
-1.22472e-05
-1.27229e-05
-1.44109e-05
-1.3739e-05
-1.70001e-05
-1.47638e-05
-2.0062e-05
-1.57294e-05
-2.36466e-05
-1.65682e-05
-2.78011e-05
-1.72192e-05
-3.25658e-05
-1.75884e-05
-3.79278e-05
-1.74824e-05
-4.37695e-05
-1.66619e-05
-1.49904e-05
-4.9854e-05
-5.25866e-07
1.28027e-05
-1.29541e-06
-1.62096e-05
-2.08592e-06
-1.04893e-05
-2.78663e-06
-7.35791e-06
-3.45843e-06
-7.16057e-06
-4.14231e-06
-7.39634e-06
-4.8556e-06
-7.59988e-06
-5.61745e-06
-7.83367e-06
-6.45383e-06
-8.14713e-06
-7.40136e-06
-8.54755e-06
-8.4998e-06
-9.03442e-06
-9.79127e-06
-9.60103e-06
-1.13139e-05
-1.02385e-05
-1.31179e-05
-1.09189e-05
-1.52445e-05
-1.16125e-05
-1.77322e-05
-1.22761e-05
-2.06136e-05
-1.28481e-05
-2.39105e-05
-1.32714e-05
-2.76513e-05
-1.34785e-05
-3.18414e-05
-1.33983e-05
-3.64376e-05
-1.28863e-05
-4.13246e-05
-1.17749e-05
-9.98977e-06
-4.63252e-05
-5.19828e-07
1.33226e-05
-1.31972e-06
-1.54097e-05
-2.13886e-06
-9.67013e-06
-2.86815e-06
-6.62862e-06
-3.58011e-06
-6.44862e-06
-4.31814e-06
-6.65832e-06
-5.09685e-06
-6.82118e-06
-5.93173e-06
-6.99882e-06
-6.84659e-06
-7.23227e-06
-7.86853e-06
-7.52562e-06
-9.02836e-06
-7.87458e-06
-1.03593e-05
-8.27007e-06
-1.18996e-05
-8.69818e-06
-1.36821e-05
-9.13644e-06
-1.5736e-05
-9.55858e-06
-1.80929e-05
-9.91927e-06
-2.07636e-05
-1.01775e-05
-2.3773e-05
-1.0262e-05
-2.71196e-05
-1.0132e-05
-3.07893e-05
-9.72865e-06
-3.47302e-05
-8.94543e-06
-3.88439e-05
-7.66115e-06
-5.84368e-06
-4.299e-05
-5.0732e-07
1.38299e-05
-1.34435e-06
-1.45727e-05
-2.18906e-06
-8.82545e-06
-2.93911e-06
-5.8786e-06
-3.68001e-06
-5.70772e-06
-4.45589e-06
-5.88245e-06
-5.27872e-06
-5.99836e-06
-6.16135e-06
-6.11621e-06
-7.12303e-06
-6.27062e-06
-8.18624e-06
-6.46244e-06
-9.37608e-06
-6.68474e-06
-1.07191e-05
-6.92707e-06
-1.22438e-05
-7.17341e-06
-1.39756e-05
-7.40466e-06
-1.59351e-05
-7.59909e-06
-1.81428e-05
-7.71167e-06
-2.06127e-05
-7.7076e-06
-2.33377e-05
-7.53701e-06
-2.63183e-05
-7.15147e-06
-2.95283e-05
-6.51874e-06
-3.29126e-05
-5.56109e-06
-3.63868e-05
-4.187e-06
-2.39066e-06
-3.98398e-05
-4.85952e-07
1.43158e-05
-1.36174e-06
-1.3697e-05
-2.2263e-06
-7.96093e-06
-2.98938e-06
-5.11555e-06
-3.74876e-06
-4.94835e-06
-4.54839e-06
-5.08283e-06
-5.39756e-06
-5.1492e-06
-6.30658e-06
-5.20721e-06
-7.29138e-06
-5.28583e-06
-8.37049e-06
-5.38335e-06
-9.56402e-06
-5.4912e-06
-1.08933e-05
-5.59779e-06
-1.23789e-05
-5.68778e-06
-1.404e-05
-5.74357e-06
-1.58951e-05
-5.74391e-06
-1.795e-05
-5.65685e-06
-2.02115e-05
-5.44614e-06
-2.26764e-05
-5.07207e-06
-2.53286e-05
-4.49933e-06
-2.81402e-05
-3.70708e-06
-3.10592e-05
-2.64215e-06
-3.40131e-05
-1.2331e-06
5.01665e-07
-3.69054e-05
-4.57061e-07
1.47729e-05
-1.36564e-06
-1.27884e-05
-2.24162e-06
-7.08499e-06
-3.01033e-06
-4.34685e-06
-3.77905e-06
-4.17962e-06
-4.59033e-06
-4.27153e-06
-5.4509e-06
-4.28864e-06
-6.36908e-06
-4.28904e-06
-7.358e-06
-4.29694e-06
-8.43316e-06
-4.3082e-06
-9.61069e-06
-4.31366e-06
-1.09067e-05
-4.30172e-06
-1.23365e-05
-4.25794e-06
-1.39147e-05
-4.16532e-06
-1.56536e-05
-4.00502e-06
-1.75577e-05
-3.75271e-06
-1.9626e-05
-3.37782e-06
-2.185e-05
-2.84815e-06
-2.42115e-05
-2.13774e-06
-2.66835e-05
-1.23512e-06
-2.92161e-05
-1.09519e-07
-3.17438e-05
1.29457e-06
2.96817e-06
-3.42103e-05
-4.20395e-07
1.51932e-05
-1.34969e-06
-1.18592e-05
-2.22696e-06
-6.20772e-06
-2.99491e-06
-3.57891e-06
-3.7647e-06
-3.40983e-06
-4.57688e-06
-3.45934e-06
-5.43683e-06
-3.42871e-06
-6.35136e-06
-3.37452e-06
-7.3315e-06
-3.31681e-06
-8.38768e-06
-3.252e-06
-9.53274e-06
-3.16855e-06
-1.07814e-05
-3.05295e-06
-1.21452e-05
-2.89412e-06
-1.36341e-05
-2.67638e-06
-1.52553e-05
-2.38373e-06
-1.70095e-05
-1.99843e-06
-1.88953e-05
-1.49208e-06
-2.09008e-05
-8.42561e-07
-2.30095e-05
-2.90474e-08
-2.51954e-05
9.50831e-07
-2.74146e-05
2.1097e-06
-2.96126e-05
3.49251e-06
5.09498e-06
-3.17394e-05
-3.76825e-07
1.557e-05
-1.31025e-06
-1.09258e-05
-2.17779e-06
-5.34018e-06
-2.93807e-06
-2.81861e-06
-3.70186e-06
-2.64604e-06
-4.50607e-06
-2.65514e-06
-5.35311e-06
-2.58168e-06
-6.25034e-06
-2.47729e-06
-7.2063e-06
-2.36084e-06
-8.23123e-06
-2.22702e-06
-9.33523e-06
-2.06447e-06
-1.05287e-05
-1.85941e-06
-1.18193e-05
-1.60334e-06
-1.32143e-05
-1.2813e-06
-1.47192e-05
-8.7874e-07
-1.63347e-05
-3.82903e-07
-1.80499e-05
2.23219e-07
-1.98605e-05
9.68076e-07
-2.17507e-05
1.86117e-06
-2.36984e-05
2.89849e-06
-2.56647e-05
4.07607e-06
-2.76067e-05
5.4345e-06
6.97054e-06
-2.94823e-05
-3.25709e-07
1.58957e-05
-1.24534e-06
-1.00061e-05
-2.09027e-06
-4.49524e-06
-2.83656e-06
-2.07232e-06
-3.58491e-06
-1.89769e-06
-4.37063e-06
-1.86943e-06
-5.19709e-06
-1.75521e-06
-6.06906e-06
-1.60531e-06
-6.99455e-06
-1.4353e-06
-7.98165e-06
-1.23983e-06
-9.03823e-06
-1.00778e-06
-1.01674e-05
-7.30109e-07
-1.13793e-05
-3.91299e-07
-1.26783e-05
1.77443e-08
-1.40689e-05
5.12003e-07
-1.55493e-05
1.09753e-06
-1.71175e-05
1.7915e-06
-1.8756e-05
2.60663e-06
-2.04565e-05
3.56164e-06
-2.22072e-05
4.64917e-06
-2.39782e-05
5.84711e-06
-2.57204e-05
7.17659e-06
8.66407e-06
-2.74139e-05
-2.60917e-07
1.61566e-05
-1.15418e-06
-9.11281e-06
-1.9698e-06
-3.67962e-06
-2.69383e-06
-1.3483e-06
-3.41889e-06
-1.17263e-06
-4.1781e-06
-1.11021e-06
-4.97501e-06
-9.5827e-07
-5.81201e-06
-7.68262e-07
-6.69456e-06
-5.52658e-07
-7.63224e-06
-3.02023e-07
-8.62968e-06
-1.02136e-08
-9.69293e-06
3.33246e-07
-1.08273e-05
7.43145e-07
-1.20363e-05
1.22683e-06
-1.3314e-05
1.78979e-06
-1.46664e-05
2.45005e-06
-1.60886e-05
3.21373e-06
-1.75805e-05
4.09857e-06
-1.91266e-05
5.10776e-06
-2.0707e-05
6.22961e-06
-2.23109e-05
7.45091e-06
-2.39136e-05
8.77926e-06
1.02372e-05
-2.54867e-05
-1.73047e-07
1.63297e-05
-1.04093e-06
-8.24493e-06
-1.82328e-06
-2.89727e-06
-2.51632e-06
-6.55268e-07
-3.2074e-06
-4.81558e-07
-3.92907e-06
-3.88511e-07
-4.68361e-06
-2.03692e-07
-5.47499e-06
2.32005e-08
-6.30794e-06
2.80419e-07
-7.18841e-06
5.78577e-07
-8.12134e-06
9.22821e-07
-9.10903e-06
1.32102e-06
-1.01579e-05
1.79206e-06
-1.12649e-05
2.33391e-06
-1.2436e-05
2.96101e-06
-1.36694e-05
3.68353e-06
-1.49661e-05
4.51051e-06
-1.63105e-05
5.44294e-06
-1.77039e-05
6.50116e-06
-1.91474e-05
7.67311e-06
-2.06311e-05
8.93457e-06
-2.21132e-05
1.02613e-05
1.17251e-05
-2.36013e-05
-5.83895e-08
1.63881e-05
-9.11681e-07
-7.39164e-06
-1.66006e-06
-2.14891e-06
-2.31486e-06
-4.69747e-10
-2.96356e-06
1.6714e-07
-3.63822e-06
2.86199e-07
-4.3428e-06
5.00939e-07
-5.07773e-06
7.58222e-07
-5.84908e-06
1.05189e-06
-6.66058e-06
1.39019e-06
-7.51678e-06
1.7791e-06
-8.41971e-06
2.22402e-06
-9.36899e-06
2.74141e-06
-1.03714e-05
3.3364e-06
-1.14267e-05
4.01638e-06
-1.25344e-05
4.7913e-06
-1.36892e-05
5.66523e-06
-1.4894e-05
6.64776e-06
-1.61478e-05
7.75492e-06
-1.7445e-05
8.97027e-06
-1.87848e-05
1.02744e-05
-2.01704e-05
1.16469e-05
1.31393e-05
-2.15846e-05
8.13152e-08
1.63068e-05
-7.72042e-07
-6.53829e-06
-1.49351e-06
-1.42745e-06
-2.10238e-06
6.08403e-07
-2.70234e-06
7.67121e-07
-3.3272e-06
9.1111e-07
-3.97303e-06
1.14682e-06
-4.64463e-06
1.4299e-06
-5.34539e-06
1.75275e-06
-6.07497e-06
2.11986e-06
-6.84018e-06
2.54438e-06
-7.64497e-06
3.02886e-06
-8.48893e-06
3.58542e-06
-9.37621e-06
4.22375e-06
-1.02984e-05
4.93859e-06
-1.12642e-05
5.75718e-06
-1.22734e-05
6.67444e-06
-1.33246e-05
7.69895e-06
-1.44061e-05
8.83635e-06
-1.55341e-05
1.00982e-05
-1.67169e-05
1.14571e-05
-1.79517e-05
1.28817e-05
1.44298e-05
-1.92423e-05
2.39531e-07
1.60673e-05
-6.30206e-07
-5.66856e-06
-1.33133e-06
-7.26326e-07
-1.89816e-06
1.17523e-06
-2.44446e-06
1.31345e-06
-3.01849e-06
1.48517e-06
-3.60645e-06
1.73482e-06
-4.2104e-06
2.03391e-06
-4.83527e-06
2.37769e-06
-5.48388e-06
2.76852e-06
-6.15748e-06
3.21801e-06
-6.85606e-06
3.72746e-06
-7.58824e-06
4.31763e-06
-8.34158e-06
4.97712e-06
-9.13097e-06
5.72802e-06
-9.94359e-06
6.56981e-06
-1.0786e-05
7.51688e-06
-1.16475e-05
8.56044e-06
-1.25364e-05
9.72521e-06
-1.34564e-05
1.10181e-05
-1.44112e-05
1.24118e-05
-1.54276e-05
1.3898e-05
1.55032e-05
-1.6501e-05
4.06699e-07
1.56605e-05
-4.98938e-07
-4.76293e-06
-1.19312e-06
-3.21432e-08
-1.71271e-06
1.69482e-06
-2.21996e-06
1.82072e-06
-2.74561e-06
2.01085e-06
-3.28278e-06
2.27201e-06
-3.83037e-06
2.58155e-06
-4.38708e-06
2.93443e-06
-4.95783e-06
3.33929e-06
-5.54517e-06
3.80533e-06
-6.15352e-06
4.33579e-06
-6.7746e-06
4.9387e-06
-7.41097e-06
5.61349e-06
-8.0619e-06
6.37894e-06
-8.72548e-06
7.23337e-06
-9.39207e-06
8.18347e-06
-1.00671e-05
9.2355e-06
-1.07476e-05
1.04057e-05
-1.14248e-05
1.16952e-05
-1.20975e-05
1.30844e-05
-1.28109e-05
1.46114e-05
1.62464e-05
-1.35542e-05
5.95672e-07
1.50649e-05
-3.77038e-07
-3.79021e-06
-1.07741e-06
6.68216e-07
-1.57041e-06
2.18783e-06
-2.04554e-06
2.29587e-06
-2.53728e-06
2.50261e-06
-3.0364e-06
2.77116e-06
-3.54016e-06
3.08535e-06
-4.04936e-06
3.44366e-06
-4.56532e-06
3.85526e-06
-5.08922e-06
4.3292e-06
-5.62095e-06
4.8675e-06
-6.15712e-06
5.47486e-06
-6.70102e-06
6.15738e-06
-7.24424e-06
6.92216e-06
-7.78295e-06
7.77205e-06
-8.30454e-06
8.70504e-06
-8.82002e-06
9.75094e-06
-9.28789e-06
1.08734e-05
-9.73809e-06
1.21454e-05
-1.01483e-05
1.34946e-05
-1.05259e-05
1.49889e-05
1.65985e-05
-1.08782e-05
7.87575e-07
1.42773e-05
-2.71622e-07
-2.73101e-06
-9.9341e-07
1.38999e-06
-1.46502e-06
2.65945e-06
-1.92694e-06
2.75781e-06
-2.40768e-06
2.98337e-06
-2.88294e-06
3.24645e-06
-3.36287e-06
3.56532e-06
-3.84457e-06
3.92539e-06
-4.32924e-06
4.33992e-06
-4.81457e-06
4.81452e-06
-5.30377e-06
5.35668e-06
-5.79331e-06
5.9644e-06
-6.27352e-06
6.63758e-06
-6.75014e-06
7.39874e-06
-7.1945e-06
8.21636e-06
-7.62924e-06
9.13972e-06
-8.01273e-06
1.01344e-05
-8.35571e-06
1.12164e-05
-8.6278e-06
1.24174e-05
-8.8352e-06
1.37019e-05
-8.93539e-06
1.5089e-05
1.66185e-05
-8.95551e-06
9.57636e-07
1.33197e-05
-1.84305e-07
-1.58907e-06
-9.25192e-07
2.13087e-06
-1.3872e-06
3.12147e-06
-1.85175e-06
3.22237e-06
-2.32474e-06
3.45638e-06
-2.796e-06
3.71775e-06
-3.26445e-06
4.03381e-06
-3.73337e-06
4.39433e-06
-4.20362e-06
4.81018e-06
-4.67585e-06
5.28673e-06
-5.14496e-06
5.82577e-06
-5.61009e-06
6.42951e-06
-6.06865e-06
7.09608e-06
-6.50419e-06
7.83422e-06
-6.92648e-06
8.63858e-06
-7.303e-06
9.51618e-06
-7.62287e-06
1.04542e-05
-7.8931e-06
1.14865e-05
-8.06987e-06
1.25941e-05
-8.14798e-06
1.378e-05
-8.10222e-06
1.50432e-05
1.64228e-05
-7.90652e-06
1.08081e-06
1.22389e-05
-1.23076e-07
-3.85201e-07
-8.60512e-07
2.86829e-06
-1.31556e-06
3.57651e-06
-1.78563e-06
3.69244e-06
-2.25115e-06
3.92191e-06
-2.71895e-06
4.18561e-06
-3.17998e-06
4.49491e-06
-3.64206e-06
4.85647e-06
-4.10542e-06
5.27355e-06
-4.56896e-06
5.75025e-06
-5.0297e-06
6.28646e-06
-5.48494e-06
6.88468e-06
-5.92887e-06
7.53992e-06
-6.35331e-06
8.25856e-06
-6.74623e-06
9.03142e-06
-7.10035e-06
9.87026e-06
-7.41184e-06
1.07656e-05
-7.64907e-06
1.17238e-05
-7.7875e-06
1.27325e-05
-7.81821e-06
1.38107e-05
-7.70715e-06
1.49321e-05
1.61403e-05
-7.42474e-06
1.14686e-06
1.1092e-05
-8.38738e-08
8.45495e-07
-7.79066e-07
3.56346e-06
-1.22538e-06
4.02283e-06
-1.68901e-06
4.15608e-06
-2.14287e-06
4.37581e-06
-2.59067e-06
4.63347e-06
-3.03962e-06
4.94394e-06
-3.48756e-06
5.30447e-06
-3.93597e-06
5.72197e-06
-4.38259e-06
6.19685e-06
-4.82554e-06
6.72937e-06
-5.26063e-06
7.31972e-06
-5.68433e-06
7.96354e-06
-6.08612e-06
8.66028e-06
-6.46276e-06
9.408e-06
-6.79904e-06
1.02065e-05
-7.08806e-06
1.10546e-05
-7.30656e-06
1.19422e-05
-7.4265e-06
1.28525e-05
-7.45026e-06
1.38344e-05
-7.33203e-06
1.48139e-05
1.58417e-05
-7.03347e-06
1.14788e-06
9.94412e-06
-5.0973e-08
2.0443e-06
-6.87379e-07
4.19987e-06
-1.10594e-06
4.44141e-06
-1.54049e-06
4.59067e-06
-1.96723e-06
4.80259e-06
-2.37808e-06
5.04437e-06
-2.80267e-06
5.36857e-06
-3.21884e-06
5.72067e-06
-3.63168e-06
6.13483e-06
-4.04412e-06
6.6093e-06
-4.45315e-06
7.1384e-06
-4.85315e-06
7.71971e-06
-5.23882e-06
8.34917e-06
-5.6035e-06
9.02491e-06
-5.94459e-06
9.74904e-06
-6.25149e-06
1.05133e-05
-6.51436e-06
1.13174e-05
-6.70335e-06
1.21312e-05
-6.81454e-06
1.29636e-05
-6.83446e-06
1.38544e-05
-6.70121e-06
1.46807e-05
1.55749e-05
-6.43438e-06
1.07089e-06
8.8732e-06
-2.907e-08
3.14423e-06
-5.75044e-07
4.74587e-06
-9.40942e-07
4.80736e-06
-1.33511e-06
4.98487e-06
-1.69453e-06
5.16202e-06
-2.07817e-06
5.42803e-06
-2.43533e-06
5.72577e-06
-2.79341e-06
6.0788e-06
-3.15713e-06
6.4986e-06
-3.52199e-06
6.9742e-06
-3.88073e-06
7.49715e-06
-4.23224e-06
8.07119e-06
-4.57439e-06
8.69126e-06
-4.88993e-06
9.3404e-06
-5.17461e-06
1.00337e-05
-5.4287e-06
1.07674e-05
-5.65457e-06
1.15433e-05
-5.81774e-06
1.22944e-05
-5.93195e-06
1.30779e-05
-5.92568e-06
1.38481e-05
-5.84945e-06
1.46044e-05
1.5317e-05
-5.59157e-06
8.97591e-07
7.97559e-06
-9.11157e-09
4.05095e-06
-4.31279e-07
5.16807e-06
-7.3195e-07
5.10804e-06
-1.05081e-06
5.30373e-06
-1.35732e-06
5.46853e-06
-1.64712e-06
5.71788e-06
-1.9433e-06
6.02202e-06
-2.24319e-06
6.37877e-06
-2.53575e-06
6.7912e-06
-2.82156e-06
7.26002e-06
-3.11126e-06
7.78683e-06
-3.39016e-06
8.35007e-06
-3.6576e-06
8.9587e-06
-3.91639e-06
9.59919e-06
-4.1578e-06
1.02751e-05
-4.38715e-06
1.09968e-05
-4.55771e-06
1.17138e-05
-4.7085e-06
1.24451e-05
-4.79551e-06
1.31649e-05
-4.83169e-06
1.38843e-05
-4.7636e-06
1.45364e-05
1.5147e-05
-4.59359e-06
6.94571e-07
7.28101e-06
2.33935e-08
4.72213e-06
-2.72671e-07
5.46413e-06
-4.89139e-07
5.32451e-06
-7.17248e-07
5.53185e-06
-9.35493e-07
5.68681e-06
-1.13854e-06
5.92098e-06
-1.35215e-06
6.23569e-06
-1.56561e-06
6.59227e-06
-1.77144e-06
6.99705e-06
-1.97309e-06
7.4617e-06
-2.18037e-06
7.99418e-06
-2.38519e-06
8.55495e-06
-2.58606e-06
9.15959e-06
-2.77574e-06
9.78886e-06
-2.95483e-06
1.04541e-05
-3.12635e-06
1.11682e-05
-3.27123e-06
1.18587e-05
-3.40752e-06
1.25814e-05
-3.49385e-06
1.32512e-05
-3.54477e-06
1.39352e-05
-3.55033e-06
1.45419e-05
1.50828e-05
-3.48608e-06
4.46956e-07
6.83405e-06
4.43052e-08
5.12475e-06
-1.3029e-07
5.63873e-06
-2.52296e-07
5.44653e-06
-3.84018e-07
5.66359e-06
-4.95912e-07
5.79871e-06
-6.27236e-07
6.05231e-06
-7.31347e-07
6.33983e-06
-8.53966e-07
6.71495e-06
-9.82297e-07
7.12546e-06
-1.10138e-06
7.58086e-06
-1.20751e-06
8.10035e-06
-1.32732e-06
8.67477e-06
-1.45225e-06
9.2845e-06
-1.57214e-06
9.90872e-06
-1.6834e-06
1.05654e-05
-1.79744e-06
1.12823e-05
-1.89722e-06
1.19585e-05
-1.98774e-06
1.26719e-05
-2.0619e-06
1.33253e-05
-2.12395e-06
1.39973e-05
-2.16141e-06
1.45794e-05
1.50799e-05
-2.15857e-06
1.61129e-07
3.69081e-08
-2.00363e-08
-6.01935e-08
-9.58492e-08
-1.35367e-07
-1.64093e-07
-2.06483e-07
-2.32421e-07
-2.60564e-07
-3.01387e-07
-3.43785e-07
-3.76142e-07
-4.01739e-07
-4.38698e-07
-4.86748e-07
-5.08962e-07
-5.50153e-07
-5.74141e-07
-6.17061e-07
-6.29176e-07
-6.37329e-07
-6.25651e-07
9.81935e-05
1.25699e-05
9.04571e-05
7.7364e-06
8.74909e-05
2.96621e-06
-3.22204e-06
9.07129e-05
0.000114513
3.5018e-06
0.000122326
-7.69e-08
0.000128491
-3.19898e-06
-6.82144e-06
0.000132091
9.21508e-05
-2.59922e-06
9.66708e-05
-4.59693e-06
0.000100204
-6.73261e-06
-9.07687e-06
0.00010246
8.31429e-05
-4.19833e-06
8.37704e-05
-5.2244e-06
8.31979e-05
-6.16014e-06
-7.79328e-06
8.19143e-05
8.19301e-05
-1.05372e-05
8.45598e-05
-7.85403e-06
8.39395e-05
-5.53989e-06
-5.66854e-06
8.18148e-05
3.80073e-05
-1.96904e-05
3.85159e-05
-8.36262e-06
3.79514e-05
-4.97536e-06
-1.73578e-05
4.96407e-05
1.95149e-05
7.76505e-08
-9.94777e-06
2.10999e-05
-3.89315e-05
2.40082e-05
9.77298e-06
-6.60624e-05
6.76928e-05
-1.32352e-06
7.14278e-05
1.7365e-05
6.8318e-05
2.7118e-05
2.78518e-05
5.02392e-05
5.44808e-05
-1.84796e-05
7.56593e-05
-3.81359e-06
9.37728e-05
9.00444e-06
1.6126e-05
0.000105498
7.72245e-06
-2.67114e-05
2.20236e-05
-1.81148e-05
3.94196e-05
-8.39165e-06
2.39335e-07
5.53063e-05
-2.92665e-05
-2.87286e-05
-2.3989e-05
-2.33924e-05
-1.60817e-05
-1.6299e-05
-9.28267e-06
-6.55977e-06
-5.00367e-05
-2.82772e-05
-4.7724e-05
-2.57052e-05
-4.29523e-05
-2.10707e-05
-1.58878e-05
-3.63471e-05
-6.63067e-05
-2.37185e-05
-6.96993e-05
-2.23125e-05
-7.07664e-05
-2.00035e-05
-1.74945e-05
-6.91598e-05
-6.83799e-05
-1.74268e-05
-7.41724e-05
-1.652e-05
-7.8983e-05
-1.51929e-05
-1.35487e-05
-8.29287e-05
-6.20852e-05
-1.25744e-05
-6.69768e-05
-1.16284e-05
-7.17138e-05
-1.04558e-05
-9.0808e-06
-7.61817e-05
-5.67606e-05
-9.0676e-06
-6.02219e-05
-8.16707e-06
-6.36223e-05
-7.05532e-06
-5.72965e-06
-6.69734e-05
-5.27006e-05
-6.22089e-06
-5.54526e-05
-5.41509e-06
-5.809e-05
-4.41782e-06
-3.21326e-06
-6.06064e-05
-4.86625e-05
-3.88364e-06
-5.093e-05
-3.1475e-06
-5.30976e-05
-2.25021e-06
-1.16743e-06
-5.51434e-05
-4.49085e-05
-1.96507e-06
-4.67619e-05
-1.29408e-06
-4.85254e-05
-4.86682e-07
4.70196e-07
-5.01629e-05
-4.1427e-05
-3.77854e-07
-4.29498e-05
2.28757e-07
-4.43922e-05
9.55751e-07
1.81245e-06
-4.57344e-05
-3.82261e-05
9.42867e-07
-3.94996e-05
1.50231e-06
-4.07027e-05
2.15885e-06
2.91375e-06
-4.18039e-05
-3.53284e-05
2.06098e-06
-3.63966e-05
2.57045e-06
-3.74073e-05
3.1696e-06
3.84075e-06
-3.83343e-05
-3.27024e-05
3.02391e-06
-3.36298e-05
3.49788e-06
-3.45054e-05
4.04522e-06
4.64882e-06
-3.53135e-05
-3.03373e-05
3.87879e-06
-3.11651e-05
4.32568e-06
-3.19587e-05
4.8388e-06
5.39078e-06
-3.27007e-05
-2.81987e-05
4.66346e-06
-2.89702e-05
5.09718e-06
-2.97186e-05
5.58713e-06
6.10005e-06
-3.04279e-05
-2.62284e-05
5.40508e-06
-2.69674e-05
5.83616e-06
-2.76952e-05
6.3148e-06
6.79575e-06
-2.8391e-05
-2.43178e-05
6.12154e-06
-2.50414e-05
6.55971e-06
-2.57597e-05
7.033e-06
7.48813e-06
-2.64522e-05
-2.22713e-05
6.80812e-06
-2.29747e-05
7.26302e-06
-2.36772e-05
7.73544e-06
8.17059e-06
-2.43598e-05
-1.9879e-05
7.44474e-06
-2.0534e-05
7.91788e-06
-2.1194e-05
8.39529e-06
8.81947e-06
-2.18429e-05
-1.70367e-05
7.98033e-06
-1.75889e-05
8.46997e-06
-1.81484e-05
8.9547e-06
9.3804e-06
-1.87095e-05
-1.39249e-05
8.35089e-06
-1.43039e-05
8.84893e-06
-1.46869e-05
9.33751e-06
9.76488e-06
-1.50715e-05
-1.10474e-05
8.52e-06
-1.12065e-05
9.00787e-06
-1.13529e-05
9.48378e-06
9.9088e-06
-1.14969e-05
-8.93638e-06
8.50076e-06
-8.88826e-06
8.95965e-06
-8.79972e-06
9.39513e-06
9.79249e-06
-8.68349e-06
-7.76574e-06
8.35989e-06
-7.573e-06
8.76682e-06
-7.32106e-06
9.14313e-06
9.48597e-06
-7.01462e-06
-7.22853e-06
8.16363e-06
-6.96541e-06
8.50364e-06
-6.63146e-06
8.80912e-06
9.08923e-06
-6.23478e-06
-6.82238e-06
7.95252e-06
-6.5297e-06
8.21093e-06
-6.17429e-06
8.45366e-06
8.66724e-06
-5.75237e-06
-6.22146e-06
7.73959e-06
-5.94091e-06
7.93035e-06
-5.5881e-06
8.10082e-06
8.25683e-06
-5.17774e-06
-5.38787e-06
7.53589e-06
-5.1346e-06
7.67708e-06
-4.82569e-06
7.7919e-06
7.8923e-06
-4.4612e-06
-4.44645e-06
7.38879e-06
-4.25302e-06
7.48364e-06
-4.01979e-06
7.55864e-06
7.61623e-06
-3.74375e-06
-3.39291e-06
7.29562e-06
-3.27115e-06
7.36187e-06
-3.10892e-06
7.39639e-06
7.43619e-06
-2.9289e-06
-2.10859e-06
7.24563e-06
-2.03943e-06
7.29269e-06
-1.9689e-06
7.32585e-06
7.33797e-06
-1.87068e-06
-6.16732e-07
-6.06508e-07
-5.82282e-07
-5.34425e-07
7.19854e-05
-5.82579e-05
4.65567e-05
-9.53768e-05
3.20796e-06
-0.000138079
1.13456e-05
-0.000154063
-3.34825e-05
1.68392e-06
-8.70396e-05
0.000156089
-7.27118e-05
0.000362128
-2.26245e-05
0.000590466
-2.45968e-05
0.000716555
-4.9969e-06
0.000643933
0.000133361
0.000278839
0.000223371
-0.000106038
0.000254702
-0.000338577
0.000221757
-0.000355942
0.000186164
-0.000299147
0.000164895
-0.000250698
0.000183506
-0.000253732
1.99075e-05
-0.000246633
-0.000362439
0.000113491
-3.96585e-05
8.36474e-05
-6.55329e-05
4.77202e-05
-0.000102152
2.27569e-05
-0.000129099
1.87326e-05
5.7081e-06
-4.1353e-06
0.000178956
3.38636e-05
0.000324129
0.00016444
0.00045989
0.000348901
0.000532094
0.000515804
0.000477029
0.000569153
0.00022549
0.000528521
-6.54067e-05
0.000404707
-0.000214762
0.00029379
-0.000245025
0.000217621
-0.000222977
0.00016466
-0.000197737
0.000120394
-0.000209465
2.85217e-05
-0.000154761
-0.000333918
9.58465e-05
-3.3045e-05
7.46419e-05
-4.43283e-05
4.32998e-05
-7.081e-05
1.67209e-05
-0.000102521
6.28681e-05
-4.04389e-05
7.52755e-05
0.000166549
0.000116281
0.000283123
0.000225464
0.000350707
0.000378127
0.000379432
0.000518297
0.000336859
0.000558355
0.000185432
0.000481293
1.16561e-05
0.000366863
-0.000100332
0.000268701
-0.000146864
0.000195176
-0.000149452
0.000119413
-0.000121974
4.9371e-05
-0.000139423
2.69116e-05
-0.000132301
-0.000307006
7.5438e-05
-2.65687e-05
6.11428e-05
-3.0033e-05
2.8497e-05
-3.81643e-05
1.10804e-05
-8.51039e-05
7.00012e-05
-9.93596e-05
0.000116081
0.00012047
0.000168876
0.000230328
0.000244903
0.00027468
0.000327611
0.000296724
0.000405533
0.000258937
0.000428763
0.000162202
0.000385725
5.46941e-05
0.000311772
-2.63791e-05
0.000244608
-7.96991e-05
0.000179984
-8.48285e-05
9.22506e-05
-3.42405e-05
-8.00724e-06
-3.91652e-05
2.65118e-05
-0.00016682
-0.000280494
7.19351e-05
-1.66891e-05
5.67534e-05
-1.48513e-05
2.60835e-05
-7.49438e-06
-3.89838e-05
-2.00367e-05
-6.104e-05
-7.73033e-05
3.30422e-05
2.63878e-05
0.00018351
7.98607e-05
0.000269904
0.000188286
0.000304476
0.000262152
0.000335026
0.000228386
0.000345221
0.000152007
0.000323527
7.63879e-05
0.000272583
2.45644e-05
0.000236959
-4.40751e-05
0.000184804
-3.26728e-05
0.000115161
3.54028e-05
6.04399e-05
1.55554e-05
3.27376e-05
-0.000139118
-0.000247757
6.96709e-05
-3.67194e-05
6.63048e-05
-1.14851e-05
5.17626e-05
7.04787e-06
3.50688e-06
2.8219e-05
-9.89383e-05
2.51418e-05
-7.87956e-05
6.24517e-06
5.79487e-05
-5.68837e-05
0.000175908
7.03266e-05
0.000241565
0.000196495
0.000263232
0.000206719
0.000268924
0.000146316
0.00024872
9.6592e-05
0.000176035
9.72492e-05
0.000155702
-2.37414e-05
9.41967e-05
2.88322e-05
5.53413e-05
7.42581e-05
6.30085e-05
7.88805e-06
4.08e-05
-0.000116909
-0.000206957
-4.57475e-06
-9.8207e-05
5.2259e-05
-6.83188e-05
6.92855e-05
-9.97862e-06
6.61055e-05
3.13989e-05
4.08008e-05
5.04466e-05
-8.33815e-06
5.53842e-05
-0.000116597
5.13754e-05
-9.83179e-05
5.20471e-05
2.81685e-05
7.00079e-05
0.000124014
0.000110873
0.000146476
0.000123854
0.000128711
0.000114357
0.000121429
0.000104532
3.49147e-05
6.27725e-05
1.59179e-05
4.78291e-05
5.45194e-05
3.56565e-05
7.27117e-05
-1.03044e-05
5.0438e-05
-9.46355e-05
-0.000156519
-2.74288e-05
-2.0539e-05
-3.41799e-05
-6.15678e-05
3.23359e-05
-7.64944e-05
7.53583e-05
-1.16235e-05
9.33901e-05
3.24147e-05
9.09873e-05
5.77871e-05
7.41284e-05
6.82343e-05
5.24085e-05
7.37668e-05
3.94989e-05
8.29177e-05
5.22892e-05
9.80829e-05
7.3321e-05
0.000102823
9.35095e-05
9.41679e-05
0.000117236
8.0805e-05
0.000122056
5.79531e-05
0.000128168
4.1717e-05
0.000134294
2.95305e-05
0.000117512
6.47685e-06
6.93349e-05
-4.64579e-05
-8.71838e-05
4.80301e-05
3.69291e-05
-3.00201e-06
-1.05358e-05
-5.06068e-05
-2.88897e-05
8.02019e-06
-7.02505e-05
7.83466e-05
-3.79117e-05
0.000110482
2.56521e-05
0.000126801
5.19147e-05
0.000132347
6.82209e-05
0.000134441
8.08239e-05
0.000141772
9.07515e-05
0.000154788
8.98068e-05
0.000170034
7.89216e-05
0.000186519
6.43207e-05
0.000195957
4.85151e-05
0.000197283
4.03909e-05
0.000185817
4.09965e-05
0.000150505
4.17882e-05
8.4027e-05
2.00203e-05
-3.15676e-06
7.51843e-05
1.70509e-05
6.44622e-05
1.86213e-07
4.02029e-05
-4.63046e-06
1.96768e-05
-4.97244e-05
2.53229e-05
-4.35577e-05
5.64674e-05
-5.49233e-06
0.000112638
-4.2555e-06
0.00014247
3.83887e-05
0.000159798
6.3496e-05
0.000172959
7.75904e-05
0.000187092
7.56739e-05
0.000199172
6.68416e-05
0.00020988
5.36121e-05
0.000220475
3.79201e-05
0.000223061
3.7805e-05
0.000200422
6.36361e-05
0.000147149
9.5061e-05
7.93201e-05
8.78492e-05
7.61633e-05
1.63734e-05
-5.8823e-06
2.89478e-05
-1.23883e-05
4.06411e-05
-1.63237e-05
2.32898e-05
-3.23731e-05
9.80855e-06
-3.00764e-05
1.91383e-05
-1.48221e-05
4.73776e-05
-3.24948e-05
9.21828e-05
-6.41651e-06
0.000126384
2.92947e-05
0.000160092
4.38826e-05
0.000187351
4.84152e-05
0.000193221
6.09717e-05
0.000160543
8.62898e-05
0.000102451
9.60119e-05
8.93295e-05
5.09266e-05
8.20034e-05
7.09621e-05
6.63973e-05
0.000110667
3.963e-05
0.000114617
0.000115793
-1.55154e-05
-2.6714e-05
-4.61074e-06
-2.3293e-05
-3.4686e-06
-1.74658e-05
-1.85193e-05
-1.73224e-05
-4.01676e-05
-8.428e-06
-5.12932e-05
-3.69652e-06
-7.08278e-05
-1.29602e-05
-7.19494e-05
-5.29481e-06
-7.16946e-05
2.90399e-05
-0.000104308
7.64962e-05
-0.00018271
0.000126817
-0.000279345
0.000157606
-0.000342087
0.000149032
-0.000276425
3.035e-05
-0.00016088
-6.4619e-05
-6.5862e-05
-2.40555e-05
-5.21642e-06
5.00214e-05
3.88085e-06
0.000105519
0.000119674
-6.29023e-05
-3.29715e-05
-6.47329e-05
-2.14623e-05
-7.29773e-05
-9.22136e-06
-9.1008e-05
7.08391e-07
-0.000105728
6.29215e-06
-0.000113058
3.63384e-06
-0.000123284
-2.73495e-06
-0.000136749
8.17051e-06
-0.000162722
5.50133e-05
-0.000221438
0.000135212
-0.000294571
0.00019995
-0.000329274
0.000192309
-0.000243928
6.36872e-05
-0.000127132
-8.64466e-05
-9.87714e-05
-9.29796e-05
-7.30728e-05
-4.97541e-05
-3.46188e-05
1.15675e-05
-1.17019e-05
8.26024e-05
0.000107972
-9.1171e-05
-2.47292e-05
-9.923e-05
-1.34031e-05
-0.000106614
-1.83778e-06
-0.000112014
6.10863e-06
-0.000115783
1.00614e-05
-0.000120536
8.38731e-06
-0.000130835
7.56392e-06
-0.00014751
2.48449e-05
-0.000175694
8.3198e-05
-0.000221523
0.000181041
-0.000265855
0.000244282
-0.000256497
0.000182951
-0.000216943
2.4133e-05
-0.000139238
-0.000164152
-9.98109e-05
-0.000132406
-7.35713e-05
-7.59937e-05
-3.96601e-05
-2.23438e-05
-1.01031e-05
5.30454e-05
9.78691e-05
-8.59883e-05
-1.49225e-05
-9.39761e-05
-5.41522e-06
-9.93603e-05
3.54655e-06
-0.000103138
9.88607e-06
-0.00010538
1.23036e-05
-0.000109626
1.26335e-05
-0.000118712
1.66502e-05
-0.000130721
3.68539e-05
-0.000140917
9.33942e-05
-0.000146301
0.000186425
-0.000146068
0.000244049
-0.000131146
0.000168028
-0.000128763
2.17508e-05
-0.00015465
-0.000138266
-0.00011589
-0.000171165
-7.40443e-05
-0.00011784
-3.01221e-05
-6.62661e-05
-2.32587e-06
2.52492e-05
9.55433e-05
-7.44231e-05
-7.47273e-06
-8.10101e-05
1.17187e-06
-8.61315e-05
8.668e-06
-8.94472e-05
1.32019e-05
-9.18788e-05
1.47353e-05
-9.50485e-05
1.58032e-05
-0.000100133
2.17346e-05
-0.000104265
4.09865e-05
-9.74119e-05
8.65407e-05
-7.2016e-05
0.00016103
-4.47424e-05
0.000216775
-3.55346e-05
0.000158821
-6.93895e-05
5.56057e-05
-9.75101e-05
-0.000110145
-9.20665e-05
-0.000176609
-5.94113e-05
-0.000150495
-1.76747e-05
-0.000108003
8.11849e-07
6.76263e-06
9.63551e-05
-6.60084e-05
-2.07058e-06
-7.06982e-05
5.86173e-06
-7.47253e-05
1.26952e-05
-7.77028e-05
1.61794e-05
-7.94491e-05
1.64817e-05
-8.02659e-05
1.662e-05
-8.05646e-05
2.20335e-05
-7.84327e-05
3.88547e-05
-6.49081e-05
7.30161e-05
-2.99429e-05
0.000126064
1.03177e-05
0.000176515
3.85703e-06
0.000165281
-1.87084e-05
7.81711e-05
-2.47853e-05
-0.000104068
-2.68789e-05
-0.000174515
-2.01341e-05
-0.00015724
-7.1651e-06
-0.000120972
-1.51628e-06
1.11381e-06
9.48388e-05
-5.93454e-05
2.13151e-06
-6.28497e-05
9.36621e-06
-6.56045e-05
1.545e-05
-6.74474e-05
1.80225e-05
-6.78118e-05
1.68461e-05
-6.62596e-05
1.50679e-05
-6.26596e-05
1.84336e-05
-5.62646e-05
3.24597e-05
-4.22606e-05
5.90122e-05
-1.18362e-05
9.564e-05
3.17511e-05
0.000132928
4.94177e-05
0.000147615
4.79294e-05
7.96595e-05
1.89246e-05
-7.50633e-05
4.7714e-07
-0.000156068
-1.21306e-05
-0.000144632
-1.45852e-05
-0.000118517
-1.15508e-05
-1.9206e-06
8.3288e-05
-5.34921e-05
5.46077e-06
-5.60022e-05
1.18764e-05
-5.76943e-05
1.71422e-05
-5.84084e-05
1.87366e-05
-5.75578e-05
1.59956e-05
-5.43737e-05
1.1884e-05
-4.85017e-05
1.25616e-05
-3.98393e-05
2.37974e-05
-2.68448e-05
4.60177e-05
-4.69845e-06
7.34937e-05
3.03938e-05
9.78354e-05
5.93611e-05
0.000118647
5.79236e-05
8.10971e-05
1.35552e-05
-3.06948e-05
-1.37881e-05
-0.000128725
-1.80002e-05
-0.00014042
-2.73665e-05
-0.000109151
-1.93197e-05
-9.96743e-06
6.39683e-05
-4.83361e-05
8.06256e-06
-5.00349e-05
1.35753e-05
-5.08522e-05
1.79597e-05
-5.07095e-05
1.85939e-05
-4.90266e-05
1.43128e-05
-4.49977e-05
7.85503e-06
-3.8509e-05
6.07285e-06
-3.00525e-05
1.53409e-05
-1.97062e-05
3.56715e-05
-6.55599e-06
6.03434e-05
1.06244e-05
8.0655e-05
3.18564e-05
9.74155e-05
2.84729e-05
8.44807e-05
-8.27597e-06
6.05418e-06
-2.2362e-05
-0.000114639
-2.22579e-05
-0.000140524
-4.17558e-05
-8.96529e-05
-3.48696e-05
-1.68536e-05
2.90988e-05
-4.38476e-05
1.01063e-05
-4.49872e-05
1.4715e-05
-4.52098e-05
1.81823e-05
-4.45096e-05
1.78938e-05
-4.236e-05
1.21633e-05
-3.81326e-05
3.62767e-06
-3.21539e-05
9.41584e-08
-2.55442e-05
8.73113e-06
-1.92698e-05
2.93972e-05
-1.39687e-05
5.50422e-05
-1.13543e-05
7.80406e-05
-8.42628e-06
9.44875e-05
-1.47257e-05
9.07802e-05
-3.70382e-05
2.83668e-05
-4.25781e-05
-0.000109099
-3.67656e-05
-0.000146336
-4.95576e-05
-7.68609e-05
-3.46601e-05
-3.17512e-05
-5.5613e-06
-4.00163e-05
1.17884e-05
-4.08379e-05
1.55365e-05
-4.0784e-05
1.81284e-05
-3.98709e-05
1.69807e-05
-3.77021e-05
9.9944e-06
-3.3908e-05
-1.66379e-07
-2.91127e-05
-4.70108e-06
-2.48767e-05
4.49496e-06
-2.23316e-05
2.68521e-05
-2.29011e-05
5.56117e-05
-3.03114e-05
8.54509e-05
-4.74517e-05
0.000111628
-7.34086e-05
0.000116737
-8.37243e-05
3.86826e-05
-7.91672e-05
-0.000113656
-6.04681e-05
-0.000165036
-5.26448e-05
-8.46842e-05
-3.27675e-05
-5.16285e-05
-3.83288e-05
-3.67862e-05
1.3261e-05
-3.75026e-05
1.62529e-05
-3.74222e-05
1.8048e-05
-3.66123e-05
1.61708e-05
-3.4832e-05
8.21408e-06
-3.1901e-05
-3.09759e-06
-2.867e-05
-7.93202e-06
-2.6508e-05
2.33293e-06
-2.6415e-05
2.6759e-05
-3.07449e-05
5.99416e-05
-4.41494e-05
9.88555e-05
-6.77589e-05
0.000135237
-8.71838e-05
0.000136162
-9.34515e-05
4.49504e-05
-9.58669e-05
-0.00011124
-7.86684e-05
-0.000182234
-5.43508e-05
-0.000109002
-3.98457e-05
-6.61336e-05
-7.81745e-05
-3.40996e-05
1.46598e-05
-3.48178e-05
1.6971e-05
-3.48665e-05
1.80965e-05
-3.43766e-05
1.56807e-05
-3.3154e-05
6.99148e-06
-3.12887e-05
-4.96302e-06
-2.9626e-05
-9.59473e-06
-2.86621e-05
1.36906e-06
-2.9531e-05
2.76278e-05
-3.58807e-05
6.62913e-05
-5.2769e-05
0.000115744
-7.86871e-05
0.000161156
-0.000102438
0.000159913
-0.000119818
6.23312e-05
-9.06977e-05
-0.000140361
-7.05474e-05
-0.000202384
-3.37105e-05
-0.000145839
-8.42499e-06
-9.14191e-05
-8.65995e-05
-3.17931e-05
1.60249e-05
-3.25924e-05
1.77701e-05
-3.29205e-05
1.84245e-05
-3.28909e-05
1.5651e-05
-3.23276e-05
6.42809e-06
-3.15046e-05
-5.78618e-06
-3.08792e-05
-1.02202e-05
-3.01793e-05
6.69144e-07
-3.10023e-05
2.84508e-05
-3.91499e-05
7.44389e-05
-5.90543e-05
0.000135648
-8.68444e-05
0.000188946
-0.000117223
0.000190292
-0.000140308
8.54161e-05
-0.000148957
-0.000131711
-9.15895e-05
-0.000259752
-4.31168e-05
-0.000194311
9.44787e-07
-0.000135481
-8.56547e-05
-2.9771e-05
1.74048e-05
-3.0752e-05
1.8751e-05
-3.15024e-05
1.91746e-05
-3.21067e-05
1.62552e-05
-3.23297e-05
6.65096e-06
-3.23684e-05
-5.74765e-06
-3.25458e-05
-1.00427e-05
-3.2672e-05
7.95232e-07
-3.46961e-05
3.04749e-05
-4.51872e-05
8.493e-05
-6.70404e-05
0.000157501
-9.34543e-05
0.00021536
-0.000112772
0.000209609
-0.000117717
9.03616e-05
-0.00012622
-0.000123208
-0.000122906
-0.000263067
-7.42354e-05
-0.000242981
-2.01885e-05
-0.000189528
-0.000105843
-2.79202e-05
1.88727e-05
-2.91853e-05
2.00159e-05
-3.05243e-05
2.05134e-05
-3.19767e-05
1.77074e-05
-3.28919e-05
7.56611e-06
-3.33077e-05
-5.33196e-06
-3.46018e-05
-8.74863e-06
-3.80437e-05
4.23713e-06
-4.30225e-05
3.54536e-05
-5.37308e-05
9.56383e-05
-7.01805e-05
0.000173951
-8.27789e-05
0.000227958
-7.97247e-05
0.000206555
-6.84347e-05
7.90717e-05
-7.38618e-05
-0.000117781
-9.01589e-05
-0.00024677
-8.98414e-05
-0.000243299
-3.87244e-05
-0.000240645
-0.000144568
-2.58851e-05
2.03977e-05
-2.74156e-05
2.15462e-05
-2.9313e-05
2.24107e-05
-3.17235e-05
2.01178e-05
-3.33827e-05
9.22519e-06
-3.36251e-05
-5.08969e-06
-3.59117e-05
-6.46203e-06
-4.31676e-05
1.1493e-05
-5.18886e-05
4.41747e-05
-5.9468e-05
0.000103218
-6.47038e-05
0.000179187
-6.0549e-05
0.000223803
-4.29182e-05
0.000188924
-2.48319e-05
6.09855e-05
-2.68122e-05
-0.000115801
-4.245e-05
-0.000231132
-4.31507e-05
-0.000242598
-3.64254e-05
-0.00024737
-0.000180993
-2.33787e-05
2.19333e-05
-2.50841e-05
2.32514e-05
-2.72564e-05
2.45829e-05
-3.0403e-05
2.32643e-05
-3.30682e-05
1.18903e-05
-3.33028e-05
-4.85518e-06
-3.53775e-05
-4.38732e-06
-4.40391e-05
2.01545e-05
-5.61746e-05
5.63102e-05
-6.04173e-05
0.00010746
-5.35193e-05
0.000172289
-3.52357e-05
0.00020552
-8.27658e-06
0.000161965
1.93254e-05
3.33836e-05
2.58177e-05
-0.000122293
2.46714e-05
-0.000229986
3.60545e-05
-0.000253981
3.69841e-06
-0.000215014
-0.000177295
-2.01049e-05
2.33285e-05
-2.17478e-05
2.48942e-05
-2.3771e-05
2.66059e-05
-2.71811e-05
2.66743e-05
-3.15957e-05
1.63048e-05
-3.43066e-05
-2.14426e-06
-3.64034e-05
-2.29054e-06
-4.35227e-05
2.72738e-05
-5.49112e-05
6.76987e-05
-5.727e-05
0.000109819
-4.13627e-05
0.000156382
-1.22415e-05
0.000176399
2.17409e-05
0.000127983
4.86769e-05
6.44765e-06
5.21838e-05
-0.0001258
4.43936e-05
-0.000222195
6.16342e-05
-0.000271222
3.25261e-05
-0.000185906
-0.000144768
-1.60558e-05
2.43127e-05
-1.7378e-05
2.62162e-05
-1.90457e-05
2.82736e-05
-2.2517e-05
3.01456e-05
-3.03996e-05
2.41874e-05
-4.01381e-05
7.59422e-06
-4.55114e-05
3.08268e-06
-4.68308e-05
2.85932e-05
-5.12633e-05
7.21312e-05
-5.20344e-05
0.00011059
-3.44274e-05
0.000138775
-1.53949e-06
0.000143511
3.22282e-05
9.42155e-05
5.60401e-05
-1.73643e-05
5.98603e-05
-0.00012962
6.00439e-05
-0.000222379
9.11001e-05
-0.000302278
4.79761e-05
-0.000142782
-9.67924e-05
-1.18619e-05
2.46776e-05
-1.24735e-05
2.68277e-05
-1.3435e-05
2.9235e-05
-1.57783e-05
3.24889e-05
-2.38248e-05
3.22339e-05
-3.91926e-05
2.2962e-05
-5.08729e-05
1.47629e-05
-5.05746e-05
2.8295e-05
-4.67111e-05
6.82678e-05
-4.43737e-05
0.000108253
-3.1326e-05
0.000125727
-1.25044e-06
0.000113435
3.47072e-05
5.82578e-05
5.11099e-05
-3.37671e-05
5.05e-05
-0.00012901
3.47964e-05
-0.000206675
4.91807e-05
-0.000316663
4.68761e-05
-0.000140477
-4.99163e-05
-8.33897e-06
2.4333e-05
-8.01367e-06
2.65024e-05
-7.89176e-06
2.9113e-05
-8.13938e-06
3.27364e-05
-1.19275e-05
3.6022e-05
-2.46401e-05
3.56746e-05
-4.21243e-05
3.22472e-05
-5.07127e-05
3.68835e-05
-4.56431e-05
6.31982e-05
-3.78139e-05
0.000100424
-2.45229e-05
0.000112436
6.25878e-06
8.26535e-05
4.2243e-05
2.22736e-05
5.9888e-05
-5.14122e-05
7.3859e-05
-0.000142981
6.36437e-05
-0.00019646
-4.74383e-06
-0.000248275
3.98615e-05
-0.000185083
-1.00547e-05
-6.10821e-06
2.34266e-05
-4.96106e-06
2.53551e-05
-3.72509e-06
2.7877e-05
-1.93197e-06
3.09433e-05
-8.49035e-07
3.4939e-05
-5.12671e-06
3.99523e-05
-1.45756e-05
4.1696e-05
-2.50303e-05
4.73382e-05
-2.69865e-05
6.51544e-05
-1.53283e-05
8.87657e-05
1.0447e-05
8.6661e-05
4.458e-05
4.85204e-05
7.14278e-05
-4.57426e-06
9.75609e-05
-7.75454e-05
0.00013324
-0.000178661
0.00013689
-0.000200111
6.05698e-05
-0.000171954
3.34634e-05
-0.000157976
2.34086e-05
-5.03423e-06
2.2226e-05
-3.42291e-06
2.37437e-05
-1.39632e-06
2.58504e-05
1.59634e-06
2.79506e-05
5.54115e-06
3.09942e-05
8.96672e-06
3.65267e-05
1.17907e-05
3.88721e-05
1.48179e-05
4.4311e-05
2.0431e-05
5.95414e-05
3.68929e-05
7.23039e-05
6.32874e-05
6.02665e-05
8.6528e-05
2.52797e-05
0.000109037
-2.70832e-05
0.000143865
-0.000112373
0.000160847
-0.000195643
0.000152007
-0.00019127
0.000121187
-0.000141135
3.62432e-05
-7.30321e-05
5.96519e-05
-4.4796e-06
2.09532e-05
-2.75871e-06
2.20228e-05
-3.8898e-07
2.34807e-05
2.91961e-06
2.4642e-05
7.64605e-06
2.62678e-05
1.47521e-05
2.94207e-05
2.47404e-05
2.88839e-05
3.79203e-05
3.11312e-05
5.52674e-05
4.21943e-05
7.79716e-05
4.95996e-05
0.000100446
3.77918e-05
0.000119496
6.23046e-06
0.000138635
-4.62227e-05
0.000165965
-0.000139703
0.000162873
-0.000192552
0.000144548
-0.000172945
0.000114151
-0.000110738
3.01514e-05
1.09678e-05
8.98033e-05
-3.95253e-06
1.9728e-05
-2.30429e-06
2.03745e-05
3.27763e-08
2.11436e-05
3.28617e-06
2.13886e-05
7.79581e-06
2.17582e-05
1.51837e-05
2.20329e-05
2.56259e-05
1.84418e-05
3.91845e-05
1.75726e-05
5.78801e-05
2.34988e-05
8.20204e-05
2.54593e-05
0.000107561
1.22512e-05
0.000135096
-2.13048e-05
0.000159455
-7.05814e-05
0.000171902
-0.00015215
0.000150815
-0.000171465
0.000128557
-0.000150687
9.69216e-05
-7.91022e-05
2.41774e-05
8.37119e-05
0.000113981
-3.42712e-06
1.86939e-05
-1.96156e-06
1.89089e-05
1.63377e-07
1.90186e-05
3.09717e-06
1.84548e-05
7.33042e-06
1.7525e-05
1.33814e-05
1.5982e-05
2.15255e-05
1.02977e-05
3.30926e-05
6.00566e-06
4.93734e-05
7.218e-06
7.30875e-05
1.74532e-06
0.000105322
-1.99836e-05
0.000140031
-5.60131e-05
0.000167313
-9.78634e-05
0.000161727
-0.000146564
0.000130653
-0.000140391
0.000101562
-0.000121597
6.93072e-05
-4.68472e-05
1.96581e-05
0.000133361
0.000133639
-2.9153e-06
1.78654e-05
-1.77224e-06
1.77658e-05
-3.38087e-08
1.72802e-05
2.35199e-06
1.60691e-05
5.99936e-06
1.38777e-05
1.08989e-05
1.10825e-05
1.70949e-05
4.10177e-06
2.64618e-05
-3.36116e-06
4.10637e-05
-7.38385e-06
6.43221e-05
-2.15131e-05
9.45875e-05
-5.0249e-05
0.000124985
-8.64106e-05
0.000146247
-0.000119126
0.000144524
-0.000144841
0.000118502
-0.000114369
8.36212e-05
-8.67154e-05
4.68333e-05
-1.00594e-05
1.60697e-05
0.000164125
0.000149708
-2.40819e-06
1.73447e-05
-1.62885e-06
1.69864e-05
-4.11699e-07
1.60631e-05
1.33936e-06
1.43181e-05
3.94926e-06
1.12678e-05
7.93074e-06
7.10108e-06
1.27354e-05
-7.02853e-07
1.96782e-05
-1.03039e-05
3.21656e-05
-1.98713e-05
5.0694e-05
-4.00414e-05
7.20224e-05
-7.15775e-05
9.16904e-05
-0.000106079
0.000109345
-0.000136781
0.000123424
-0.00015892
0.000111947
-0.000102891
7.71084e-05
-5.18771e-05
4.35282e-05
2.35207e-05
1.79002e-05
0.000189753
0.000167609
-1.59227e-06
1.70663e-05
-1.15275e-06
1.65469e-05
-4.15471e-07
1.53259e-05
7.34082e-07
1.31685e-05
2.46344e-06
9.53851e-06
5.24502e-06
4.3195e-06
8.60947e-06
-4.06727e-06
1.33704e-05
-1.50649e-05
2.14956e-05
-2.79965e-05
3.15943e-05
-5.01401e-05
4.2186e-05
-8.21691e-05
5.37377e-05
-0.00011763
6.77631e-05
-0.000150806
8.93822e-05
-0.00018054
9.74983e-05
-0.000111008
7.91553e-05
-3.35341e-05
5.48416e-05
4.78344e-05
2.97002e-05
0.000214894
0.000197309
-4.35848e-07
-2.48496e-07
7.17835e-08
5.63339e-07
1.29813e-06
2.4139e-06
3.72833e-06
5.53489e-06
8.25695e-06
1.11004e-05
1.34109e-05
1.63364e-05
2.1851e-05
3.71866e-05
5.63554e-05
6.48969e-05
4.56972e-05
2.47943e-05
)
;

boundaryField
{
    leftWall
    {
        type            calculated;
        value           uniform 0;
    }
    rightWall
    {
        type            calculated;
        value           uniform 0;
    }
    lowerWall
    {
        type            calculated;
        value           uniform 0;
    }
    atmosphere
    {
        type            calculated;
        value           nonuniform List<scalar> 
46
(
6.6729e-06
5.24899e-06
5.6957e-06
5.4867e-06
5.69923e-06
5.83821e-06
6.08103e-06
6.38224e-06
6.7409e-06
7.1536e-06
7.62169e-06
8.14278e-06
8.70717e-06
9.31011e-06
9.94567e-06
1.06134e-05
1.13045e-05
1.19996e-05
1.26959e-05
1.33683e-05
1.40094e-05
1.45876e-05
1.50683e-05
7.2367e-06
7.28245e-06
7.30162e-06
7.2901e-06
1.69677e-05
1.63596e-05
1.50056e-05
1.2677e-05
8.80376e-06
3.20373e-06
-5.38165e-06
-1.68714e-05
-3.07186e-05
-5.29836e-05
-8.44796e-05
-0.000120556
-0.000156321
-0.000195875
-0.000130176
-4.20756e-05
6.7034e-05
0.000235797
0.000222103
)
;
    }
    defaultFaces
    {
        type            empty;
    }
}


// ************************************************************************* //
