/*--------------------------------*- C++ -*----------------------------------*\
  =========                 |
  \\      /  F ield         | OpenFOAM: The Open Source CFD Toolbox
   \\    /   O peration     | Website:  https://openfoam.org
    \\  /    A nd           | Version:  13
     \\/     M anipulation  |
\*---------------------------------------------------------------------------*/
FoamFile
{
    format      ascii;
    class       volVectorField;
    location    "0.5";
    object      U;
}
// * * * * * * * * * * * * * * * * * * * * * * * * * * * * * * * * * * * * * //

dimensions      [0 1 -1 0 0 0 0];

internalField   nonuniform List<vector> 
2268
(
(-0.0316564 0.0103725 0)
(-0.0611098 0.00469646 0)
(-0.0556304 -0.00528201 0)
(-0.0165271 -0.011353 0)
(0.0407027 -0.0147484 0)
(0.104683 -0.0150667 0)
(0.165145 -0.0129329 0)
(0.214262 -0.00964316 0)
(0.248808 -0.00634847 0)
(0.269897 -0.00358419 0)
(0.280393 -0.00142281 0)
(0.283199 0.000562173 0)
(0.278461 0.0025405 0)
(0.266704 0.00495412 0)
(0.24649 0.00845217 0)
(0.214373 0.0136397 0)
(0.163755 0.0204195 0)
(0.0909286 0.0256231 0)
(-0.00736209 0.0156295 0)
(-0.0521249 0.00940677 0)
(-0.166462 0.0260628 0)
(-0.234281 0.000942206 0)
(-0.0842487 -0.0548579 0)
(-0.0411568 0.031315 0)
(-0.0585142 0.0105673 0)
(-0.0506383 -0.0167676 0)
(-0.0107235 -0.0345548 0)
(0.0459013 -0.0444643 0)
(0.109126 -0.0453462 0)
(0.168657 -0.0389479 0)
(0.216663 -0.0291387 0)
(0.250237 -0.0193633 0)
(0.270846 -0.0112225 0)
(0.281636 -0.00491417 0)
(0.285202 0.000144925 0)
(0.285052 0.00451072 0)
(0.282406 0.00901094 0)
(0.278249 0.0149151 0)
(0.272614 0.0239408 0)
(0.26089 0.0375215 0)
(0.232706 0.0553388 0)
(0.153609 0.0612683 0)
(0.0566998 0.0603751 0)
(-0.126016 0.0542759 0)
(-0.148131 -0.0131981 0)
(-0.0288065 -0.126413 0)
(-0.0367052 0.0515978 0)
(-0.0484557 0.0141703 0)
(-0.0399718 -0.0286483 0)
(-0.00187271 -0.0569255 0)
(0.0516457 -0.0731305 0)
(0.112811 -0.0747046 0)
(0.170607 -0.0639599 0)
(0.216441 -0.0475721 0)
(0.247739 -0.0314745 0)
(0.266705 -0.0182767 0)
(0.276801 -0.00820401 0)
(0.280683 -0.000690278 0)
(0.279979 0.00518295 0)
(0.275771 0.0104294 0)
(0.26899 0.0164345 0)
(0.261301 0.0254629 0)
(0.255387 0.0406437 0)
(0.256367 0.066234 0)
(0.240587 0.0932309 0)
(0.191929 0.11666 0)
(0.0626606 0.108242 0)
(-0.0332912 -0.0183909 0)
(0.0338533 -0.150601 0)
(-0.029323 0.0681179 0)
(-0.0345139 0.016361 0)
(-0.0243118 -0.04004 0)
(0.00869127 -0.0767878 0)
(0.0568507 -0.099886 0)
(0.114919 -0.103077 0)
(0.17074 -0.0880367 0)
(0.21433 -0.0648155 0)
(0.243225 -0.0425239 0)
(0.260475 -0.0247849 0)
(0.270028 -0.0115394 0)
(0.274514 -0.00163317 0)
(0.27528 0.00616691 0)
(0.272989 0.0130887 0)
(0.267988 0.0204094 0)
(0.260762 0.029741 0)
(0.2525 0.0431957 0)
(0.249923 0.0657961 0)
(0.257958 0.0993671 0)
(0.266521 0.141392 0)
(0.222828 0.153145 0)
(0.146759 0.0188558 0)
(0.101555 -0.111541 0)
(-0.0207474 0.078792 0)
(-0.0143928 0.0154178 0)
(-0.00238931 -0.0497723 0)
(0.0260165 -0.0940627 0)
(0.0686173 -0.124659 0)
(0.120866 -0.130293 0)
(0.171559 -0.111145 0)
(0.210893 -0.0809891 0)
(0.236662 -0.0525418 0)
(0.252365 -0.0306069 0)
(0.261929 -0.0147398 0)
(0.267584 -0.0030858 0)
(0.270277 0.00607012 0)
(0.270417 0.0142696 0)
(0.268241 0.0228092 0)
(0.264075 0.0330399 0)
(0.25861 0.0462557 0)
(0.253879 0.0649902 0)
(0.257335 0.0925249 0)
(0.2824 0.135565 0)
(0.300276 0.163478 0)
(0.249002 0.0738269 0)
(0.153655 -0.0452677 0)
(-0.0107004 0.0829375 0)
(0.0140708 0.0109435 0)
(0.0315189 -0.0600236 0)
(0.0636716 -0.110502 0)
(0.103091 -0.146702 0)
(0.143432 -0.153792 0)
(0.181063 -0.130781 0)
(0.210611 -0.0949887 0)
(0.230336 -0.0618755 0)
(0.243457 -0.0366739 0)
(0.253148 -0.0185387 0)
(0.26059 -0.0052289 0)
(0.265881 0.00506507 0)
(0.268834 0.0142669 0)
(0.269409 0.0236702 0)
(0.267961 0.0345899 0)
(0.265603 0.0480701 0)
(0.263898 0.065534 0)
(0.264026 0.0869784 0)
(0.278072 0.119809 0)
(0.314204 0.154508 0)
(0.288056 0.11583 0)
(0.181613 0.0556849 0)
(0.00240824 0.0760424 0)
(0.0488203 -0.00424708 0)
(0.0857837 -0.0749601 0)
(0.134872 -0.125863 0)
(0.170941 -0.16247 0)
(0.189398 -0.168403 0)
(0.204388 -0.142087 0)
(0.218795 -0.102828 0)
(0.22977 -0.0679731 0)
(0.238492 -0.0423116 0)
(0.246824 -0.0238442 0)
(0.254914 -0.00953007 0)
(0.26225 0.00290565 0)
(0.268096 0.0131782 0)
(0.271695 0.023576 0)
(0.273 0.0347082 0)
(0.273039 0.0476617 0)
(0.273872 0.0644694 0)
(0.276193 0.084391 0)
(0.280365 0.109135 0)
(0.307153 0.145293 0)
(0.300763 0.150082 0)
(0.215878 0.156219 0)
(0.0164586 0.0585427 0)
(0.0858518 -0.0247298 0)
(0.163412 -0.0951553 0)
(0.235475 -0.143586 0)
(0.258162 -0.171285 0)
(0.244008 -0.171684 0)
(0.232478 -0.144366 0)
(0.232791 -0.104091 0)
(0.237374 -0.068301 0)
(0.243388 -0.0429602 0)
(0.250422 -0.0259501 0)
(0.257783 -0.0134355 0)
(0.263998 -0.00235287 0)
(0.269327 0.00925209 0)
(0.274035 0.0222827 0)
(0.277355 0.036009 0)
(0.280276 0.0495636 0)
(0.283816 0.0649149 0)
(0.289312 0.083264 0)
(0.293788 0.103558 0)
(0.306664 0.138959 0)
(0.315271 0.182516 0)
(0.209904 0.311747 0)
(0.47657 -0.347706 0)
(1.59908 -0.218521 0)
(2.26038 -0.0226958 0)
(2.30476 0.055619 0)
(2.156 0.187174 0)
(1.46992 0.273139 0)
(0.518772 0.251081 0)
(-0.18613 -0.0949102 0)
(0.35469 -0.185274 0)
(0.66215 -0.0199213 0)
(0.0519314 0.23081 0)
(-2.07179 0.525679 0)
(-4.09207 0.326331 0)
(-4.88768 -0.102253 0)
(-4.42418 -0.288001 0)
(-3.59093 -0.300906 0)
(-2.59024 -0.298687 0)
(-1.33138 -0.408475 0)
(-0.301038 -0.313445 0)
(0.135612 -0.6994 0)
(0.715014 -0.546253 0)
(1.19466 -0.138734 0)
(1.14963 -0.0684125 0)
(1.52497 0.027281 0)
(1.98498 0.363446 0)
(1.53424 0.567636 0)
(0.477475 0.142464 0)
(0.470062 -0.346168 0)
(0.261751 0.290109 0)
(-2.40765 1.06747 0)
(-4.8341 0.974775 0)
(-5.29783 0.500413 0)
(-4.2641 -0.0279905 0)
(-3.30871 -0.45374 0)
(-3.06759 -0.533516 0)
(-2.25768 -0.686975 0)
(-1.05024 -0.856463 0)
(-0.105366 -0.584655 0)
(0.0217848 -0.833643 0)
(0.225406 -0.833557 0)
(0.788097 -0.151157 0)
(0.928511 -0.0817224 0)
(0.904329 -0.103069 0)
(1.55705 0.260233 0)
(1.70154 0.703435 0)
(0.772376 0.337773 0)
(0.234939 -0.185778 0)
(-1.21087 1.27991 0)
(-3.80167 2.05352 0)
(-5.38281 1.62129 0)
(-4.83706 0.449811 0)
(-4.04613 -0.556072 0)
(-4.12026 -0.595953 0)
(-3.59671 -0.705474 0)
(-2.54766 -0.993799 0)
(-1.04442 -1.30674 0)
(0.00076848 -0.815434 0)
(-0.0229357 -0.764507 0)
(-0.633101 -0.587007 0)
(0.18252 -0.346352 0)
(0.798077 -0.119761 0)
(0.968369 -0.144206 0)
(1.08067 0.216648 0)
(1.41329 0.935668 0)
(0.607444 0.687608 0)
(-1.14311 0.598894 0)
(-3.12107 2.22123 0)
(-4.6638 2.71151 0)
(-4.9347 1.74691 0)
(-3.89385 0.167439 0)
(-3.42418 -0.617393 0)
(-2.9326 -0.864738 0)
(-2.71403 -0.944149 0)
(-2.10237 -1.32693 0)
(-0.906983 -1.90542 0)
(0.126365 -1.0874 0)
(-0.0627965 -0.565901 0)
(-0.699466 -0.802113 0)
(-0.186951 -0.690112 0)
(0.383182 -0.45032 0)
(0.586904 -0.283685 0)
(0.518001 0.170701 0)
(0.795305 1.14261 0)
(-0.143783 1.19052 0)
(-2.67549 1.51958 0)
(-4.21461 2.73472 0)
(-4.85377 2.90834 0)
(-4.22194 1.46562 0)
(-3.24943 -0.153845 0)
(-2.59685 -0.971032 0)
(-1.82575 -1.13972 0)
(-1.60657 -0.999277 0)
(-1.49513 -1.41678 0)
(-0.780652 -2.26651 0)
(0.228903 -1.32944 0)
(-0.0396285 -0.385937 0)
(-0.411345 -0.765429 0)
(-0.419568 -0.860557 0)
(0.0778909 -0.573668 0)
(0.245212 -0.294835 0)
(0.0834032 0.23209 0)
(0.111147 1.34609 0)
(-0.975933 1.88223 0)
(-3.26943 2.19437 0)
(-4.40136 3.00777 0)
(-4.48044 2.78818 0)
(-3.51816 1.09419 0)
(-2.56245 -0.618173 0)
(-1.50589 -1.38592 0)
(-0.860741 -1.443 0)
(-0.63816 -1.12871 0)
(-0.822042 -1.3098 0)
(-0.726879 -2.45677 0)
(0.279616 -1.53249 0)
(0.0575196 -0.332378 0)
(-0.13572 -0.676859 0)
(-0.314954 -0.943028 0)
(-0.115561 -0.663694 0)
(0.0138638 -0.29297 0)
(-0.242379 0.327594 0)
(-0.322053 1.60824 0)
(-1.18952 2.55119 0)
(-2.99026 2.80003 0)
(-3.92749 3.11964 0)
(-3.67357 2.55211 0)
(-2.20634 0.681394 0)
(-1.11535 -1.05005 0)
(-0.367973 -1.69925 0)
(0.033578 -1.58284 0)
(0.0404479 -1.27652 0)
(0.263141 -1.03208 0)
(-0.759299 -2.46705 0)
(0.278769 -1.69744 0)
(0.218344 -0.363151 0)
(0.0936247 -0.608216 0)
(-0.0746561 -0.856146 0)
(-0.179684 -0.698535 0)
(-0.0356896 -0.22639 0)
(-0.462517 0.465713 0)
(-0.532569 1.82412 0)
(-0.877455 3.06434 0)
(-1.96869 3.34104 0)
(-2.87952 3.19781 0)
(-2.53246 2.26436 0)
(-0.711009 0.0141319 0)
(0.330834 -1.32118 0)
(0.56417 -1.85492 0)
(0.622289 -1.6388 0)
(0.498374 -1.31946 0)
(1.03203 -1.1362 0)
(-0.2073 -2.43569 0)
(0.309007 -1.8326 0)
(0.0337039 0.000859108 0)
(0.157001 -0.0880421 0)
(0.284962 -0.160899 0)
(0.354325 -0.180319 0)
(0.329316 -0.169727 0)
(0.270032 -0.157083 0)
(0.234692 -0.138741 0)
(0.227653 -0.107835 0)
(0.234395 -0.0745223 0)
(0.248123 -0.0472864 0)
(0.263864 -0.0262576 0)
(0.277286 -0.0097659 0)
(0.286552 0.00236724 0)
(0.290581 0.0104715 0)
(0.290799 0.0162565 0)
(0.289294 0.0236674 0)
(0.289736 0.0351032 0)
(0.294573 0.053033 0)
(0.303154 0.0751325 0)
(0.318041 0.0967734 0)
(0.338053 0.126737 0)
(0.406842 0.161531 0)
(0.485207 0.315771 0)
(0.0623033 -0.10766 0)
(0.229996 -0.259015 0)
(0.369473 -0.287772 0)
(0.329763 -0.185714 0)
(0.227717 -0.116511 0)
(0.157063 -0.10779 0)
(0.122881 -0.115251 0)
(0.112964 -0.115187 0)
(0.130804 -0.104819 0)
(0.17454 -0.0887628 0)
(0.223321 -0.070667 0)
(0.266778 -0.0497471 0)
(0.299234 -0.0253081 0)
(0.316034 0.002452 0)
(0.318559 0.0300625 0)
(0.314153 0.0496944 0)
(0.312858 0.0545014 0)
(0.316431 0.0601695 0)
(0.322519 0.0650139 0)
(0.338245 0.0703466 0)
(0.366038 0.0831279 0)
(0.413362 0.0903378 0)
(0.495147 0.102606 0)
(0.101795 -0.30653 0)
(0.210736 -0.42934 0)
(0.192486 -0.260763 0)
(-0.320584 0.0530949 0)
(-0.283227 0.0203429 0)
(-0.274707 -0.0334287 0)
(-0.344448 -0.0411229 0)
(-0.445258 -0.0822981 0)
(-0.441031 -0.142574 0)
(-0.261938 -0.144475 0)
(-0.136525 -0.114271 0)
(-0.0257459 -0.0819293 0)
(0.0773142 -0.0463583 0)
(0.167564 -0.0124777 0)
(0.228084 0.0100711 0)
(0.28985 0.0204212 0)
(0.339385 0.023292 0)
(0.351174 0.0459029 0)
(0.338587 0.0625928 0)
(0.335446 0.0536458 0)
(0.354048 0.0471071 0)
(0.381825 0.0379233 0)
(0.42854 0.0179518 0)
(-0.0234492 -0.517781 0)
(-0.157317 -0.126333 0)
(-0.17116 0.249838 0)
(-0.209844 0.10656 0)
(-0.0863553 -0.128877 0)
(-0.114502 -0.0696547 0)
(-0.122061 0.0131572 0)
(-0.132006 -0.0647791 0)
(-0.189344 -0.188931 0)
(-0.299381 -0.298707 0)
(-0.421513 -0.234705 0)
(-0.538527 -0.197476 0)
(-0.658621 -0.165315 0)
(-0.71966 -0.123844 0)
(-0.55555 -0.099081 0)
(-0.18745 -0.0587592 0)
(0.0436454 -0.00419451 0)
(0.185204 0.0589868 0)
(0.260751 0.077953 0)
(0.328857 0.0588689 0)
(0.377226 0.0455948 0)
(0.403078 0.0214433 0)
(0.424271 -0.0222726 0)
(-0.130285 -0.21531 0)
(-0.225206 -0.203147 0)
(-0.169254 -0.0880314 0)
(-0.0175437 -0.0422254 0)
(-0.0275936 -0.0501564 0)
(-0.0659602 -0.0173881 0)
(-0.038039 -0.00791696 0)
(-0.0204747 -0.0206295 0)
(-0.0353125 -0.0402859 0)
(-0.0692696 -0.0532256 0)
(-0.0920441 -0.0195265 0)
(-0.113199 0.0404873 0)
(-0.199673 0.00414603 0)
(-0.368925 -0.162301 0)
(-0.502628 -0.331752 0)
(-0.57754 -0.53128 0)
(-0.554796 -0.296172 0)
(-0.354342 -0.164729 0)
(-0.0637312 -0.0905798 0)
(0.0855847 -0.0817773 0)
(0.176074 -0.0217493 0)
(0.258579 -0.00282096 0)
(0.357611 -0.0145211 0)
(-0.0820334 -0.120541 0)
(-0.0775993 -0.200177 0)
(-0.0901587 -0.0629921 0)
(-0.0478796 -0.0446828 0)
(-0.054133 -0.0626312 0)
(-0.0574477 -0.0420398 0)
(-0.0516632 -0.0327394 0)
(-0.0502677 -0.0475106 0)
(-0.0591874 -0.0812826 0)
(-0.0717179 -0.109207 0)
(-0.0706274 -0.101884 0)
(-0.0353051 -0.0343544 0)
(0.0376972 0.110108 0)
(0.00355589 0.181215 0)
(-0.129962 0.00190372 0)
(-0.17777 -0.220798 0)
(-0.219637 -0.309644 0)
(-0.205833 -0.382343 0)
(-0.265017 -0.325699 0)
(-0.365183 -0.159855 0)
(-0.278401 -0.158246 0)
(-0.0784731 -0.211705 0)
(0.0832811 -0.234678 0)
(-0.0424899 -0.055603 0)
(-0.04536 -0.156887 0)
(-0.0682498 -0.0847689 0)
(-0.051201 -0.0591158 0)
(-0.0506989 -0.0499874 0)
(-0.0485658 -0.0390137 0)
(-0.0448988 -0.0323205 0)
(-0.0437054 -0.0383385 0)
(-0.0508481 -0.0580435 0)
(-0.0652644 -0.0826213 0)
(-0.0796 -0.0948267 0)
(-0.080542 -0.0776561 0)
(-0.0422457 -0.0214762 0)
(0.0541532 0.0413345 0)
(0.0726962 -0.0792957 0)
(0.0577065 -0.235228 0)
(0.0245644 -0.236688 0)
(0.0260768 -0.189084 0)
(0.0607243 -0.152302 0)
(0.155012 -0.0955529 0)
(0.266133 -0.213055 0)
(0.318056 -0.319748 0)
(0.309586 -0.276522 0)
(-0.0272746 -0.0214352 0)
(-0.0375171 -0.148858 0)
(-0.0478192 -0.087804 0)
(-0.0419369 -0.0628543 0)
(-0.0404672 -0.0528689 0)
(-0.0369379 -0.0439865 0)
(-0.0329165 -0.0359563 0)
(-0.0310403 -0.0351239 0)
(-0.0356802 -0.0454292 0)
(-0.047628 -0.0642526 0)
(-0.0631979 -0.0806585 0)
(-0.0717633 -0.0770354 0)
(-0.0559388 -0.0399653 0)
(0.0116922 0.00803581 0)
(0.0650951 -0.0493539 0)
(0.0801375 -0.210469 0)
(0.0396742 -0.266906 0)
(0.0251778 -0.310281 0)
(0.0343116 -0.32136 0)
(0.0893971 -0.315772 0)
(0.164023 -0.32647 0)
(0.204017 -0.337701 0)
(0.306814 -0.137023 0)
(-0.0178535 0.00474516 0)
(-0.0278431 -0.138239 0)
(-0.0348593 -0.0890738 0)
(-0.0328965 -0.0632628 0)
(-0.0326189 -0.0543585 0)
(-0.0300279 -0.0478212 0)
(-0.0260058 -0.0406972 0)
(-0.021683 -0.0366081 0)
(-0.0203522 -0.0402808 0)
(-0.0243654 -0.0527319 0)
(-0.033457 -0.0694936 0)
(-0.0420328 -0.0822921 0)
(-0.0365675 -0.0848452 0)
(0.000329695 -0.080939 0)
(0.058466 -0.120354 0)
(0.0676771 -0.189845 0)
(0.0444542 -0.224062 0)
(0.0272789 -0.250227 0)
(0.0127705 -0.285051 0)
(0.0192743 -0.301307 0)
(0.057121 -0.348569 0)
(0.0603361 -0.429035 0)
(0.128169 -0.352089 0)
(-0.0108379 0.024701 0)
(-0.0191497 -0.128932 0)
(-0.0260176 -0.0871088 0)
(-0.0262324 -0.0627891 0)
(-0.0263027 -0.0552368 0)
(-0.0246498 -0.0507303 0)
(-0.0210442 -0.0456562 0)
(-0.0154698 -0.0417266 0)
(-0.0097381 -0.0425131 0)
(-0.00640178 -0.050309 0)
(-0.00657507 -0.0636584 0)
(-0.00808507 -0.078392 0)
(-0.00542664 -0.0916599 0)
(0.00850254 -0.106506 0)
(0.0310627 -0.137331 0)
(0.0335132 -0.183908 0)
(0.0156379 -0.217087 0)
(-0.00016594 -0.24686 0)
(-0.023023 -0.280919 0)
(-0.036232 -0.314583 0)
(-0.0236952 -0.367369 0)
(-0.0443085 -0.427953 0)
(-0.0385191 -0.377979 0)
(-0.00633053 0.0373225 0)
(-0.0134913 -0.12198 0)
(-0.0195456 -0.0843982 0)
(-0.0209691 -0.0615224 0)
(-0.0216732 -0.0555834 0)
(-0.020921 -0.0529037 0)
(-0.0184084 -0.0501845 0)
(-0.0137068 -0.0481813 0)
(-0.00746958 -0.0490399 0)
(-0.0015628 -0.0548282 0)
(0.00223018 -0.0657629 0)
(0.00389085 -0.0799571 0)
(0.00561306 -0.0955492 0)
(0.00878398 -0.113763 0)
(0.0115095 -0.138934 0)
(0.00617778 -0.170122 0)
(-0.0112205 -0.196175 0)
(-0.029103 -0.221602 0)
(-0.0539572 -0.255884 0)
(-0.0745949 -0.299935 0)
(-0.0946191 -0.357076 0)
(-0.138583 -0.409229 0)
(-0.177069 -0.393291 0)
(-0.00355828 0.0455756 0)
(-0.00983539 -0.115999 0)
(-0.0151612 -0.081359 0)
(-0.0172913 -0.0597037 0)
(-0.0185938 -0.0551015 0)
(-0.0187515 -0.0538856 0)
(-0.0176346 -0.053003 0)
(-0.0149149 -0.0529452 0)
(-0.010718 -0.0548898 0)
(-0.00612859 -0.0601399 0)
(-0.00272678 -0.069282 0)
(-0.00148359 -0.081569 0)
(-0.00213486 -0.0958634 0)
(-0.00444808 -0.11254 0)
(-0.00901225 -0.132838 0)
(-0.0196023 -0.156404 0)
(-0.034749 -0.179003 0)
(-0.0518626 -0.201808 0)
(-0.0742138 -0.230779 0)
(-0.102197 -0.268841 0)
(-0.143869 -0.316223 0)
(-0.2034 -0.359377 0)
(-0.256126 -0.369656 0)
(-0.00192926 0.0513996 0)
(-0.00742602 -0.110701 0)
(-0.0122875 -0.0779726 0)
(-0.014963 -0.0574981 0)
(-0.0167587 -0.0539593 0)
(-0.0177465 -0.0537659 0)
(-0.0178991 -0.0540141 0)
(-0.0171572 -0.0551698 0)
(-0.0155835 -0.0579472 0)
(-0.0137391 -0.0630096 0)
(-0.0126797 -0.0707371 0)
(-0.0133847 -0.0809127 0)
(-0.0162215 -0.0930845 0)
(-0.0211908 -0.107299 0)
(-0.0287062 -0.123774 0)
(-0.0398926 -0.142848 0)
(-0.0548379 -0.162328 0)
(-0.0726526 -0.182275 0)
(-0.0941292 -0.2049 0)
(-0.123284 -0.231479 0)
(-0.168175 -0.262987 0)
(-0.231644 -0.293413 0)
(-0.301041 -0.311065 0)
(-0.00115711 0.0555175 0)
(-0.00597309 -0.106008 0)
(-0.0105225 -0.0744346 0)
(-0.0135904 -0.0548869 0)
(-0.0158586 -0.0521913 0)
(-0.0175694 -0.0527024 0)
(-0.018755 -0.0535633 0)
(-0.0195214 -0.0552422 0)
(-0.0200294 -0.0582852 0)
(-0.0206239 -0.0630208 0)
(-0.0219051 -0.0696204 0)
(-0.0245328 -0.0780643 0)
(-0.0289422 -0.0882464 0)
(-0.0353331 -0.10015 0)
(-0.0441112 -0.113818 0)
(-0.0560605 -0.128996 0)
(-0.0716277 -0.145008 0)
(-0.0909824 -0.161717 0)
(-0.114334 -0.179156 0)
(-0.143276 -0.197136 0)
(-0.18183 -0.215045 0)
(-0.233534 -0.229061 0)
(-0.298215 -0.234423 0)
(-0.000884294 0.0588899 0)
(-0.00517571 -0.101706 0)
(-0.00957512 -0.0707335 0)
(-0.012941 -0.051947 0)
(-0.0156223 -0.0498763 0)
(-0.0179537 -0.0508531 0)
(-0.0199811 -0.0520323 0)
(-0.0218411 -0.0538517 0)
(-0.0237491 -0.0567749 0)
(-0.0259938 -0.0610139 0)
(-0.0289403 -0.0666481 0)
(-0.0330043 -0.0736987 0)
(-0.0385671 -0.0821334 0)
(-0.0459503 -0.0919042 0)
(-0.0556472 -0.102879 0)
(-0.0681319 -0.114764 0)
(-0.0838684 -0.127075 0)
(-0.103435 -0.139644 0)
(-0.127444 -0.152425 0)
(-0.156677 -0.164983 0)
(-0.19199 -0.175456 0)
(-0.233668 -0.18026 0)
(-0.281392 -0.176991 0)
(-0.00083687 0.0619225 0)
(-0.00479351 -0.0976163 0)
(-0.00918516 -0.0668835 0)
(-0.0127758 -0.0487187 0)
(-0.0158173 -0.0470949 0)
(-0.0186677 -0.0483383 0)
(-0.0213944 -0.049655 0)
(-0.0241047 -0.0514356 0)
(-0.0269992 -0.0540722 0)
(-0.030335 -0.0577329 0)
(-0.0343952 -0.0624633 0)
(-0.0394881 -0.0682688 0)
(-0.0459471 -0.0750965 0)
(-0.0541098 -0.0828879 0)
(-0.0643793 -0.0914639 0)
(-0.0771068 -0.10051 0)
(-0.0926217 -0.109623 0)
(-0.111303 -0.118463 0)
(-0.133536 -0.126757 0)
(-0.160118 -0.133987 0)
(-0.191727 -0.138718 0)
(-0.227815 -0.138755 0)
(-0.26651 -0.13206 0)
(-0.000868013 0.0648077 0)
(-0.00464157 -0.0935909 0)
(-0.00914635 -0.0628749 0)
(-0.0129065 -0.045246 0)
(-0.0162536 -0.0439231 0)
(-0.0195291 -0.0452688 0)
(-0.0228259 -0.0465808 0)
(-0.0262213 -0.0482145 0)
(-0.0298814 -0.0505011 0)
(-0.0340191 -0.0535567 0)
(-0.038875 -0.0574069 0)
(-0.0447075 -0.0620366 0)
(-0.0518138 -0.0673882 0)
(-0.0604706 -0.0733694 0)
(-0.0710098 -0.0797848 0)
(-0.0837052 -0.0863772 0)
(-0.0988215 -0.0927546 0)
(-0.116653 -0.0985858 0)
(-0.137423 -0.103523 0)
(-0.16149 -0.107051 0)
(-0.188946 -0.107985 0)
(-0.219361 -0.104775 0)
(-0.251607 -0.096517 0)
(-0.000891739 0.0676602 0)
(-0.00459739 -0.0895128 0)
(-0.00930553 -0.0587012 0)
(-0.0131906 -0.0415614 0)
(-0.0167891 -0.0404333 0)
(-0.0204006 -0.0417565 0)
(-0.0241399 -0.0429493 0)
(-0.0280657 -0.0443519 0)
(-0.0323138 -0.0462475 0)
(-0.037055 -0.0486972 0)
(-0.0424867 -0.0517074 0)
(-0.0488281 -0.0552498 0)
(-0.0563259 -0.0592722 0)
(-0.0651866 -0.0636391 0)
(-0.0757015 -0.068178 0)
(-0.0880506 -0.072648 0)
(-0.102425 -0.076708 0)
(-0.119029 -0.0800135 0)
(-0.137947 -0.0822267 0)
(-0.159366 -0.0829033 0)
(-0.183174 -0.0811516 0)
(-0.208852 -0.0759097 0)
(-0.235535 -0.0665815 0)
(-0.000868499 0.0704933 0)
(-0.00458415 -0.0852978 0)
(-0.00955249 -0.0543641 0)
(-0.0135231 -0.0377025 0)
(-0.0173196 -0.0366942 0)
(-0.0211842 -0.0379072 0)
(-0.0252481 -0.0389033 0)
(-0.0295568 -0.0400168 0)
(-0.0342195 -0.0414886 0)
(-0.0393749 -0.0433491 0)
(-0.0451852 -0.0455827 0)
(-0.0518322 -0.0481469 0)
(-0.0594958 -0.0509767 0)
(-0.0683417 -0.0539403 0)
(-0.0786209 -0.0568929 0)
(-0.0904449 -0.0595866 0)
(-0.103929 -0.0617601 0)
(-0.119214 -0.0630564 0)
(-0.136308 -0.0631987 0)
(-0.155262 -0.0618355 0)
(-0.175867 -0.0582994 0)
(-0.197626 -0.0518267 0)
(-0.219909 -0.0421415 0)
(-0.00077652 0.0732768 0)
(-0.00455967 -0.0808932 0)
(-0.00980962 -0.0498776 0)
(-0.0138264 -0.033711 0)
(-0.0177696 -0.0327701 0)
(-0.0218137 -0.0338136 0)
(-0.0261018 -0.0345686 0)
(-0.030662 -0.0353641 0)
(-0.0355869 -0.0364035 0)
(-0.0409917 -0.0377001 0)
(-0.0470058 -0.0392211 0)
(-0.0537736 -0.0409123 0)
(-0.0614362 -0.042692 0)
(-0.0701247 -0.0444554 0)
(-0.0800213 -0.0460689 0)
(-0.0912171 -0.0472911 0)
(-0.103761 -0.0479185 0)
(-0.117734 -0.0476337 0)
(-0.133101 -0.0461917 0)
(-0.149826 -0.0433565 0)
(-0.16767 -0.0386379 0)
(-0.186155 -0.0314642 0)
(-0.204826 -0.0217313 0)
(-0.000613228 0.0759737 0)
(-0.00450451 -0.0762743 0)
(-0.0100176 -0.0452662 0)
(-0.0140425 -0.029629 0)
(-0.0180848 -0.0287202 0)
(-0.0222428 -0.0295572 0)
(-0.026669 -0.0300484 0)
(-0.0313757 -0.030519 0)
(-0.036439 -0.0311397 0)
(-0.0419552 -0.0319053 0)
(-0.0480318 -0.0327754 0)
(-0.0547804 -0.0336919 0)
(-0.0623118 -0.0345676 0)
(-0.0707323 -0.0353054 0)
(-0.0801552 -0.0357876 0)
(-0.0906566 -0.0358125 0)
(-0.102263 -0.0351905 0)
(-0.114976 -0.0336807 0)
(-0.128748 -0.031062 0)
(-0.143507 -0.0271961 0)
(-0.159007 -0.0217293 0)
(-0.174806 -0.0142187 0)
(-0.190541 -0.00465978 0)
(-0.000399865 0.0785227 0)
(-0.00440943 -0.071455 0)
(-0.0101266 -0.0405674 0)
(-0.014122 -0.0254973 0)
(-0.0182225 -0.024598 0)
(-0.0224361 -0.0252082 0)
(-0.0269277 -0.025429 0)
(-0.0316943 -0.0255812 0)
(-0.0367965 -0.0258055 0)
(-0.0423174 -0.0260849 0)
(-0.0483483 -0.026373 0)
(-0.0549717 -0.0266062 0)
(-0.0622721 -0.0267039 0)
(-0.0703351 -0.0265727 0)
(-0.0792346 -0.0261079 0)
(-0.0890151 -0.0251575 0)
(-0.0996947 -0.0235412 0)
(-0.111243 -0.0210753 0)
(-0.123585 -0.0175938 0)
(-0.136635 -0.0130095 0)
(-0.150165 -0.00708747 0)
(-0.163766 0.00052384 0)
(-0.177175 0.00974433 0)
(-0.000161266 0.0808826 0)
(-0.00425359 -0.0664831 0)
(-0.0100917 -0.0358301 0)
(-0.0140231 -0.0213547 0)
(-0.0181459 -0.0204488 0)
(-0.0223626 -0.0208273 0)
(-0.0268576 -0.0207857 0)
(-0.0316132 -0.0206336 0)
(-0.0366777 -0.0204898 0)
(-0.0421234 -0.0203343 0)
(-0.0480237 -0.0201088 0)
(-0.0544437 -0.0197416 0)
(-0.0614461 -0.0191717 0)
(-0.0690944 -0.0183088 0)
(-0.0774372 -0.0170608 0)
(-0.0864962 -0.0153122 0)
(-0.0962903 -0.0129108 0)
(-0.106775 -0.00970655 0)
(-0.117852 -0.00558048 0)
(-0.129429 -0.000483863 0)
(-0.141315 0.00569362 0)
(-0.153181 0.013212 0)
(-0.164765 0.0220224 0)
(6.53961e-05 0.0830282 0)
(-0.00401649 -0.0614401 0)
(-0.00988536 -0.0311189 0)
(-0.0137173 -0.0172363 0)
(-0.0178253 -0.0163147 0)
(-0.0219998 -0.0164686 0)
(-0.0264423 -0.0161839 0)
(-0.0311252 -0.0157481 0)
(-0.036095 -0.0152686 0)
(-0.0414063 -0.0147223 0)
(-0.0471082 -0.0140435 0)
(-0.0532693 -0.0131618 0)
(-0.0599348 -0.0120236 0)
(-0.0671377 -0.010546 0)
(-0.0749189 -0.00864426 0)
(-0.0832783 -0.00624768 0)
(-0.0922296 -0.00322768 0)
(-0.101745 0.000557221 0)
(-0.111706 0.00516634 0)
(-0.122036 0.0106245 0)
(-0.132619 0.0169325 0)
(-0.143111 0.0242978 0)
(-0.15326 0.032738 0)
(0.000271168 0.0849147 0)
(-0.00367506 -0.0564316 0)
(-0.00950258 -0.0265013 0)
(-0.013192 -0.0131758 0)
(-0.0172486 -0.0122384 0)
(-0.0213363 -0.012182 0)
(-0.0256744 -0.0116697 0)
(-0.0302283 -0.0109771 0)
(-0.0350517 -0.0101964 0)
(-0.0401786 -0.00929738 0)
(-0.0456428 -0.00822067 0)
(-0.051509 -0.00690792 0)
(-0.0578069 -0.00528621 0)
(-0.0645439 -0.00329284 0)
(-0.0717724 -0.000853283 0)
(-0.0794817 0.0020802 0)
(-0.0876451 0.00560201 0)
(-0.0962827 0.00982916 0)
(-0.105283 0.0148221 0)
(-0.114568 0.020553 0)
(-0.124067 0.0269504 0)
(-0.133496 0.0341908 0)
(-0.142602 0.0423252 0)
(0.000480294 0.0865018 0)
(-0.00320417 -0.0515457 0)
(-0.00896476 -0.0220255 0)
(-0.0124606 -0.00921252 0)
(-0.0164283 -0.00826381 0)
(-0.0203739 -0.00801348 0)
(-0.024558 -0.00728881 0)
(-0.0289335 -0.00636686 0)
(-0.0335557 -0.00532075 0)
(-0.0384492 -0.00410872 0)
(-0.0436417 -0.00268635 0)
(-0.0491751 -0.000995112 0)
(-0.055073 0.00103927 0)
(-0.0613421 0.00346329 0)
(-0.0680268 0.00632593 0)
(-0.0751145 0.00970393 0)
(-0.0825688 0.013652 0)
(-0.0904043 0.0182488 0)
(-0.0985421 0.023551 0)
(-0.106953 0.0295056 0)
(-0.115579 0.0360258 0)
(-0.124181 0.0431793 0)
(-0.132524 0.0511115 0)
(0.000749447 0.0876982 0)
(-0.00258424 -0.0468194 0)
(-0.00831914 -0.0177277 0)
(-0.0115621 -0.00539178 0)
(-0.0153971 -0.00444421 0)
(-0.0191442 -0.00401762 0)
(-0.0231253 -0.00310344 0)
(-0.0272732 -0.00197287 0)
(-0.0316337 -0.000685399 0)
(-0.036235 0.00080129 0)
(-0.041099 0.00252769 0)
(-0.0462517 0.00456135 0)
(-0.051718 0.00692822 0)
(-0.0575128 0.00970437 0)
(-0.0636447 0.0129277 0)
(-0.0701013 0.0166766 0)
(-0.0768646 0.0209839 0)
(-0.0839696 0.0258878 0)
(-0.0913599 0.0314694 0)
(-0.0989675 0.03766 0)
(-0.10681 0.0443519 0)
(-0.11478 0.0514961 0)
(-0.122585 0.0593623 0)
(0.00115777 0.0883664 0)
(-0.00181822 -0.0422296 0)
(-0.00762689 -0.0136207 0)
(-0.0105493 -0.00176095 0)
(-0.0142164 -0.000831901 0)
(-0.0177105 -0.000241939 0)
(-0.0214392 0.000831779 0)
(-0.0253012 0.00214666 0)
(-0.0293439 0.00364743 0)
(-0.0335932 0.00537389 0)
(-0.0380557 0.00736128 0)
(-0.0427831 0.00966143 0)
(-0.0477775 0.0123202 0)
(-0.0530207 0.0153979 0)
(-0.0585491 0.0189406 0)
(-0.0643505 0.0229948 0)
(-0.0704353 0.0275925 0)
(-0.0767832 0.0327698 0)
(-0.0833755 0.0386291 0)
(-0.0902131 0.0450733 0)
(-0.0973249 0.0519931 0)
(-0.104653 0.0592685 0)
(-0.111915 0.0672418 0)
(0.00171503 0.0882948 0)
(-0.00095443 -0.0376329 0)
(-0.0069377 -0.00967949 0)
(-0.00947901 0.00165365 0)
(-0.0129582 0.00253251 0)
(-0.0161665 0.00325863 0)
(-0.0196169 0.00446876 0)
(-0.0231495 0.0059382 0)
(-0.0268243 0.00761645 0)
(-0.0306676 0.00953033 0)
(-0.0346966 0.0117297 0)
(-0.0389202 0.0142429 0)
(-0.0433492 0.0171585 0)
(-0.0479887 0.020501 0)
(-0.0528557 0.0242933 0)
(-0.0579468 0.0285879 0)
(-0.0632545 0.0334353 0)
(-0.0687535 0.0388721 0)
(-0.0744916 0.0449433 0)
(-0.0804416 0.0516509 0)
(-0.0866186 0.0588628 0)
(-0.0931155 0.0664164 0)
(-0.099634 0.0746391 0)
(0.00240933 0.0874869 0)
(-5.79105e-05 -0.0330109 0)
(-0.00630038 -0.00585948 0)
(-0.00842264 0.00482509 0)
(-0.0117537 0.00563048 0)
(-0.0146482 0.00647588 0)
(-0.0178052 0.00779879 0)
(-0.0209992 0.0093748 0)
(-0.0243103 0.0111841 0)
(-0.0277379 0.0132395 0)
(-0.0312935 0.0156067 0)
(-0.0349853 0.0183135 0)
(-0.0388099 0.0214012 0)
(-0.0428083 0.0249329 0)
(-0.0469826 0.0288998 0)
(-0.0512844 0.0333819 0)
(-0.0557356 0.0384406 0)
(-0.0603203 0.0440625 0)
(-0.0650237 0.0503093 0)
(-0.0698697 0.0572086 0)
(-0.0749032 0.0646807 0)
(-0.0802035 0.0725705 0)
(-0.0854774 0.0811323 0)
(0.00322612 0.0857843 0)
(0.000832793 -0.0282613 0)
(-0.00580078 -0.00210046 0)
(-0.00744995 0.00777261 0)
(-0.0106978 0.00846878 0)
(-0.0132973 0.00943704 0)
(-0.016217 0.0108278 0)
(-0.0191177 0.0124728 0)
(-0.0220885 0.0143564 0)
(-0.0251312 0.0165162 0)
(-0.0282487 0.018996 0)
(-0.031468 0.0218246 0)
(-0.0347502 0.0250339 0)
(-0.038141 0.0286609 0)
(-0.041637 0.0327511 0)
(-0.0451427 0.0373427 0)
(-0.0487346 0.0424888 0)
(-0.0523658 0.0481967 0)
(-0.0560198 0.0545377 0)
(-0.059672 0.0615092 0)
(-0.06328 0.0691193 0)
(-0.0670495 0.0772895 0)
(-0.070575 0.0861075 0)
(0.00425037 0.0830602 0)
(0.00175145 -0.0232373 0)
(-0.00543442 0.00165328 0)
(-0.00662198 0.0104831 0)
(-0.00992125 0.0110797 0)
(-0.0122533 0.0121695 0)
(-0.0150139 0.0135869 0)
(-0.017699 0.0152722 0)
(-0.0204241 0.0171958 0)
(-0.0231768 0.0194074 0)
(-0.0259737 0.0219474 0)
(-0.028823 0.0248313 0)
(-0.0316967 0.0281079 0)
(-0.0346073 0.0317831 0)
(-0.0375488 0.03592 0)
(-0.040439 0.0405237 0)
(-0.0433094 0.0456359 0)
(-0.0461039 0.051322 0)
(-0.0487714 0.0575804 0)
(-0.0512919 0.0644826 0)
(-0.0535287 0.0720361 0)
(-0.0557438 0.0801817 0)
(-0.0573407 0.089051 0)
(0.00540893 0.0792883 0)
(0.00259054 -0.0178233 0)
(-0.00520431 0.00546014 0)
(-0.00594946 0.0129953 0)
(-0.00940648 0.0135434 0)
(-0.0115474 0.0147284 0)
(-0.0142588 0.0161679 0)
(-0.0168126 0.0178545 0)
(-0.0193993 0.0197958 0)
(-0.021985 0.0220305 0)
(-0.0245981 0.0245868 0)
(-0.0272402 0.0275011 0)
(-0.0298631 0.0307936 0)
(-0.032484 0.0344747 0)
(-0.0350872 0.0385742 0)
(-0.037578 0.0431309 0)
(-0.0399508 0.048103 0)
(-0.042176 0.053619 0)
(-0.0441752 0.0596667 0)
(-0.0458506 0.0662826 0)
(-0.0470879 0.0735159 0)
(-0.0480556 0.0812911 0)
(-0.0480143 0.0898638 0)
(0.00654203 0.0744991 0)
(0.0032633 -0.011861 0)
(-0.00501917 0.00940394 0)
(-0.00538111 0.0154775 0)
(-0.00910521 0.0160073 0)
(-0.0110774 0.0172494 0)
(-0.0138067 0.0186947 0)
(-0.0163114 0.0203712 0)
(-0.0188333 0.022313 0)
(-0.0213607 0.0245545 0)
(-0.0238967 0.0271139 0)
(-0.0264367 0.0300272 0)
(-0.0289594 0.0333034 0)
(-0.0314544 0.0369467 0)
(-0.0338765 0.040959 0)
(-0.0362074 0.0453879 0)
(-0.0383787 0.0501929 0)
(-0.0402773 0.0554541 0)
(-0.0419056 0.0611517 0)
(-0.0431415 0.067353 0)
(-0.0438494 0.0740511 0)
(-0.0441005 0.0812335 0)
(-0.0430606 0.0891307 0)
(0.00745729 0.0690747 0)
(0.0036829 -0.00531745 0)
(-0.00484049 0.0135203 0)
(-0.00484743 0.0181072 0)
(-0.00884276 0.0186747 0)
(-0.0106475 0.0199361 0)
(-0.0134072 0.0213513 0)
(-0.0158731 0.0230327 0)
(-0.0183567 0.0249766 0)
(-0.0208452 0.0272199 0)
(-0.0233441 0.0297879 0)
(-0.0258395 0.0326841 0)
(-0.0282981 0.035924 0)
(-0.0307327 0.0394993 0)
(-0.0330812 0.0434106 0)
(-0.035299 0.0476539 0)
(-0.037351 0.0522816 0)
(-0.0391674 0.0572653 0)
(-0.0406559 0.0625777 0)
(-0.0416984 0.0682743 0)
(-0.0422169 0.0743713 0)
(-0.0421738 0.0808179 0)
(-0.0407699 0.0877958 0)
(0.00803148 0.0631617 0)
(0.00382862 0.0013879 0)
(-0.00459811 0.0175179 0)
(-0.00424097 0.020664 0)
(-0.00843925 0.0213165 0)
(-0.010056 0.0225447 0)
(-0.0127751 0.0239273 0)
(-0.015145 0.025617 0)
(-0.0175595 0.02756 0)
(-0.0199663 0.0298037 0)
(-0.0223796 0.032362 0)
(-0.0247843 0.0352452 0)
(-0.0271531 0.0384478 0)
(-0.0294767 0.0419468 0)
(-0.0317142 0.0457577 0)
(-0.0338182 0.0498473 0)
(-0.0357593 0.0542507 0)
(-0.0374817 0.0589391 0)
(-0.0388855 0.0639019 0)
(-0.0398259 0.0691237 0)
(-0.0402564 0.0746043 0)
(-0.0401567 0.0802507 0)
(-0.0387436 0.0862903 0)
(0.00816659 0.0566801 0)
(0.00375247 0.00783516 0)
(-0.00422262 0.0210534 0)
(-0.00360321 0.0228207 0)
(-0.00777504 0.0236334 0)
(-0.0091612 0.0247502 0)
(-0.0117335 0.0261575 0)
(-0.0139312 0.0277982 0)
(-0.0161972 0.0297614 0)
(-0.0184274 0.0320415 0)
(-0.0206515 0.0346115 0)
(-0.0228671 0.0374795 0)
(-0.0250513 0.0406399 0)
(-0.0271757 0.044066 0)
(-0.0292075 0.0477278 0)
(-0.031122 0.051638 0)
(-0.032887 0.0558224 0)
(-0.0344502 0.0602674 0)
(-0.0356982 0.0649023 0)
(-0.0365362 0.0697086 0)
(-0.0369423 0.0745677 0)
(-0.0367675 0.0795235 0)
(-0.0354377 0.0845854 0)
(0.00763738 0.0501303 0)
(0.00340527 0.0138801 0)
(-0.00364297 0.0240199 0)
(-0.00290987 0.0246802 0)
(-0.00676909 0.0256561 0)
(-0.00788596 0.0266801 0)
(-0.0101882 0.0280409 0)
(-0.0121365 0.0296881 0)
(-0.0140619 0.0316581 0)
(-0.0160036 0.0339064 0)
(-0.0179669 0.0364352 0)
(-0.0199181 0.0392652 0)
(-0.0218355 0.0423709 0)
(-0.0237119 0.0457382 0)
(-0.0254925 0.0493363 0)
(-0.0271183 0.0531346 0)
(-0.0285833 0.0571291 0)
(-0.0299002 0.0612651 0)
(-0.0309742 0.065578 0)
(-0.0317498 0.0699285 0)
(-0.0320797 0.0742863 0)
(-0.0319726 0.0785673 0)
(-0.0308749 0.0827997 0)
(0.00638656 0.0448818 0)
(0.00277944 0.0196736 0)
(-0.00283473 0.0269065 0)
(-0.00212663 0.0268046 0)
(-0.0053571 0.0278669 0)
(-0.00624766 0.0288141 0)
(-0.00811998 0.0301252 0)
(-0.00965222 0.0317921 0)
(-0.0112577 0.0337284 0)
(-0.0128503 0.0359263 0)
(-0.014407 0.0384153 0)
(-0.0159595 0.0412116 0)
(-0.0174941 0.0442749 0)
(-0.0189691 0.0475834 0)
(-0.0203931 0.0511119 0)
(-0.0217488 0.0548203 0)
(-0.023028 0.0586618 0)
(-0.0241172 0.0625812 0)
(-0.0249999 0.0665872 0)
(-0.0256735 0.0705353 0)
(-0.0260381 0.0744671 0)
(-0.0260409 0.07815 0)
(-0.0252685 0.0816855 0)
(0.00482318 0.0408516 0)
(0.00219927 0.024071 0)
(-0.00188298 0.0289266 0)
(-0.00129477 0.0283413 0)
(-0.00367348 0.0294191 0)
(-0.00427282 0.0302495 0)
(-0.0056072 0.0316157 0)
(-0.00669332 0.0332088 0)
(-0.00784311 0.0351559 0)
(-0.00897033 0.0374007 0)
(-0.0100651 0.0399007 0)
(-0.011168 0.0426617 0)
(-0.0122797 0.0457171 0)
(-0.0133724 0.0489971 0)
(-0.0144281 0.0524453 0)
(-0.0154279 0.0560465 0)
(-0.0163809 0.0597938 0)
(-0.0172352 0.0636381 0)
(-0.018007 0.0674625 0)
(-0.0186208 0.0712422 0)
(-0.0190055 0.0748708 0)
(-0.0192309 0.0782099 0)
(-0.0190093 0.0812112 0)
(0.00307554 0.0383156 0)
(0.00150093 0.0272393 0)
(-0.000970946 0.0304572 0)
(-0.000552629 0.0296379 0)
(-0.00199315 0.0306814 0)
(-0.00226029 0.0315135 0)
(-0.00303408 0.0328376 0)
(-0.00364863 0.0344691 0)
(-0.00425538 0.0363973 0)
(-0.00493398 0.0386664 0)
(-0.00559899 0.0412353 0)
(-0.00620574 0.0440345 0)
(-0.0068128 0.0470688 0)
(-0.00746924 0.0503369 0)
(-0.00813829 0.0538332 0)
(-0.00875855 0.0574774 0)
(-0.00936147 0.0611917 0)
(-0.00993846 0.0650247 0)
(-0.0104582 0.0688056 0)
(-0.0109061 0.0725683 0)
(-0.0113 0.0760623 0)
(-0.0115855 0.0792581 0)
(-0.0116511 0.082079 0)
(0.00113742 0.0359987 0)
(0.000577766 0.0283153 0)
(-0.000192049 0.030727 0)
(-5.06508e-05 0.0295992 0)
(-0.000531755 0.0307444 0)
(-0.000572208 0.0314963 0)
(-0.000815747 0.032805 0)
(-0.00099309 0.0344303 0)
(-0.00118229 0.0363652 0)
(-0.00132087 0.0385916 0)
(-0.00150711 0.0411165 0)
(-0.00173387 0.0439275 0)
(-0.00193452 0.0469725 0)
(-0.00208821 0.0502252 0)
(-0.00225502 0.0536535 0)
(-0.00249235 0.0572556 0)
(-0.00267748 0.0609838 0)
(-0.00284496 0.0647338 0)
(-0.00302101 0.0684897 0)
(-0.00320436 0.0721163 0)
(-0.00337154 0.0755751 0)
(-0.00342501 0.0786938 0)
(-0.00341459 0.0812859 0)
(0.573202 0.277968 0)
(0.534728 0.199115 0)
(0.47333 0.117428 0)
(0.447081 0.0218916 0)
(0.590677 0.0690123 0)
(0.641439 0.0266089 0)
(0.673994 -0.0194649 0)
(0.70252 -0.0677927 0)
(0.476012 -0.010178 0)
(0.507124 -0.035552 0)
(0.530323 -0.0660964 0)
(0.547418 -0.100377 0)
(0.441252 -0.0562594 0)
(0.449253 -0.0759797 0)
(0.449961 -0.094609 0)
(0.444494 -0.115534 0)
(0.424466 -0.0253728 0)
(0.451431 -0.0299223 0)
(0.455988 -0.0335736 0)
(0.446941 -0.0541177 0)
(0.1855 -0.196954 0)
(0.212497 -0.136797 0)
(0.199153 -0.0845516 0)
(0.228393 -0.0657642 0)
(0.172075 -0.181619 0)
(0.0213553 0.00742893 0)
(-0.120267 0.00744467 0)
(-0.368709 -0.266884 0)
(0.383464 0.15221 0)
(0.378027 0.348364 0)
(0.359145 0.426862 0)
(0.399586 0.406731 0)
(0.235118 -0.17272 0)
(0.36006 0.0652623 0)
(0.44799 0.242983 0)
(0.585576 0.314012 0)
(0.0125595 -0.259872 0)
(0.0747933 -0.148049 0)
(0.165049 -0.0294884 0)
(0.268987 0.0742256 0)
(-0.169136 -0.314913 0)
(-0.145495 -0.238859 0)
(-0.110116 -0.150166 0)
(-0.0713784 -0.0680172 0)
(-0.273298 -0.337716 0)
(-0.267023 -0.286094 0)
(-0.247265 -0.212608 0)
(-0.21126 -0.141457 0)
(-0.346718 -0.309885 0)
(-0.369671 -0.293719 0)
(-0.38073 -0.25941 0)
(-0.37466 -0.221235 0)
(-0.35108 -0.230227 0)
(-0.383902 -0.219009 0)
(-0.411872 -0.200451 0)
(-0.435073 -0.175838 0)
(-0.320087 -0.168734 0)
(-0.346417 -0.159253 0)
(-0.372131 -0.146833 0)
(-0.397446 -0.131607 0)
(-0.295276 -0.121136 0)
(-0.313972 -0.109919 0)
(-0.332392 -0.096202 0)
(-0.350694 -0.0802205 0)
(-0.27529 -0.0865256 0)
(-0.290319 -0.0770621 0)
(-0.304841 -0.0651614 0)
(-0.318896 -0.0507066 0)
(-0.254936 -0.0566037 0)
(-0.267319 -0.0478158 0)
(-0.279313 -0.0370489 0)
(-0.290838 -0.0240321 0)
(-0.235915 -0.032679 0)
(-0.246042 -0.0246872 0)
(-0.255828 -0.0149781 0)
(-0.265186 -0.00327179 0)
(-0.218126 -0.0127745 0)
(-0.226454 -0.00546515 0)
(-0.234476 0.0032633 0)
(-0.242199 0.0136163 0)
(-0.201665 0.00371439 0)
(-0.20859 0.0103878 0)
(-0.215301 0.0182502 0)
(-0.221721 0.0273754 0)
(-0.186663 0.0175281 0)
(-0.192475 0.0236126 0)
(-0.198107 0.0307128 0)
(-0.203527 0.0387914 0)
(-0.172983 0.0292774 0)
(-0.178002 0.0348697 0)
(-0.182877 0.0413391 0)
(-0.187577 0.0485527 0)
(-0.160571 0.0395633 0)
(-0.165033 0.0447786 0)
(-0.169409 0.0507832 0)
(-0.173681 0.057341 0)
(-0.149282 0.0488758 0)
(-0.153385 0.0538614 0)
(-0.157481 0.0595448 0)
(-0.161552 0.0656009 0)
(-0.138812 0.0575591 0)
(-0.142713 0.0624643 0)
(-0.146677 0.0679649 0)
(-0.150658 0.0736214 0)
(-0.128627 0.065869 0)
(-0.132402 0.070837 0)
(-0.136299 0.0762621 0)
(-0.140286 0.0816009 0)
(-0.117711 0.0739555 0)
(-0.121355 0.07907 0)
(-0.125151 0.0844678 0)
(-0.129073 0.0895359 0)
(-0.105026 0.0816692 0)
(-0.108405 0.0869774 0)
(-0.111939 0.0923955 0)
(-0.11565 0.0972751 0)
(-0.0900522 0.0885296 0)
(-0.0928974 0.0940632 0)
(-0.095881 0.09958 0)
(-0.0990522 0.104432 0)
(-0.0738221 0.0938132 0)
(-0.0757678 0.0995121 0)
(-0.0777772 0.105128 0)
(-0.0799723 0.11005 0)
(-0.0589513 0.0968793 0)
(-0.0597862 0.102593 0)
(-0.0605883 0.108184 0)
(-0.0614576 0.113132 0)
(-0.0481719 0.097547 0)
(-0.0479459 0.103044 0)
(-0.047545 0.108353 0)
(-0.0471623 0.11314 0)
(-0.0422581 0.0963694 0)
(-0.0413149 0.101386 0)
(-0.040053 0.106101 0)
(-0.0387676 0.110389 0)
(-0.0395465 0.0943279 0)
(-0.038263 0.0986259 0)
(-0.0365877 0.102534 0)
(-0.0348375 0.106107 0)
(-0.0374207 0.091993 0)
(-0.036007 0.0954761 0)
(-0.0341609 0.0985122 0)
(-0.0322819 0.101313 0)
(-0.0341853 0.0894478 0)
(-0.032807 0.0921569 0)
(-0.0310226 0.0944251 0)
(-0.0291545 0.0965202 0)
(-0.0296462 0.0867644 0)
(-0.0283722 0.088709 0)
(-0.0267991 0.0903021 0)
(-0.0251542 0.0917338 0)
(-0.0244075 0.0846374 0)
(-0.0234354 0.0858787 0)
(-0.0222607 0.0868711 0)
(-0.0210236 0.0876932 0)
(-0.0185747 0.0833362 0)
(-0.0179383 0.0841711 0)
(-0.0171619 0.0848092 0)
(-0.0163077 0.0852043 0)
(-0.0115222 0.0837909 0)
(-0.0111476 0.0844784 0)
(-0.0107768 0.0849021 0)
(-0.0103392 0.0849922 0)
(-0.00336006 0.0826033 0)
(-0.00328267 0.0831244 0)
(-0.00321093 0.0833424 0)
(-0.00298776 0.0832097 0)
(0.484016 -0.296515 0)
(0.360667 -0.509249 0)
(0.172427 -0.710295 0)
(-0.0717758 -0.732089 0)
(0.0989422 -0.0759962 0)
(-0.417759 0.653189 0)
(-0.429724 1.8567 0)
(-0.210083 3.17918 0)
(0.165809 3.77199 0)
(-0.560111 3.37198 0)
(-0.134186 1.94678 0)
(1.32358 -0.09034 0)
(1.6785 -1.4947 0)
(1.34458 -1.80811 0)
(1.06602 -1.55039 0)
(0.830456 -1.2701 0)
(1.16835 -1.20585 0)
(0.137492 -0.956069 0)
(0.305114 -1.81227 0)
(0.693561 -0.21331 0)
(0.568138 -0.364595 0)
(0.350418 -0.544589 0)
(0.189721 -0.660289 0)
(0.121061 0.0679096 0)
(0.0105196 0.787489 0)
(-0.0208657 1.63625 0)
(0.464885 2.58166 0)
(1.42549 3.16112 0)
(2.2009 2.91802 0)
(2.87091 1.20309 0)
(3.18937 -0.526769 0)
(2.6763 -1.38868 0)
(1.89035 -1.47548 0)
(1.32724 -1.26245 0)
(1.02187 -1.08505 0)
(0.854521 -1.14456 0)
(0.155779 -1.00176 0)
(0.268252 -1.68427 0)
(0.548861 -0.182832 0)
(0.495794 -0.263712 0)
(0.324368 -0.413931 0)
(0.156074 -0.569872 0)
(0.0968045 0.0058447 0)
(0.444367 0.898833 0)
(0.459554 1.45574 0)
(0.850958 1.92728 0)
(1.58494 2.16558 0)
(2.41187 1.88754 0)
(2.97255 0.835902 0)
(2.88646 -0.161481 0)
(2.34223 -0.737597 0)
(1.72293 -0.912525 0)
(1.20806 -0.875911 0)
(0.991588 -0.770396 0)
(0.35433 -0.850661 0)
(0.0865418 -0.647871 0)
(0.235196 -1.5579 0)
(0.426373 -0.154157 0)
(0.392359 -0.17179 0)
(0.290757 -0.25729 0)
(0.0438168 -0.497143 0)
(0.0646143 -0.562575 0)
(0.620501 0.600091 0)
(0.766572 1.21829 0)
(1.06369 1.44843 0)
(1.50834 1.52884 0)
(1.98534 1.32698 0)
(2.28447 0.770916 0)
(2.22756 0.151293 0)
(1.90819 -0.288301 0)
(1.51109 -0.536355 0)
(1.10925 -0.555333 0)
(0.953425 -0.356449 0)
(-0.132869 -0.426037 0)
(0.082453 -0.725811 0)
(0.20993 -1.43594 0)
(0.419325 -0.108324 0)
(0.346132 -0.118696 0)
(0.297736 -0.0927265 0)
(0.0076674 -0.256416 0)
(-0.476288 -0.524452 0)
(-0.213264 0.65036 0)
(0.674455 0.993736 0)
(1.21951 1.41345 0)
(1.55087 1.40943 0)
(1.75153 1.13626 0)
(1.84047 0.728649 0)
(1.80114 0.318555 0)
(1.63054 0.00658808 0)
(1.37814 -0.277798 0)
(1.10417 -0.287279 0)
(0.935102 -0.0178588 0)
(0.383395 0.0173283 0)
(0.200633 -0.673876 0)
(0.191299 -1.29148 0)
(0.346963 -0.0386222 0)
(0.386872 -0.025816 0)
(0.340132 0.0138242 0)
(0.249593 0.0831007 0)
(-0.210369 -0.0244031 0)
(-0.726841 -0.283468 0)
(-0.191154 -0.481793 0)
(0.646185 0.282785 0)
(1.31163 1.06702 0)
(1.41026 1.12029 0)
(1.39769 0.754705 0)
(1.38094 0.372948 0)
(1.23278 0.277717 0)
(0.864148 -0.327791 0)
(0.603851 0.00438645 0)
(0.448108 0.407614 0)
(0.26783 0.102463 0)
(0.305114 -0.631801 0)
(0.193801 -1.1142 0)
(-0.222934 -0.298024 0)
(0.190253 -0.0768224 0)
(0.363037 0.0588138 0)
(0.404137 0.180175 0)
(0.31422 0.248785 0)
(0.104753 0.249111 0)
(-0.18124 0.168652 0)
(-0.934562 0.262376 0)
(-0.197335 0.512833 0)
(0.510798 0.700662 0)
(0.778075 0.642694 0)
(0.729592 0.567279 0)
(0.842892 0.571901 0)
(0.272684 0.247404 0)
(0.108748 0.200875 0)
(0.126777 0.209599 0)
(0.354094 -0.0607223 0)
(0.416295 -0.522138 0)
(0.211774 -0.885045 0)
(-0.155509 -0.536623 0)
(-0.27069 -0.459552 0)
(0.0486164 -0.145642 0)
(0.335034 0.114293 0)
(0.482132 0.242372 0)
(0.525014 0.315558 0)
(0.455849 0.344984 0)
(0.341042 0.357983 0)
(0.227216 0.421436 0)
(0.216391 0.52475 0)
(0.333692 0.542801 0)
(0.442931 0.487244 0)
(0.570695 0.428509 0)
(0.655417 0.317952 0)
(0.673543 0.233164 0)
(0.694229 0.160866 0)
(0.705247 -0.0115098 0)
(0.57645 -0.338729 0)
(0.254473 -0.587249 0)
(0.364838 0.269632 0)
(0.272075 -0.247959 0)
(-0.335933 -0.459527 0)
(-0.183951 -0.205997 0)
(0.318318 0.0951465 0)
(0.536318 0.235472 0)
(0.652115 0.303252 0)
(0.707058 0.353235 0)
(0.724861 0.388201 0)
(0.729824 0.434771 0)
(0.781836 0.45171 0)
(0.868112 0.417858 0)
(0.958138 0.354851 0)
(1.03362 0.271031 0)
(1.06611 0.208725 0)
(1.04368 0.177146 0)
(0.948384 0.108532 0)
(0.699185 -0.065314 0)
(0.279709 -0.217157 0)
(0.375222 0.144828 0)
(0.419592 0.0993614 0)
(0.26205 0.0733365 0)
(0.177326 -0.441456 0)
(0.0129861 -0.400798 0)
(0.179525 0.027284 0)
(0.524217 0.207641 0)
(0.710333 0.298391 0)
(0.822677 0.357571 0)
(0.894942 0.403538 0)
(0.964483 0.404873 0)
(1.03663 0.360346 0)
(1.09968 0.292894 0)
(1.15301 0.219188 0)
(1.19143 0.176598 0)
(1.16461 0.193734 0)
(0.996686 0.267106 0)
(0.659676 0.2514 0)
(0.239081 0.187997 0)
(0.0682953 0.00608569 0)
(0.103015 -0.0882893 0)
(0.212781 -0.101588 0)
(0.201584 -0.110648 0)
(0.0431173 -0.11508 0)
(0.0888854 -0.0805684 0)
(0.0866157 -0.242618 0)
(0.363841 0.0360219 0)
(0.610877 0.25084 0)
(0.805733 0.357096 0)
(0.943273 0.352457 0)
(1.01568 0.295964 0)
(1.00187 0.232383 0)
(0.756079 0.217268 0)
(0.322787 0.329604 0)
(0.474069 0.469122 0)
(0.481589 0.581028 0)
(0.338301 0.528226 0)
(0.120444 0.481193 0)
(-0.127608 -0.0722514 0)
(-0.0510379 -0.0550122 0)
(0.00193721 -0.0762043 0)
(-0.0387963 -0.175846 0)
(-0.169372 -0.132235 0)
(-0.23268 -0.0567131 0)
(-0.357303 -0.0916079 0)
(-0.424404 -0.0689467 0)
(-0.372193 0.0727313 0)
(-0.329017 0.138462 0)
(-0.769914 0.223546 0)
(-1.5486 0.461782 0)
(-1.54413 0.761179 0)
(-1.82672 0.580821 0)
(-1.12301 -0.0900458 0)
(-0.618755 0.0197667 0)
(-0.0491788 0.432858 0)
(0.0173928 0.570484 0)
(0.0342053 0.607364 0)
(-0.351726 -0.184275 0)
(-0.33231 -0.150002 0)
(-0.354607 -0.0826369 0)
(-0.446221 -0.01095 0)
(-0.530749 0.0324636 0)
(-0.585047 0.0134532 0)
(-0.642107 -0.0365494 0)
(-0.70485 0.00410699 0)
(-0.766453 0.185716 0)
(-0.916156 0.518211 0)
(-1.43789 0.845138 0)
(-1.99224 0.873638 0)
(-1.53928 0.466485 0)
(-0.82322 -0.291387 0)
(-0.620651 -0.349174 0)
(-0.471828 -0.153023 0)
(-0.253621 0.143205 0)
(-0.128801 0.488304 0)
(0.0120132 0.582338 0)
(-0.468709 -0.131243 0)
(-0.513051 -0.0690491 0)
(-0.55455 -0.014043 0)
(-0.588194 0.0207415 0)
(-0.611706 0.0394749 0)
(-0.63131 0.0288072 0)
(-0.668677 0.0109171 0)
(-0.739039 0.0820146 0)
(-0.836694 0.357288 0)
(-0.989124 0.815844 0)
(-1.31054 1.12628 0)
(-1.64088 0.906902 0)
(-1.3169 0.148632 0)
(-0.803695 -0.452921 0)
(-0.623896 -0.457779 0)
(-0.446123 -0.274099 0)
(-0.294528 -0.0184315 0)
(-0.148771 0.346875 0)
(0.0314557 0.50069 0)
(-0.437057 -0.1007 0)
(-0.486031 -0.0512092 0)
(-0.522394 0.000496564 0)
(-0.547063 0.0386197 0)
(-0.559681 0.0530803 0)
(-0.572766 0.051244 0)
(-0.606261 0.0612484 0)
(-0.662626 0.156032 0)
(-0.715012 0.449766 0)
(-0.741204 0.929719 0)
(-0.764587 1.21412 0)
(-0.78168 0.879578 0)
(-0.732521 0.0677049 0)
(-0.822877 -1.01105 0)
(-0.714525 -0.818068 0)
(-0.481822 -0.455327 0)
(-0.240821 -0.187574 0)
(-0.106016 0.182607 0)
(0.0734993 0.459627 0)
(-0.380092 -0.0502945 0)
(-0.418957 -0.0065197 0)
(-0.451585 0.0309361 0)
(-0.474042 0.0543911 0)
(-0.487289 0.0645057 0)
(-0.499616 0.0704498 0)
(-0.520065 0.0976566 0)
(-0.546256 0.195087 0)
(-0.54158 0.447615 0)
(-0.456687 0.869001 0)
(-0.296631 1.14856 0)
(-0.129861 0.798651 0)
(-0.354419 0.239546 0)
(-0.501982 -0.436164 0)
(-0.600821 -0.86147 0)
(-0.392774 -0.734525 0)
(-0.0849357 -0.483379 0)
(-0.107708 0.0790224 0)
(0.111139 0.453147 0)
(-0.340398 -0.0229297 0)
(-0.367818 0.0177948 0)
(-0.392082 0.0527009 0)
(-0.411643 0.0719833 0)
(-0.42387 0.0766899 0)
(-0.428873 0.0810472 0)
(-0.429541 0.110841 0)
(-0.426044 0.198797 0)
(-0.390705 0.388696 0)
(-0.268121 0.703566 0)
(-0.0658651 0.983823 0)
(0.190399 0.802512 0)
(-0.16557 0.364064 0)
(-0.0627302 -0.54238 0)
(-0.174035 -0.884878 0)
(-0.161515 -0.758074 0)
(0.00363153 -0.594689 0)
(-0.100194 -0.0285605 0)
(0.0914449 0.464257 0)
(-0.307978 0.00111007 0)
(-0.328859 0.0378705 0)
(-0.346155 0.0688968 0)
(-0.359701 0.083749 0)
(-0.366029 0.0818657 0)
(-0.361329 0.0785892 0)
(-0.344975 0.101294 0)
(-0.318292 0.17678 0)
(-0.269561 0.31912 0)
(-0.159026 0.528054 0)
(0.0274898 0.75628 0)
(0.320087 0.795846 0)
(0.160168 0.444888 0)
(0.275623 -0.493606 0)
(0.0329448 -0.808761 0)
(-0.0556906 -0.700739 0)
(-0.0535066 -0.571891 0)
(-0.140941 0.0319351 0)
(0.0513539 0.444534 0)
(-0.278924 0.0192497 0)
(-0.294821 0.0521948 0)
(-0.306549 0.0796206 0)
(-0.314252 0.0896807 0)
(-0.314438 0.0801929 0)
(-0.302364 0.0662042 0)
(-0.275751 0.0763667 0)
(-0.236084 0.13716 0)
(-0.182051 0.253004 0)
(-0.0952216 0.398983 0)
(0.0386183 0.540672 0)
(0.27976 0.660469 0)
(0.328877 0.370658 0)
(0.263774 -0.266958 0)
(-0.0639576 -0.661158 0)
(-0.106168 -0.663564 0)
(-0.102683 -0.567263 0)
(-0.215233 -0.0391593 0)
(0.0408267 0.4081 0)
(-0.25324 0.0333323 0)
(-0.265052 0.0621668 0)
(-0.272131 0.0855211 0)
(-0.27505 0.0908647 0)
(-0.270648 0.0737391 0)
(-0.254132 0.0482012 0)
(-0.223619 0.0449588 0)
(-0.182562 0.0930277 0)
(-0.135659 0.194252 0)
(-0.0779038 0.316359 0)
(-0.000682494 0.411454 0)
(0.107298 0.496818 0)
(0.230582 0.365024 0)
(0.0552206 -0.060881 0)
(-0.115596 -0.555352 0)
(-0.163076 -0.670461 0)
(-0.0883482 -0.482599 0)
(-0.354477 -0.0391669 0)
(0.0181687 0.277376 0)
(-0.230639 0.0443537 0)
(-0.239517 0.0687975 0)
(-0.243383 0.0877743 0)
(-0.242973 0.0885481 0)
(-0.235591 0.0641206 0)
(-0.217178 0.0275707 0)
(-0.187741 0.0134681 0)
(-0.153354 0.055504 0)
(-0.12127 0.153426 0)
(-0.0930782 0.273598 0)
(-0.0626569 0.371716 0)
(-0.0677005 0.43255 0)
(-0.0288514 0.41008 0)
(-0.0887076 0.13617 0)
(-0.288278 -0.55176 0)
(-0.245911 -0.682177 0)
(-0.117736 -0.373238 0)
(-0.377818 -0.153081 0)
(-0.0115129 -0.00887436 0)
(-0.210992 0.0532279 0)
(-0.21807 0.0733488 0)
(-0.220252 0.0879066 0)
(-0.218273 0.0842616 0)
(-0.209891 0.0531506 0)
(-0.192395 0.00728411 0)
(-0.167978 -0.0135173 0)
(-0.144037 0.0289614 0)
(-0.127026 0.133054 0)
(-0.121364 0.263854 0)
(-0.131298 0.388383 0)
(-0.208577 0.486625 0)
(-0.290534 0.488597 0)
(-0.44616 0.0976598 0)
(-0.504887 -0.58605 0)
(-0.375095 -0.741096 0)
(-0.226574 -0.363592 0)
(-0.322129 -0.218815 0)
(-0.0135861 -0.0600984 0)
(-0.194134 0.0607913 0)
(-0.200374 0.0769932 0)
(-0.202085 0.0873998 0)
(-0.200024 0.079812 0)
(-0.192668 0.0432442 0)
(-0.178491 -0.00942184 0)
(-0.161353 -0.0330929 0)
(-0.14796 0.0139586 0)
(-0.142089 0.127832 0)
(-0.15 0.277139 0)
(-0.186981 0.441917 0)
(-0.296693 0.5962 0)
(-0.427009 0.619289 0)
(-0.53639 0.239503 0)
(-0.460022 -0.45329 0)
(-0.545406 -0.932285 0)
(-0.304341 -0.499941 0)
(-0.244128 -0.238935 0)
(-0.145991 -0.325439 0)
(-0.179805 0.0677197 0)
(-0.18584 0.0804483 0)
(-0.187744 0.0872882 0)
(-0.186632 0.0765879 0)
(-0.181459 0.0359236 0)
(-0.171558 -0.0210753 0)
(-0.162579 -0.0445995 0)
(-0.157 0.00850564 0)
(-0.155444 0.132344 0)
(-0.169449 0.304972 0)
(-0.22289 0.516978 0)
(-0.355434 0.717421 0)
(-0.511822 0.720354 0)
(-0.573898 0.281095 0)
(-0.571329 -0.570948 0)
(-0.524853 -0.850143 0)
(-0.26035 -0.585207 0)
(-0.0703291 -0.369238 0)
(-0.0137391 -0.457361 0)
(-0.167488 0.0744172 0)
(-0.173544 0.0841534 0)
(-0.176201 0.0881758 0)
(-0.17707 0.0752846 0)
(-0.174647 0.0315007 0)
(-0.169543 -0.0276015 0)
(-0.167174 -0.0499262 0)
(-0.164289 0.00430545 0)
(-0.161474 0.132865 0)
(-0.178497 0.333006 0)
(-0.248324 0.599593 0)
(-0.395762 0.843429 0)
(-0.538751 0.849955 0)
(-0.698888 0.322276 0)
(-0.896356 -0.789177 0)
(-0.623963 -1.0356 0)
(-0.375986 -0.791438 0)
(-0.0545227 -0.5137 0)
(0.0560337 -0.352455 0)
(-0.156549 0.0811018 0)
(-0.162882 0.0884121 0)
(-0.166952 0.0907034 0)
(-0.171006 0.0765372 0)
(-0.172496 0.0304305 0)
(-0.17229 -0.0290045 0)
(-0.173219 -0.0507231 0)
(-0.173525 0.000694712 0)
(-0.176511 0.135993 0)
(-0.202299 0.376499 0)
(-0.283778 0.704472 0)
(-0.42421 0.979564 0)
(-0.555813 0.960437 0)
(-0.686147 0.397294 0)
(-0.679524 -0.624039 0)
(-0.72387 -1.38722 0)
(-0.513893 -1.04871 0)
(-0.238787 -0.770251 0)
(-0.00283781 -0.442895 0)
(-0.14626 0.0880782 0)
(-0.153069 0.0938546 0)
(-0.1594 0.0958238 0)
(-0.167948 0.0816963 0)
(-0.174545 0.0340149 0)
(-0.17719 -0.0261372 0)
(-0.177596 -0.046314 0)
(-0.189543 0.00621777 0)
(-0.215244 0.154559 0)
(-0.249111 0.439567 0)
(-0.316966 0.811923 0)
(-0.410206 1.08794 0)
(-0.47339 1.02485 0)
(-0.456517 0.446394 0)
(-0.278782 -0.529325 0)
(-0.599893 -1.26529 0)
(-0.487941 -1.27363 0)
(-0.29904 -1.05571 0)
(-0.128463 -0.575995 0)
(-0.135128 0.095446 0)
(-0.14255 0.1008 0)
(-0.151071 0.103808 0)
(-0.163838 0.0909417 0)
(-0.176829 0.0403131 0)
(-0.181047 -0.0238123 0)
(-0.17818 -0.0352099 0)
(-0.201498 0.0356684 0)
(-0.256948 0.193985 0)
(-0.297351 0.493989 0)
(-0.326064 0.87703 0)
(-0.346262 1.1207 0)
(-0.313062 0.9876 0)
(-0.215392 0.366671 0)
(-0.0659925 -0.561326 0)
(-0.246676 -1.14323 0)
(-0.253399 -1.17688 0)
(-0.212984 -1.30504 0)
(-0.0999194 -0.828196 0)
(-0.121536 0.103048 0)
(-0.129187 0.108968 0)
(-0.139046 0.114246 0)
(-0.154358 0.104479 0)
(-0.173397 0.0491448 0)
(-0.180826 -0.0251408 0)
(-0.177459 -0.0241518 0)
(-0.196293 0.080988 0)
(-0.270998 0.246612 0)
(-0.327806 0.521567 0)
(-0.307253 0.875347 0)
(-0.252121 1.06737 0)
(-0.135154 0.879156 0)
(0.0127072 0.261761 0)
(0.178596 -0.55181 0)
(0.104315 -1.10796 0)
(0.263351 -1.10998 0)
(-0.016446 -1.12576 0)
(0.0853921 -0.943466 0)
(-0.104185 0.110445 0)
(-0.111194 0.117493 0)
(-0.120619 0.125241 0)
(-0.135301 0.121548 0)
(-0.158306 0.0650977 0)
(-0.176779 -0.0240765 0)
(-0.191893 -0.0228143 0)
(-0.201647 0.110425 0)
(-0.259093 0.298054 0)
(-0.326891 0.526723 0)
(-0.278151 0.808919 0)
(-0.156292 0.947099 0)
(0.0124514 0.72779 0)
(0.188427 0.108924 0)
(0.30791 -0.574226 0)
(0.253817 -1.08655 0)
(0.288204 -1.24706 0)
(0.252317 -0.998064 0)
(0.186367 -0.79989 0)
(-0.0835933 0.116507 0)
(-0.088957 0.125062 0)
(-0.0961738 0.134558 0)
(-0.108175 0.139837 0)
(-0.136217 0.0961644 0)
(-0.185248 0.00483786 0)
(-0.241766 0.0021925 0)
(-0.250354 0.147398 0)
(-0.2522 0.34883 0)
(-0.296195 0.534415 0)
(-0.258645 0.712348 0)
(-0.105417 0.780427 0)
(0.0818233 0.547415 0)
(0.23816 -0.0295174 0)
(0.337768 -0.622672 0)
(0.343678 -1.09846 0)
(0.41296 -1.46664 0)
(0.397527 -0.743687 0)
(0.189227 -0.575223 0)
(-0.0625935 0.119892 0)
(-0.0652011 0.130099 0)
(-0.0682407 0.141163 0)
(-0.0754134 0.155384 0)
(-0.0963906 0.141991 0)
(-0.159001 0.0719163 0)
(-0.254024 0.0308531 0)
(-0.287582 0.137474 0)
(-0.257565 0.355118 0)
(-0.248995 0.539688 0)
(-0.231699 0.63747 0)
(-0.101391 0.623766 0)
(0.0838045 0.386354 0)
(0.261045 -0.130434 0)
(0.260233 -0.62149 0)
(0.397691 -1.06871 0)
(0.0257598 -1.66042 0)
(0.372334 -0.607576 0)
(0.196958 -0.341851 0)
(-0.0455612 0.119793 0)
(-0.0445205 0.130723 0)
(-0.0415491 0.143301 0)
(-0.0427807 0.161494 0)
(-0.0459142 0.173286 0)
(-0.0837506 0.15305 0)
(-0.177995 0.114975 0)
(-0.262376 0.148556 0)
(-0.273642 0.321721 0)
(-0.226087 0.521492 0)
(-0.191089 0.592798 0)
(-0.0738716 0.483345 0)
(0.134881 0.162155 0)
(0.282296 -0.226606 0)
(0.295209 -0.661483 0)
(0.542889 -0.965991 0)
(-0.150364 -1.32512 0)
(0.244756 -0.675657 0)
(0.212345 -0.149842 0)
(-0.0352348 0.116392 0)
(-0.0309362 0.126643 0)
(-0.0223833 0.139697 0)
(-0.0174991 0.156655 0)
(-0.003473 0.177545 0)
(-0.00602506 0.195315 0)
(-0.0499555 0.19455 0)
(-0.0985474 0.208965 0)
(-0.157021 0.304162 0)
(-0.137247 0.453627 0)
(-0.0402883 0.475685 0)
(0.143913 0.283192 0)
(0.318885 0.030542 0)
(0.419321 -0.303303 0)
(0.631128 -0.78538 0)
(0.79048 -0.930263 0)
(0.671176 -0.921805 0)
(0.0709234 -0.97888 0)
(0.218391 0.0419053 0)
(-0.0304547 0.110939 0)
(-0.0241075 0.119444 0)
(-0.0126738 0.131148 0)
(-0.0025751 0.143781 0)
(0.0203558 0.162255 0)
(0.0404579 0.192742 0)
(0.0544258 0.209404 0)
(0.0803027 0.238967 0)
(0.0951742 0.313239 0)
(0.122397 0.394935 0)
(0.247326 0.354323 0)
(0.411595 0.175985 0)
(0.50262 -0.0752458 0)
(0.670968 -0.492852 0)
(0.869198 -0.919526 0)
(0.861275 -0.963831 0)
(0.794051 -0.758439 0)
(0.316973 -0.607593 0)
(0.212063 0.209783 0)
(-0.0278497 0.104742 0)
(-0.0207354 0.111058 0)
(-0.00896073 0.119851 0)
(0.0046502 0.127723 0)
(0.027248 0.138705 0)
(0.0570067 0.162368 0)
(0.103665 0.169253 0)
(0.168773 0.189952 0)
(0.251457 0.258147 0)
(0.344203 0.308729 0)
(0.473556 0.248249 0)
(0.584427 0.0879175 0)
(0.66543 -0.172747 0)
(0.84755 -0.589794 0)
(0.923378 -0.949952 0)
(0.827406 -0.895957 0)
(0.749199 -0.625222 0)
(0.252934 -0.177811 0)
(0.21514 0.369362 0)
(-0.0249659 0.0986133 0)
(-0.0179444 0.102647 0)
(-0.00700168 0.108033 0)
(0.00739054 0.111525 0)
(0.0274279 0.116132 0)
(0.0588098 0.123703 0)
(0.107282 0.112797 0)
(0.171277 0.116518 0)
(0.257204 0.158881 0)
(0.372844 0.183192 0)
(0.502214 0.130764 0)
(0.634349 -0.0207157 0)
(0.78884 -0.270201 0)
(0.949721 -0.742365 0)
(0.893716 -0.907349 0)
(0.725519 -0.788607 0)
(0.666649 -0.487985 0)
(0.156973 0.20719 0)
(0.230857 0.500962 0)
(-0.0216525 0.0926141 0)
(-0.0154381 0.0946801 0)
(-0.00591225 0.0966861 0)
(0.00786893 0.0960044 0)
(0.0242925 0.0948527 0)
(0.0568847 0.0907369 0)
(0.0894863 0.0672076 0)
(0.142967 0.0563915 0)
(0.219103 0.0740849 0)
(0.324362 0.0684558 0)
(0.468734 -0.0077506 0)
(0.65043 -0.176749 0)
(0.859318 -0.403969 0)
(0.927658 -0.72636 0)
(0.811473 -0.760614 0)
(0.594048 -0.657848 0)
(0.54334 -0.310088 0)
(0.0404052 0.649398 0)
(0.256033 0.610911 0)
(-0.0182518 0.0876945 0)
(-0.0133473 0.0879444 0)
(-0.00598363 0.0867328 0)
(0.00581881 0.0822442 0)
(0.0183252 0.0741324 0)
(0.048073 0.063715 0)
(0.0707148 0.0323019 0)
(0.111571 0.0025162 0)
(0.178242 -0.00196016 0)
(0.279236 -0.0500877 0)
(0.422901 -0.177629 0)
(0.591614 -0.357367 0)
(0.75202 -0.53476 0)
(0.808732 -0.696416 0)
(0.740393 -0.603 0)
(0.547839 -0.535034 0)
(0.425491 -0.12762 0)
(-0.0479412 0.785659 0)
(0.281066 0.701206 0)
(-0.0145895 0.084785 0)
(-0.0114481 0.0835284 0)
(-0.00636397 0.0797076 0)
(0.00197682 0.0722167 0)
(0.0118617 0.0589894 0)
(0.0320006 0.0423326 0)
(0.0551928 0.00686614 0)
(0.0794596 -0.0355631 0)
(0.136383 -0.0701548 0)
(0.225001 -0.160116 0)
(0.331063 -0.314164 0)
(0.440509 -0.486445 0)
(0.533145 -0.631725 0)
(0.632982 -0.708366 0)
(0.688556 -0.500868 0)
(0.539614 -0.323139 0)
(0.387698 0.0520444 0)
(-0.0448356 0.879938 0)
(0.301616 0.756871 0)
(-0.0094255 0.0843996 0)
(-0.00781423 0.0821337 0)
(-0.00482343 0.0767005 0)
(0.00038457 0.0670486 0)
(0.00764239 0.0505628 0)
(0.0199947 0.0270598 0)
(0.0386283 -0.0120835 0)
(0.0535505 -0.0636288 0)
(0.0947672 -0.123123 0)
(0.149368 -0.229706 0)
(0.202077 -0.384845 0)
(0.251998 -0.553933 0)
(0.327826 -0.71122 0)
(0.381734 -0.828157 0)
(0.560975 -0.500174 0)
(0.522469 -0.168143 0)
(0.426031 0.15481 0)
(0.0512743 0.94877 0)
(0.322571 0.848397 0)
(-0.00269046 0.082378 0)
(-0.00205897 0.0794212 0)
(-0.000677857 0.0728417 0)
(0.00155461 0.061519 0)
(0.00471484 0.0426908 0)
(0.0101315 0.0154468 0)
(0.01721 -0.0262828 0)
(0.0241093 -0.0821491 0)
(0.0390009 -0.14951 0)
(0.0556345 -0.257876 0)
(0.0677764 -0.411273 0)
(0.0764185 -0.586719 0)
(0.107838 -0.759051 0)
(0.122595 -0.949514 0)
(0.252327 -0.626102 0)
(0.370822 -0.194991 0)
(0.405154 0.329749 0)
(-0.0171936 1.14247 0)
(0.344927 1.07785 0)
)
;

boundaryField
{
    leftWall
    {
        type            noSlip;
    }
    rightWall
    {
        type            noSlip;
    }
    lowerWall
    {
        type            noSlip;
    }
    atmosphere
    {
        type            pressureInletOutletVelocity;
        value           nonuniform List<vector> 
46
(
(0.00113742 0.0359987 0)
(0.000577766 0.0283153 0)
(-0.000192049 0.030727 0)
(-5.06508e-05 0.0295992 0)
(-0.000531755 0.0307444 0)
(-0.000572208 0.0314963 0)
(-0.000815747 0.032805 0)
(-0.00099309 0.0344303 0)
(-0.00118229 0.0363652 0)
(-0.00132087 0.0385916 0)
(-0.00150711 0.0411165 0)
(-0.00173387 0.0439275 0)
(-0.00193452 0.0469725 0)
(-0.00208821 0.0502252 0)
(-0.00225502 0.0536535 0)
(-0.00249235 0.0572556 0)
(-0.00267748 0.0609838 0)
(-0.00284496 0.0647338 0)
(-0.00302101 0.0684897 0)
(-0.00320436 0.0721163 0)
(-0.00337154 0.0755751 0)
(-0.00342501 0.0786938 0)
(-0.00341459 0.0812859 0)
(-0.00336006 0.0826033 0)
(-0.00328267 0.0831244 0)
(-0.00321093 0.0833424 0)
(-0.00298776 0.0832097 0)
(-0.00269046 0.082378 0)
(-0.00205897 0.0794212 0)
(-0.000677857 0.0728417 0)
(0.00155461 0.061519 0)
(0.00471484 0.0426908 0)
(0.0101315 0.0154468 0)
(0 -0.0262828 0)
(0 -0.0821491 0)
(0 -0.14951 0)
(0 -0.257876 0)
(0 -0.411273 0)
(0 -0.586719 0)
(0 -0.759051 0)
(0 -0.949514 0)
(0 -0.626102 0)
(0 -0.194991 0)
(0.405154 0.329749 0)
(-0.0171936 1.14247 0)
(0.344927 1.07785 0)
)
;
    }
    defaultFaces
    {
        type            empty;
    }
}


// ************************************************************************* //
